01d00h50m-01d02h46m:50,10,55,10,55,25
01d01h40m-01d05h06m:15,03,22,03,22,08,37,08,37,12
01d01h54m-01d03h48m:25,25,30,25,30,30,35,30
01d04h26m-01d05h54m:15,25,15,30,20,30,20,35,30,35,30,40
01d04h37m-01d08h18m:17,15,25,15
01d04h41m-01d05h23m:25,25,30,25,30,30,35,30
01d05h39m-01d06h50m:10,20,40,20,40,35
01d08h03m-01d08h23m:15,40,27,40
01d10h16m-01d12h55m:15,40,27,40
01d12h00m-01d14h54m:17,15,25,15
01d12h45m-01d13h21m:10,20,40,20,40,35
01d13h53m-01d15h41m:05,20,05,35
01d14h35m-01d16h38m:15,40,27,40
01d18h57m-01d19h16m:10,20,40,20,40,35
01d22h31m-01d23h25m:15,40,27,40
02d01h15m-02d03h14m:05,20,05,35
02d01h39m-02d02h24m:25,45,45,45,45,40
02d02h55m-02d04h22m:60,10,60,25
02d04h36m-02d05h38m:25,45,45,45,45,40
02d05h45m-02d06h41m:60,10,60,25
02d08h49m-02d11h26m:05,20,05,35
02d11h41m-02d14h32m:17,15,25,15
02d13h42m-02d15h48m:10,20,40,20,40,35
02d14h36m-02d17h58m:10,20,40,20,40,35
02d14h56m-02d16h37m:10,20,40,20,40,35
02d15h48m-02d18h51m:05,20,05,35
02d17h55m-02d21h48m:15,10,30,10,30,18
02d22h56m-03d01h33m:57,30,57,45
03d00h22m-03d02h40m:42,08,42,15,47,15,47,27,55,27
03d02h13m-03d05h58m:57,30,57,45
03d06h27m-03d08h00m:10,20,40,20,40,35
03d07h07m-03d08h17m:15,25,15,30,20,30,20,35,30,35,30,40
03d10h29m-03d11h16m:05,20,05,35
03d15h15m-03d19h13m:15,25,15,30,20,30,20,35,30,35,30,40
03d20h19m-03d23h22m:08,03,08,23,20,23
03d23h08m-04d02h54m:67,37,67,22
03d23h22m-04d01h27m:60,10,60,25
03d23h44m-04d00h20m:15,03,22,03,22,08,37,08,37,12
04d00h02m-04d03h16m:15,03,22,03,22,08,37,08,37,12
04d00h06m-04d01h46m:17,15,25,15
04d01h38m-04d03h53m:15,25,15,30,20,30,20,35,30,35,30,40
04d02h35m-04d05h43m:15,25,15,30,20,30,20,35,30,35,30,40
04d07h22m-04d10h24m:15,10,30,10,30,18
04d08h04m-04d09h08m:60,10,60,25
04d09h29m-04d11h43m:10,20,40,20,40,35
04d09h35m-04d12h33m:15,25,15,30,20,30,20,35,30,35,30,40
04d11h23m-04d14h21m:15,03,22,03,22,08,37,08,37,12
04d13h46m-04d16h24m:15,03,22,03,22,08,37,08,37,12
04d14h08m-04d15h39m:08,03,08,23,20,23
04d14h38m-04d15h02m:25,25,30,25,30,30,35,30
04d16h58m-04d18h32m:67,37,67,22
04d17h57m-04d21h00m:50,10,55,10,55,25
04d20h21m-04d22h04m:05,20,05,35
04d22h45m-05d01h12m:10,20,40,20,40,35
05d00h51m-05d03h30m:25,45,45,45,45,40
05d01h31m-05d03h05m:15,25,15,30,20,30,20,35,30,35,30,40
05d02h25m-05d02h53m:57,30,57,45
05d02h50m-05d04h15m:15,25,15,30,20,30,20,35,30,35,30,40
05d03h34m-05d04h04m:25,45,45,45,45,40
05d04h20m-05d05h20m:08,03,08,23,20,23
05d08h27m-05d11h05m:25,45,45,45,45,40
05d10h37m-05d10h57m:15,10,30,10,30,18
05d13h21m-05d15h05m:42,08,42,15,47,15,47,27,55,27
05d18h25m-05d20h19m:25,45,45,45,45,40
05d20h40m-05d22h43m:57,30,57,45
05d21h18m-06d00h39m:15,10,30,10,30,18
06d00h21m-06d01h15m:25,25,30,25,30,30,35,30
06d01h46m-06d02h49m:57,30,57,45
06d09h21m-06d11h05m:05,20,05,35
06d10h19m-06d13h14m:67,37,67,22
06d16h22m-06d18h42m:17,15,25,15
06d17h17m-06d19h03m:50,10,55,10,55,25
06d20h30m-06d23h31m:10,20,40,20,40,35
06d21h29m-06d23h53m:50,10,55,10,55,25
06d22h38m-07d01h22m:15,40,27,40
06d23h51m-07d02h26m:25,45,45,45,45,40
07d00h01m-07d01h02m:57,30,57,45
07d00h43m-07d01h05m:25,45,45,45,45,40
07d01h11m-07d02h28m:25,25,30,25,30,30,35,30
07d02h41m-07d03h52m:67,37,67,22
07d03h11m-07d07h07m:57,30,57,45
07d03h36m-07d05h46m:08,03,08,23,20,23
07d07h55m-07d08h48m:10,20,40,20,40,35
07d08h20m-07d10h55m:15,40,27,40
07d08h26m-07d11h09m:50,10,55,10,55,25
07d08h33m-07d11h13m:67,37,67,22
07d09h59m-07d13h23m:05,20,05,35
07d12h27m-07d16h06m:15,25,15,30,20,30,20,35,30,35,30,40
07d14h26m-07d16h06m:05,20,05,35
07d15h35m-07d17h21m:42,08,42,15,47,15,47,27,55,27
07d18h19m-07d19h24m:05,20,05,35
07d18h30m-07d21h37m:60,10,60,25
07d18h35m-07d20h26m:15,10,30,10,30,18
07d19h05m-07d21h56m:67,37,67,22
07d19h21m-07d20h00m:25,45,45,45,45,40
07d19h33m-07d20h59m:15,25,15,30,20,30,20,35,30,35,30,40
07d19h39m-07d19h59m:25,25,30,25,30,30,35,30
07d20h26m-07d22h16m:67,37,67,22
07d21h01m-08d00h12m:10,20,40,20,40,35
07d21h36m-07d22h21m:50,10,55,10,55,25
07d22h22m-08d02h13m:60,10,60,25
07d23h12m-08d00h30m:15,40,27,40
07d23h41m-07d23h58m:15,03,22,03,22,08,37,08,37,12
08d00h56m-08d02h47m:10,20,40,20,40,35
08d00h59m-08d01h21m:42,08,42,15,47,15,47,27,55,27
08d01h41m-08d04h12m:25,25,30,25,30,30,35,30
08d02h22m-08d04h16m:08,03,08,23,20,23
08d02h42m-08d03h38m:15,25,15,30,20,30,20,35,30,35,30,40
08d02h53m-08d05h59m:60,10,60,25
08d04h27m-08d07h18m:15,25,15,30,20,30,20,35,30,35,30,40
08d04h48m-08d05h57m:57,30,57,45
08d04h59m-08d05h16m:67,37,67,22
08d05h00m-08d08h03m:57,30,57,45
08d05h33m-08d06h13m:17,15,25,15
08d05h59m-08d07h54m:05,20,05,35
08d07h06m-08d09h40m:15,10,30,10,30,18
08d08h29m-08d12h05m:15,40,27,40
08d10h04m-08d10h19m:17,15,25,15
08d10h47m-08d14h29m:67,37,67,22
08d10h51m-08d14h48m:17,15,25,15
08d11h05m-08d12h33m:15,25,15,30,20,30,20,35,30,35,30,40
08d11h07m-08d12h36m:42,08,42,15,47,15,47,27,55,27
08d12h33m-08d15h53m:15,40,27,40
08d12h55m-08d13h15m:08,03,08,23,20,23
08d18h28m-08d20h54m:25,25,30,25,30,30,35,30
08d18h55m-08d19h53m:15,40,27,40
08d21h01m-08d23h17m:17,15,25,15
08d21h25m-09d01h24m:25,25,30,25,30,30,35,30
08d21h53m-09d01h06m:67,37,67,22
08d21h54m-09d00h55m:60,10,60,25
08d22h32m-08d23h24m:05,20,05,35
09d03h46m-09d05h34m:15,10,30,10,30,18
09d10h24m-09d14h08m:25,45,45,45,45,40
09d11h39m-09d15h02m:05,20,05,35
09d13h03m-09d14h06m:15,25,15,30,20,30,20,35,30,35,30,40
09d14h03m-09d15h12m:25,25,30,25,30,30,35,30
09d14h41m-09d15h33m:08,03,08,23,20,23
09d14h44m-09d17h37m:10,20,40,20,40,35
09d16h02m-09d16h46m:17,15,25,15
09d16h34m-09d17h57m:42,08,42,15,47,15,47,27,55,27
09d17h41m-09d18h43m:15,03,22,03,22,08,37,08,37,12
09d17h43m-09d20h07m:08,03,08,23,20,23
09d19h06m-09d23h01m:15,10,30,10,30,18
09d19h21m-09d23h08m:50,10,55,10,55,25
09d19h36m-09d19h59m:17,15,25,15
09d20h36m-09d22h02m:08,03,08,23,20,23
09d21h51m-10d00h26m:25,25,30,25,30,30,35,30
09d22h59m-10d01h43m:67,37,67,22
09d23h27m-10d01h22m:15,40,27,40
10d00h58m-10d02h16m:60,10,60,25
10d04h30m-10d05h00m:15,25,15,30,20,30,20,35,30,35,30,40
10d08h07m-10d09h33m:15,40,27,40
10d09h03m-10d09h55m:42,08,42,15,47,15,47,27,55,27
10d09h17m-10d09h55m:15,03,22,03,22,08,37,08,37,12
10d14h36m-10d17h23m:15,10,30,10,30,18
10d15h29m-10d18h41m:42,08,42,15,47,15,47,27,55,27
10d17h03m-10d18h35m:42,08,42,15,47,15,47,27,55,27
10d17h05m-10d20h20m:08,03,08,23,20,23
10d17h34m-10d21h13m:17,15,25,15
10d21h11m-11d00h36m:08,03,08,23,20,23
10d22h47m-11d02h38m:10,20,40,20,40,35
10d23h39m-11d01h21m:15,25,15,30,20,30,20,35,30,35,30,40
11d00h10m-11d03h35m:50,10,55,10,55,25
11d00h46m-11d03h22m:25,45,45,45,45,40
11d02h26m-11d02h56m:15,40,27,40
11d02h27m-11d03h36m:60,10,60,25
11d02h31m-11d02h57m:15,25,15,30,20,30,20,35,30,35,30,40
11d03h17m-11d03h49m:08,03,08,23,20,23
11d03h54m-11d07h44m:05,20,05,35
11d04h55m-11d06h24m:15,10,30,10,30,18
11d05h03m-11d06h47m:17,15,25,15
11d05h32m-11d09h32m:50,10,55,10,55,25
11d06h42m-11d09h54m:60,10,60,25
11d07h12m-11d10h18m:17,15,25,15
11d07h51m-11d08h06m:05,20,05,35
11d11h53m-11d14h42m:67,37,67,22
11d12h21m-11d15h34m:15,03,22,03,22,08,37,08,37,12
11d12h40m-11d15h22m:50,10,55,10,55,25
11d16h36m-11d19h11m:25,25,30,25,30,30,35,30
11d17h26m-11d18h31m:08,03,08,23,20,23
11d17h51m-11d18h54m:15,40,27,40
11d19h04m-11d21h59m:15,03,22,03,22,08,37,08,37,12
11d19h59m-11d22h39m:15,03,22,03,22,08,37,08,37,12
11d20h10m-11d23h36m:67,37,67,22
11d23h23m-12d01h09m:10,20,40,20,40,35
12d00h30m-12d02h59m:50,10,55,10,55,25
12d01h24m-12d04h02m:15,10,30,10,30,18
12d01h50m-12d05h14m:25,45,45,45,45,40
12d02h23m-12d04h03m:60,10,60,25
12d02h51m-12d04h36m:50,10,55,10,55,25
12d02h59m-12d06h24m:17,15,25,15
12d03h21m-12d06h34m:50,10,55,10,55,25
12d03h34m-12d05h51m:05,20,05,35
12d03h44m-12d06h15m:08,03,08,23,20,23
12d04h55m-12d06h18m:10,20,40,20,40,35
12d05h33m-12d06h37m:17,15,25,15
12d06h52m-12d08h07m:25,25,30,25,30,30,35,30
12d07h06m-12d08h37m:15,40,27,40
12d09h52m-12d13h50m:08,03,08,23,20,23
12d12h25m-12d14h40m:15,03,22,03,22,08,37,08,37,12
12d14h37m-12d15h47m:15,03,22,03,22,08,37,08,37,12
12d14h39m-12d18h01m:25,45,45,45,45,40
12d15h08m-12d16h57m:50,10,55,10,55,25
12d15h33m-12d19h06m:15,03,22,03,22,08,37,08,37,12
12d15h48m-12d17h11m:57,30,57,45
12d16h05m-12d18h25m:42,08,42,15,47,15,47,27,55,27
12d17h56m-12d20h42m:15,03,22,03,22,08,37,08,37,12
12d18h06m-12d19h25m:25,25,30,25,30,30,35,30
12d21h12m-12d23h24m:25,45,45,45,45,40
12d21h13m-13d00h59m:67,37,67,22
12d21h51m-12d22h11m:50,10,55,10,55,25
12d22h30m-13d00h46m:25,25,30,25,30,30,35,30
13d00h07m-13d02h18m:10,20,40,20,40,35
13d02h17m-13d04h07m:15,10,30,10,30,18
13d02h30m-13d06h30m:15,40,27,40
13d03h03m-13d03h42m:60,10,60,25
13d03h34m-13d04h41m:25,25,30,25,30,30,35,30
13d08h15m-13d10h05m:05,20,05,35
13d08h24m-13d11h06m:25,25,30,25,30,30,35,30
13d08h43m-13d11h54m:15,10,30,10,30,18
13d08h50m-13d11h32m:15,03,22,03,22,08,37,08,37,12
13d11h32m-13d12h44m:42,08,42,15,47,15,47,27,55,27
13d12h24m-13d15h20m:25,25,30,25,30,30,35,30
13d13h09m-13d16h08m:15,25,15,30,20,30,20,35,30,35,30,40
13d13h31m-13d16h37m:15,03,22,03,22,08,37,08,37,12
13d13h50m-13d17h07m:15,25,15,30,20,30,20,35,30,35,30,40
13d14h14m-13d15h59m:50,10,55,10,55,25
13d14h41m-13d15h02m:57,30,57,45
13d15h12m-13d18h13m:57,30,57,45
13d18h04m-13d21h28m:67,37,67,22
13d20h25m-13d21h12m:67,37,67,22
13d20h57m-13d23h40m:15,03,22,03,22,08,37,08,37,12
13d21h23m-14d01h10m:15,03,22,03,22,08,37,08,37,12
13d22h14m-14d01h10m:15,40,27,40
14d02h58m-14d04h53m:15,25,15,30,20,30,20,35,30,35,30,40
14d06h18m-14d10h06m:10,20,40,20,40,35
14d07h35m-14d10h36m:50,10,55,10,55,25
14d11h25m-14d15h05m:17,15,25,15
14d15h41m-14d19h17m:50,10,55,10,55,25
14d17h11m-14d20h59m:50,10,55,10,55,25
14d17h17m-14d20h09m:25,25,30,25,30,30,35,30
14d17h42m-14d19h52m:25,45,45,45,45,40
14d18h38m-14d21h55m:57,30,57,45
14d19h33m-14d21h02m:05,20,05,35
14d23h20m-14d23h57m:57,30,57,45
14d23h48m-15d00h32m:15,10,30,10,30,18
15d00h23m-15d04h17m:15,40,27,40
15d02h40m-15d06h26m:17,15,25,15
15d03h42m-15d04h34m:15,40,27,40
15d08h32m-15d09h37m:25,45,45,45,45,40
15d09h23m-15d11h44m:17,15,25,15
15d10h15m-15d12h13m:15,40,27,40
15d11h08m-15d13h12m:15,40,27,40
15d11h32m-15d13h25m:05,20,05,35
15d12h03m-15d15h39m:15,03,22,03,22,08,37,08,37,12
15d12h12m-15d12h41m:50,10,55,10,55,25
15d12h47m-15d14h00m:67,37,67,22
15d13h12m-15d13h41m:15,10,30,10,30,18
15d13h54m-15d17h20m:50,10,55,10,55,25
15d15h13m-15d16h02m:15,03,22,03,22,08,37,08,37,12
15d15h34m-15d18h27m:67,37,67,22
15d16h06m-15d19h57m:08,03,08,23,20,23
15d17h08m-15d18h11m:25,25,30,25,30,30,35,30
15d19h17m-15d21h53m:42,08,42,15,47,15,47,27,55,27
15d20h17m-15d22h30m:25,45,45,45,45,40
15d23h56m-16d01h38m:25,25,30,25,30,30,35,30
16d03h40m-16d07h06m:50,10,55,10,55,25
16d06h01m-16d06h51m:15,25,15,30,20,30,20,35,30,35,30,40
16d08h58m-16d11h21m:15,03,22,03,22,08,37,08,37,12
16d09h26m-16d10h37m:17,15,25,15
16d10h25m-16d11h39m:50,10,55,10,55,25
16d13h11m-16d14h38m:42,08,42,15,47,15,47,27,55,27
16d13h16m-16d16h40m:67,37,67,22
16d15h11m-16d18h35m:60,10,60,25
16d18h33m-16d21h27m:60,10,60,25
16d18h45m-16d20h40m:15,40,27,40
16d20h28m-17d00h18m:57,30,57,45
16d20h36m-16d22h05m:10,20,40,20,40,35
16d21h44m-16d22h03m:67,37,67,22
17d00h04m-17d01h54m:10,20,40,20,40,35
17d03h04m-17d03h33m:57,30,57,45
17d04h15m-17d06h19m:50,10,55,10,55,25
17d04h28m-17d07h33m:15,25,15,30,20,30,20,35,30,35,30,40
17d05h52m-17d08h15m:15,25,15,30,20,30,20,35,30,35,30,40
17d06h11m-17d09h42m:05,20,05,35
17d07h56m-17d08h28m:42,08,42,15,47,15,47,27,55,27
17d08h02m-17d11h02m:05,20,05,35
17d08h28m-17d08h44m:17,15,25,15
17d09h18m-17d12h04m:42,08,42,15,47,15,47,27,55,27
17d10h08m-17d12h35m:15,10,30,10,30,18
17d10h38m-17d12h26m:60,10,60,25
17d11h48m-17d13h37m:15,40,27,40
17d12h07m-17d12h24m:15,03,22,03,22,08,37,08,37,12
17d13h04m-17d13h23m:67,37,67,22
17d19h11m-17d20h41m:17,15,25,15
17d19h27m-17d22h21m:05,20,05,35
17d20h47m-18d00h38m:17,15,25,15
17d21h09m-17d23h29m:08,03,08,23,20,23
17d21h29m-18d01h07m:50,10,55,10,55,25
17d22h53m-18d00h03m:08,03,08,23,20,23
18d04h18m-18d04h57m:42,08,42,15,47,15,47,27,55,27
18d04h48m-18d07h29m:05,20,05,35
18d06h44m-18d07h06m:25,45,45,45,45,40
18d07h06m-18d07h57m:15,03,22,03,22,08,37,08,37,12
18d12h15m-18d14h33m:15,25,15,30,20,30,20,35,30,35,30,40
18d15h16m-18d15h57m:15,10,30,10,30,18
18d19h43m-18d22h13m:08,03,08,23,20,23
18d21h45m-19d00h52m:60,10,60,25
18d22h58m-19d00h04m:15,03,22,03,22,08,37,08,37,12
18d23h38m-18d23h57m:15,10,30,10,30,18
19d01h05m-19d02h33m:05,20,05,35
19d01h21m-19d01h50m:42,08,42,15,47,15,47,27,55,27
19d01h53m-19d02h36m:15,10,30,10,30,18
19d03h02m-19d06h54m:25,25,30,25,30,30,35,30
19d03h42m-19d06h34m:15,40,27,40
19d03h44m-19d06h29m:57,30,57,45
19d04h22m-19d07h53m:15,40,27,40
19d05h08m-19d06h08m:50,10,55,10,55,25
19d06h04m-19d07h49m:42,08,42,15,47,15,47,27,55,27
19d06h13m-19d07h05m:15,25,15,30,20,30,20,35,30,35,30,40
19d07h13m-19d08h58m:42,08,42,15,47,15,47,27,55,27
19d08h17m-19d11h45m:60,10,60,25
19d08h53m-19d12h09m:17,15,25,15
19d10h51m-19d11h44m:60,10,60,25
19d11h14m-19d12h47m:05,20,05,35
19d12h02m-19d12h19m:42,08,42,15,47,15,47,27,55,27
19d12h46m-19d13h12m:10,20,40,20,40,35
19d16h04m-19d19h11m:15,25,15,30,20,30,20,35,30,35,30,40
19d17h25m-19d18h50m:25,45,45,45,45,40
19d22h16m-19d23h20m:25,45,45,45,45,40
19d22h59m-20d00h36m:57,30,57,45
19d23h25m-20d02h35m:57,30,57,45
20d03h17m-20d05h00m:25,25,30,25,30,30,35,30
20d05h13m-20d08h44m:05,20,05,35
20d07h55m-20d09h55m:15,03,22,03,22,08,37,08,37,12
20d12h49m-20d15h52m:60,10,60,25
20d14h01m-20d16h33m:15,03,22,03,22,08,37,08,37,12
20d15h15m-20d17h05m:25,45,45,45,45,40
20d15h57m-20d18h32m:25,45,45,45,45,40
20d16h24m-20d17h57m:17,15,25,15
20d16h32m-20d19h28m:57,30,57,45
20d16h40m-20d18h05m:15,10,30,10,30,18
20d17h48m-20d21h28m:42,08,42,15,47,15,47,27,55,27
20d18h34m-20d22h31m:17,15,25,15
20d19h04m-20d21h06m:17,15,25,15
20d20h05m-20d23h18m:25,25,30,25,30,30,35,30
20d20h15m-20d22h47m:05,20,05,35
20d21h39m-21d00h03m:10,20,40,20,40,35
20d23h15m-21d02h41m:57,30,57,45
21d00h15m-21d03h50m:25,45,45,45,45,40
21d00h27m-21d03h22m:25,25,30,25,30,30,35,30
21d00h52m-21d02h55m:25,25,30,25,30,30,35,30
21d01h02m-21d03h14m:10,20,40,20,40,35
21d01h32m-21d03h49m:08,03,08,23,20,23
21d01h43m-21d04h30m:17,15,25,15
21d02h38m-21d05h25m:05,20,05,35
21d02h58m-21d04h01m:15,40,27,40
21d06h30m-21d07h58m:05,20,05,35
21d06h47m-21d09h13m:50,10,55,10,55,25
21d06h56m-21d08h51m:05,20,05,35
21d12h38m-21d14h07m:08,03,08,23,20,23
21d15h39m-21d19h07m:08,03,08,23,20,23
21d15h42m-21d16h47m:17,15,25,15
21d16h46m-21d17h47m:10,20,40,20,40,35
21d16h52m-21d20h17m:57,30,57,45
21d17h22m-21d20h30m:05,20,05,35
21d17h45m-21d19h22m:10,20,40,20,40,35
21d22h13m-22d01h05m:15,40,27,40
21d22h21m-22d01h54m:17,15,25,15
21d22h40m-22d00h16m:25,45,45,45,45,40
22d01h36m-22d04h43m:15,03,22,03,22,08,37,08,37,12
22d02h11m-22d05h58m:15,03,22,03,22,08,37,08,37,12
22d02h42m-22d06h17m:60,10,60,25
22d03h22m-22d05h17m:57,30,57,45
22d04h15m-22d06h57m:15,25,15,30,20,30,20,35,30,35,30,40
22d04h50m-22d07h34m:15,40,27,40
22d04h58m-22d07h00m:15,10,30,10,30,18
22d06h16m-22d08h14m:10,20,40,20,40,35
22d07h11m-22d10h25m:17,15,25,15
22d07h37m-22d09h34m:15,10,30,10,30,18
22d07h37m-22d10h21m:17,15,25,15
22d08h50m-22d10h37m:15,25,15,30,20,30,20,35,30,35,30,40
22d10h15m-22d14h02m:15,03,22,03,22,08,37,08,37,12
22d10h26m-22d13h26m:15,25,15,30,20,30,20,35,30,35,30,40
22d11h36m-22d14h52m:50,10,55,10,55,25
22d12h47m-22d13h44m:57,30,57,45
22d13h53m-22d14h53m:42,08,42,15,47,15,47,27,55,27
22d13h59m-22d15h53m:15,25,15,30,20,30,20,35,30,35,30,40
22d14h09m-22d16h10m:05,20,05,35
22d14h57m-22d18h04m:57,30,57,45
22d15h33m-22d17h14m:15,03,22,03,22,08,37,08,37,12
22d16h26m-22d19h33m:15,10,30,10,30,18
22d16h37m-22d17h30m:15,03,22,03,22,08,37,08,37,12
22d18h00m-22d18h39m:67,37,67,22
22d18h25m-22d21h26m:60,10,60,25
22d20h42m-22d21h19m:42,08,42,15,47,15,47,27,55,27
22d20h56m-22d23h52m:67,37,67,22
22d20h58m-22d22h36m:50,10,55,10,55,25
23d02h49m-23d04h12m:17,15,25,15
23d04h21m-23d08h08m:15,40,27,40
23d05h42m-23d08h40m:67,37,67,22
23d08h06m-23d10h15m:15,25,15,30,20,30,20,35,30,35,30,40
23d08h41m-23d10h24m:60,10,60,25
23d08h58m-23d12h24m:25,25,30,25,30,30,35,30
23d09h37m-23d11h31m:25,25,30,25,30,30,35,30
23d10h25m-23d13h55m:10,20,40,20,40,35
23d11h48m-23d12h18m:60,10,60,25
23d12h34m-23d13h40m:10,20,40,20,40,35
23d15h16m-23d17h24m:10,20,40,20,40,35
23d18h52m-23d20h50m:15,03,22,03,22,08,37,08,37,12
23d19h36m-23d20h18m:05,20,05,35
23d20h56m-23d23h08m:57,30,57,45
23d21h43m-23d22h49m:17,15,25,15
23d22h35m-24d02h24m:15,40,27,40
23d22h54m-23d23h59m:25,45,45,45,45,40
23d23h06m-24d02h26m:60,10,60,25
23d23h28m-24d01h04m:60,10,60,25
24d01h13m-24d01h53m:57,30,57,45
24d01h47m-24d03h03m:05,20,05,35
24d02h51m-24d03h31m:50,10,55,10,55,25
24d04h37m-24d06h25m:05,20,05,35
24d05h12m-24d08h44m:08,03,08,23,20,23
24d08h24m-24d11h24m:15,10,30,10,30,18
24d08h43m-24d11h20m:67,37,67,22
24d20h45m-24d21h55m:25,45,45,45,45,40
24d21h09m-24d22h50m:25,45,45,45,45,40
24d21h20m-25d00h32m:15,40,27,40
24d21h40m-25d00h06m:15,25,15,30,20,30,20,35,30,35,30,40
25d00h18m-25d03h58m:15,03,22,03,22,08,37,08,37,12
25d01h33m-25d03h43m:05,20,05,35
25d02h01m-25d03h16m:25,25,30,25,30,30,35,30
25d02h30m-25d04h48m:50,10,55,10,55,25
25d03h09m-25d04h07m:25,45,45,45,45,40
25d04h16m-25d05h50m:15,25,15,30,20,30,20,35,30,35,30,40
25d04h51m-25d08h43m:25,25,30,25,30,30,35,30
25d05h39m-25d09h12m:50,10,55,10,55,25
25d06h10m-25d07h06m:15,03,22,03,22,08,37,08,37,12
25d06h33m-25d09h38m:15,03,22,03,22,08,37,08,37,12
25d07h00m-25d09h10m:50,10,55,10,55,25
25d10h18m-25d13h29m:15,10,30,10,30,18
25d10h31m-25d13h48m:15,25,15,30,20,30,20,35,30,35,30,40
25d12h38m-25d13h30m:08,03,08,23,20,23
25d13h23m-25d16h45m:17,15,25,15
25d14h24m-25d16h42m:25,25,30,25,30,30,35,30
25d16h51m-25d19h41m:15,10,30,10,30,18
25d17h10m-25d20h04m:05,20,05,35
25d17h41m-25d18h56m:25,25,30,25,30,30,35,30
25d18h15m-25d19h44m:67,37,67,22
25d19h01m-25d21h18m:25,45,45,45,45,40
25d19h26m-25d20h37m:50,10,55,10,55,25
25d20h46m-25d23h54m:25,45,45,45,45,40
25d21h26m-26d01h24m:05,20,05,35
25d23h22m-26d02h22m:15,40,27,40
26d01h05m-26d02h30m:25,45,45,45,45,40
26d01h42m-26d02h27m:05,20,05,35
26d08h03m-26d08h33m:67,37,67,22
26d10h34m-26d11h36m:60,10,60,25
26d11h03m-26d13h56m:17,15,25,15
26d14h33m-26d15h37m:67,37,67,22
26d15h29m-26d15h46m:15,40,27,40
26d15h33m-26d19h10m:42,08,42,15,47,15,47,27,55,27
26d15h55m-26d18h02m:25,45,45,45,45,40
26d18h41m-26d19h19m:08,03,08,23,20,23
26d23h55m-27d02h05m:05,20,05,35
27d00h57m-27d04h13m:15,10,30,10,30,18
27d02h52m-27d06h51m:67,37,67,22
27d06h16m-27d09h05m:15,40,27,40
27d07h29m-27d09h21m:25,25,30,25,30,30,35,30
27d08h41m-27d10h49m:42,08,42,15,47,15,47,27,55,27
27d09h58m-27d12h04m:25,25,30,25,30,30,35,30
27d10h09m-27d11h18m:67,37,67,22
27d11h18m-27d14h48m:15,25,15,30,20,30,20,35,30,35,30,40
27d12h07m-27d13h11m:67,37,67,22
27d12h10m-27d14h49m:67,37,67,22
27d12h33m-27d15h15m:08,03,08,23,20,23
27d14h20m-27d16h56m:15,25,15,30,20,30,20,35,30,35,30,40
27d15h17m-27d15h44m:42,08,42,15,47,15,47,27,55,27
27d15h50m-27d17h08m:57,30,57,45
27d19h48m-27d20h16m:57,30,57,45
27d19h54m-27d21h53m:15,25,15,30,20,30,20,35,30,35,30,40
27d21h34m-28d01h23m:50,10,55,10,55,25
27d23h27m-28d00h31m:15,10,30,10,30,18
28d01h00m-28d02h47m:25,25,30,25,30,30,35,30
28d01h39m-28d05h15m:57,30,57,45
28d03h23m-28d03h47m:42,08,42,15,47,15,47,27,55,27
28d03h56m-28d05h23m:60,10,60,25
28d05h39m-28d08h53m:60,10,60,25
28d08h09m-28d08h54m:15,25,15,30,20,30,20,35,30,35,30,40
28d09h52m-28d10h50m:50,10,55,10,55,25
28d10h10m-28d13h30m:50,10,55,10,55,25
28d12h00m-28d14h08m:25,45,45,45,45,40
28d12h33m-28d13h38m:17,15,25,15
28d15h06m-28d15h48m:15,40,27,40
28d16h38m-28d20h20m:60,10,60,25
28d19h56m-28d23h01m:50,10,55,10,55,25
28d20h50m-28d23h47m:60,10,60,25
28d21h38m-29d01h35m:42,08,42,15,47,15,47,27,55,27
28d21h46m-29d01h31m:10,20,40,20,40,35
28d23h14m-29d00h57m:15,40,27,40
28d23h29m-28d23h56m:67,37,67,22
28d23h43m-29d00h31m:10,20,40,20,40,35
28d23h56m-29d00h31m:10,20,40,20,40,35
29d00h13m-29d00h41m:25,25,30,25,30,30,35,30
29d01h07m-29d04h20m:15,10,30,10,30,18
29d01h14m-29d04h02m:05,20,05,35
29d02h24m-29d05h51m:08,03,08,23,20,23
29d03h07m-29d04h30m:05,20,05,35
29d04h46m-29d06h05m:15,40,27,40
29d05h16m-29d07h08m:15,10,30,10,30,18
29d05h18m-29d05h34m:60,10,60,25
29d05h59m-29d08h59m:60,10,60,25
29d07h03m-29d10h06m:15,10,30,10,30,18
29d07h59m-29d08h14m:15,03,22,03,22,08,37,08,37,12
29d08h33m-29d12h00m:60,10,60,25
29d08h47m-29d09h18m:25,25,30,25,30,30,35,30
29d08h57m-29d12h10m:50,10,55,10,55,25
29d10h41m-29d11h49m:50,10,55,10,55,25
29d10h48m-29d12h51m:25,25,30,25,30,30,35,30
29d12h53m-29d14h50m:17,15,25,15
29d13h20m-29d15h18m:50,10,55,10,55,25
29d14h36m-29d16h15m:15,25,15,30,20,30,20,35,30,35,30,40
29d14h47m-29d15h46m:42,08,42,15,47,15,47,27,55,27
29d16h39m-29d18h17m:15,10,30,10,30,18
29d16h39m-29d18h23m:60,10,60,25
29d17h32m-29d19h52m:17,15,25,15
29d17h40m-29d19h28m:15,40,27,40
29d17h42m-29d20h56m:17,15,25,15
29d18h42m-29d19h38m:15,25,15,30,20,30,20,35,30,35,30,40
29d22h19m-30d00h49m:17,15,25,15
30d00h27m-30d04h14m:10,20,40,20,40,35
30d00h28m-30d01h08m:08,03,08,23,20,23
30d04h14m-30d06h27m:15,03,22,03,22,08,37,08,37,12
30d04h53m-30d06h51m:67,37,67,22
30d05h17m-30d06h09m:57,30,57,45
30d07h22m-30d08h26m:67,37,67,22
30d07h51m-30d10h26m:05,20,05,35
30d09h13m-30d12h01m:10,20,40,20,40,35
30d09h35m-30d10h30m:15,40,27,40
30d10h58m-30d11h44m:60,10,60,25
30d13h48m-30d16h11m:10,20,40,20,40,35
30d14h24m-30d17h02m:15,25,15,30,20,30,20,35,30,35,30,40
30d15h31m-30d18h06m:15,10,30,10,30,18
30d16h45m-30d20h25m:15,03,22,03,22,08,37,08,37,12
30d16h49m-30d17h55m:08,03,08,23,20,23
30d17h14m-30d19h16m:42,08,42,15,47,15,47,27,55,27
30d18h21m-30d21h41m:25,45,45,45,45,40
30d18h33m-30d18h57m:50,10,55,10,55,25
30d18h34m-30d20h33m:57,30,57,45
30d19h36m-30d21h22m:05,20,05,35
30d19h36m-30d22h27m:15,10,30,10,30,18
30d20h41m-30d21h50m:10,20,40,20,40,35
30d20h57m-30d23h17m:15,40,27,40
30d21h08m-30d23h59m:25,45,45,45,45,40
30d21h32m-30d23h59m:05,20,05,35
30d21h38m-30d22h31m:67,37,67,22
30d22h55m-30d23h23m:57,30,57,45
30d23h16m-30d23h59m:25,25,30,25,30,30,35,30
