01d05h50m-01d07h11m:10,20,40,20,40,35
01d07h40m-01d08h10m:57,30,57,45
01d09h12m-01d12h12m:60,10,60,25
01d12h00m-01d15h28m:15,03,22,03,22,08,37,08,37,12
01d15h01m-01d15h48m:15,03,22,03,22,08,37,08,37,12
01d16h06m-01d17h18m:50,10,55,10,55,25
01d18h51m-01d19h16m:25,45,45,45,45,40
01d18h54m-01d19h13m:15,40,27,40
01d19h42m-01d22h28m:67,37,67,22
01d20h27m-01d20h58m:15,25,15,30,20,30,20,35,30,35,30,40
02d00h32m-02d03h05m:42,08,42,15,47,15,47,27,55,27
02d03h03m-02d04h53m:57,30,57,45
02d03h07m-02d05h55m:15,03,22,03,22,08,37,08,37,12
02d03h07m-02d05h57m:42,08,42,15,47,15,47,27,55,27
02d03h29m-02d04h49m:10,20,40,20,40,35
02d03h51m-02d06h01m:15,10,30,10,30,18
02d03h57m-02d06h05m:67,37,67,22
02d05h01m-02d05h29m:57,30,57,45
02d08h55m-02d10h58m:17,15,25,15
02d09h13m-02d09h31m:15,03,22,03,22,08,37,08,37,12
02d11h40m-02d14h57m:15,25,15,30,20,30,20,35,30,35,30,40
02d12h05m-02d12h43m:67,37,67,22
02d12h28m-02d15h15m:05,20,05,35
02d13h04m-02d14h14m:15,40,27,40
02d14h35m-02d16h08m:50,10,55,10,55,25
02d14h40m-02d18h26m:57,30,57,45
02d14h47m-02d17h27m:60,10,60,25
02d14h58m-02d18h07m:15,25,15,30,20,30,20,35,30,35,30,40
02d18h45m-02d21h35m:15,10,30,10,30,18
02d20h19m-02d23h35m:15,40,27,40
02d22h54m-03d00h43m:05,20,05,35
03d00h07m-03d01h34m:25,25,30,25,30,30,35,30
03d01h20m-03d04h08m:15,25,15,30,20,30,20,35,30,35,30,40
03d01h35m-03d05h31m:50,10,55,10,55,25
03d02h13m-03d05h39m:15,10,30,10,30,18
03d02h16m-03d05h46m:15,10,30,10,30,18
03d02h50m-03d03h25m:42,08,42,15,47,15,47,27,55,27
03d04h21m-03d07h29m:25,45,45,45,45,40
03d04h41m-03d07h27m:25,25,30,25,30,30,35,30
03d05h34m-03d09h33m:05,20,05,35
03d06h22m-03d08h55m:05,20,05,35
03d08h06m-03d11h05m:15,40,27,40
03d08h07m-03d08h32m:05,20,05,35
03d08h52m-03d09h31m:25,45,45,45,45,40
03d10h03m-03d12h16m:15,03,22,03,22,08,37,08,37,12
03d10h19m-03d12h58m:08,03,08,23,20,23
03d10h31m-03d10h53m:15,25,15,30,20,30,20,35,30,35,30,40
03d10h50m-03d11h56m:10,20,40,20,40,35
03d12h41m-03d13h13m:17,15,25,15
03d15h57m-03d17h54m:05,20,05,35
03d16h52m-03d19h51m:08,03,08,23,20,23
03d17h08m-03d18h02m:15,25,15,30,20,30,20,35,30,35,30,40
03d18h53m-03d22h24m:17,15,25,15
03d18h57m-03d20h04m:05,20,05,35
03d19h11m-03d22h32m:42,08,42,15,47,15,47,27,55,27
03d20h35m-03d22h49m:15,03,22,03,22,08,37,08,37,12
03d20h43m-03d21h42m:50,10,55,10,55,25
03d20h53m-03d23h50m:25,45,45,45,45,40
03d23h19m-04d00h19m:17,15,25,15
04d00h56m-04d02h59m:57,30,57,45
04d01h52m-04d05h03m:50,10,55,10,55,25
04d02h14m-04d05h02m:15,03,22,03,22,08,37,08,37,12
04d02h22m-04d06h12m:67,37,67,22
04d02h43m-04d03h39m:25,25,30,25,30,30,35,30
04d05h30m-04d07h04m:15,40,27,40
04d06h50m-04d08h33m:05,20,05,35
04d07h24m-04d09h34m:10,20,40,20,40,35
04d07h39m-04d10h59m:15,03,22,03,22,08,37,08,37,12
04d07h43m-04d09h00m:15,25,15,30,20,30,20,35,30,35,30,40
04d08h14m-04d09h03m:67,37,67,22
04d08h52m-04d11h25m:05,20,05,35
04d09h59m-04d10h34m:60,10,60,25
04d10h18m-04d11h03m:15,03,22,03,22,08,37,08,37,12
04d10h30m-04d10h46m:60,10,60,25
04d12h28m-04d14h37m:05,20,05,35
04d12h30m-04d14h46m:57,30,57,45
04d13h19m-04d16h44m:05,20,05,35
04d14h21m-04d15h48m:25,45,45,45,45,40
04d18h02m-04d21h44m:15,03,22,03,22,08,37,08,37,12
04d19h11m-04d21h40m:15,10,30,10,30,18
04d22h19m-04d23h01m:08,03,08,23,20,23
04d22h45m-05d01h36m:67,37,67,22
04d23h03m-04d23h45m:15,25,15,30,20,30,20,35,30,35,30,40
05d01h12m-05d03h27m:15,25,15,30,20,30,20,35,30,35,30,40
05d01h34m-05d03h03m:67,37,67,22
05d02h58m-05d03h26m:15,03,22,03,22,08,37,08,37,12
05d03h18m-05d05h20m:15,40,27,40
05d03h27m-05d07h11m:15,03,22,03,22,08,37,08,37,12
05d04h58m-05d08h57m:15,03,22,03,22,08,37,08,37,12
05d05h46m-05d07h30m:15,10,30,10,30,18
05d06h30m-05d10h06m:25,25,30,25,30,30,35,30
05d08h28m-05d09h04m:17,15,25,15
05d09h21m-05d13h17m:08,03,08,23,20,23
05d09h33m-05d10h32m:15,03,22,03,22,08,37,08,37,12
05d10h29m-05d13h27m:60,10,60,25
05d12h40m-05d14h06m:15,10,30,10,30,18
05d13h35m-05d15h26m:05,20,05,35
05d14h54m-05d16h10m:05,20,05,35
05d15h08m-05d15h31m:17,15,25,15
05d15h29m-05d16h53m:42,08,42,15,47,15,47,27,55,27
05d16h50m-05d19h08m:08,03,08,23,20,23
05d18h08m-05d20h42m:15,25,15,30,20,30,20,35,30,35,30,40
05d19h15m-05d23h03m:25,25,30,25,30,30,35,30
05d19h37m-05d21h54m:08,03,08,23,20,23
05d19h52m-05d22h02m:10,20,40,20,40,35
05d20h50m-05d23h31m:15,03,22,03,22,08,37,08,37,12
05d20h54m-05d22h23m:10,20,40,20,40,35
05d23h18m-06d01h11m:67,37,67,22
05d23h53m-06d00h34m:25,25,30,25,30,30,35,30
06d02h18m-06d05h18m:25,25,30,25,30,30,35,30
06d02h36m-06d05h15m:50,10,55,10,55,25
06d02h59m-06d04h50m:05,20,05,35
06d04h02m-06d07h42m:15,03,22,03,22,08,37,08,37,12
06d04h21m-06d07h30m:50,10,55,10,55,25
06d04h40m-06d07h04m:08,03,08,23,20,23
06d04h56m-06d07h38m:08,03,08,23,20,23
06d05h15m-06d06h31m:15,25,15,30,20,30,20,35,30,35,30,40
06d06h08m-06d09h35m:60,10,60,25
06d06h51m-06d10h25m:42,08,42,15,47,15,47,27,55,27
06d07h06m-06d08h29m:15,10,30,10,30,18
06d08h00m-06d10h45m:25,45,45,45,45,40
06d08h24m-06d09h52m:15,03,22,03,22,08,37,08,37,12
06d08h40m-06d10h41m:50,10,55,10,55,25
06d09h04m-06d12h08m:15,40,27,40
06d09h58m-06d12h58m:15,25,15,30,20,30,20,35,30,35,30,40
06d14h04m-06d16h58m:15,03,22,03,22,08,37,08,37,12
06d14h26m-06d17h59m:42,08,42,15,47,15,47,27,55,27
06d15h16m-06d17h20m:50,10,55,10,55,25
06d15h29m-06d16h28m:15,03,22,03,22,08,37,08,37,12
06d16h05m-06d18h10m:57,30,57,45
06d19h17m-06d19h43m:57,30,57,45
06d19h17m-06d22h09m:15,10,30,10,30,18
06d20h54m-06d22h25m:42,08,42,15,47,15,47,27,55,27
06d22h13m-06d23h59m:15,03,22,03,22,08,37,08,37,12
07d01h27m-07d03h36m:60,10,60,25
07d01h48m-07d04h38m:15,40,27,40
07d05h13m-07d05h52m:15,03,22,03,22,08,37,08,37,12
07d05h28m-07d06h27m:25,25,30,25,30,30,35,30
07d13h32m-07d14h33m:15,25,15,30,20,30,20,35,30,35,30,40
07d15h58m-07d17h26m:25,25,30,25,30,30,35,30
07d16h01m-07d17h18m:17,15,25,15
07d16h53m-07d18h20m:42,08,42,15,47,15,47,27,55,27
07d18h27m-07d21h20m:42,08,42,15,47,15,47,27,55,27
07d18h34m-07d21h06m:60,10,60,25
07d19h01m-07d19h18m:10,20,40,20,40,35
07d19h06m-07d22h28m:15,10,30,10,30,18
07d20h58m-08d00h09m:50,10,55,10,55,25
07d23h11m-08d01h13m:67,37,67,22
08d00h31m-08d02h46m:10,20,40,20,40,35
08d01h28m-08d05h20m:15,10,30,10,30,18
08d04h22m-08d07h51m:60,10,60,25
08d05h00m-08d08h15m:08,03,08,23,20,23
08d06h45m-08d07h31m:42,08,42,15,47,15,47,27,55,27
08d07h46m-08d09h26m:05,20,05,35
08d08h18m-08d11h30m:25,25,30,25,30,30,35,30
08d08h26m-08d09h24m:17,15,25,15
08d08h39m-08d10h12m:25,25,30,25,30,30,35,30
08d09h01m-08d11h11m:60,10,60,25
08d09h23m-08d10h57m:10,20,40,20,40,35
08d10h39m-08d11h24m:42,08,42,15,47,15,47,27,55,27
08d11h30m-08d12h25m:15,10,30,10,30,18
08d12h53m-08d16h52m:15,25,15,30,20,30,20,35,30,35,30,40
08d13h01m-08d16h19m:50,10,55,10,55,25
08d14h28m-08d15h21m:67,37,67,22
08d14h33m-08d17h24m:15,25,15,30,20,30,20,35,30,35,30,40
08d15h03m-08d17h29m:05,20,05,35
08d16h23m-08d19h28m:08,03,08,23,20,23
08d17h20m-08d20h51m:08,03,08,23,20,23
08d19h31m-08d21h52m:08,03,08,23,20,23
08d19h34m-08d22h58m:15,10,30,10,30,18
08d20h32m-09d00h25m:15,10,30,10,30,18
08d20h42m-08d21h37m:15,40,27,40
08d22h07m-09d00h43m:57,30,57,45
08d22h15m-09d01h51m:05,20,05,35
08d23h29m-09d01h21m:17,15,25,15
08d23h54m-09d00h56m:15,03,22,03,22,08,37,08,37,12
09d00h39m-09d01h34m:15,40,27,40
09d01h09m-09d01h27m:25,25,30,25,30,30,35,30
09d01h14m-09d02h28m:17,15,25,15
09d03h05m-09d03h30m:17,15,25,15
09d05h24m-09d06h07m:10,20,40,20,40,35
09d06h10m-09d09h24m:25,25,30,25,30,30,35,30
09d06h14m-09d10h04m:25,25,30,25,30,30,35,30
09d07h23m-09d10h12m:25,25,30,25,30,30,35,30
09d07h58m-09d11h47m:25,45,45,45,45,40
09d08h11m-09d11h47m:08,03,08,23,20,23
09d09h07m-09d12h48m:25,45,45,45,45,40
09d09h26m-09d11h49m:08,03,08,23,20,23
09d12h09m-09d15h40m:25,25,30,25,30,30,35,30
09d16h13m-09d17h11m:05,20,05,35
09d19h21m-09d23h11m:67,37,67,22
09d19h43m-09d22h46m:67,37,67,22
09d22h46m-09d23h04m:57,30,57,45
10d00h53m-10d04h10m:15,25,15,30,20,30,20,35,30,35,30,40
10d01h38m-10d03h53m:05,20,05,35
10d02h47m-10d06h02m:15,03,22,03,22,08,37,08,37,12
10d02h48m-10d04h26m:15,10,30,10,30,18
10d03h45m-10d06h16m:15,25,15,30,20,30,20,35,30,35,30,40
10d04h19m-10d04h52m:15,03,22,03,22,08,37,08,37,12
10d06h07m-10d06h59m:15,10,30,10,30,18
10d06h22m-10d08h20m:25,25,30,25,30,30,35,30
10d06h25m-10d09h35m:57,30,57,45
10d07h56m-10d09h07m:25,25,30,25,30,30,35,30
10d08h12m-10d10h39m:42,08,42,15,47,15,47,27,55,27
10d08h34m-10d10h40m:60,10,60,25
10d09h34m-10d12h47m:67,37,67,22
10d10h39m-10d14h34m:57,30,57,45
10d10h51m-10d13h27m:17,15,25,15
10d12h42m-10d13h58m:57,30,57,45
10d15h04m-10d17h44m:10,20,40,20,40,35
10d18h02m-10d19h35m:15,10,30,10,30,18
10d19h49m-10d21h39m:10,20,40,20,40,35
10d21h08m-10d22h05m:15,03,22,03,22,08,37,08,37,12
10d23h30m-11d03h13m:15,10,30,10,30,18
10d23h33m-11d03h12m:57,30,57,45
10d23h49m-11d02h25m:60,10,60,25
11d03h09m-11d04h01m:67,37,67,22
11d05h15m-11d06h38m:10,20,40,20,40,35
11d07h40m-11d10h33m:15,10,30,10,30,18
11d07h49m-11d09h28m:57,30,57,45
11d10h08m-11d12h57m:15,25,15,30,20,30,20,35,30,35,30,40
11d10h36m-11d12h55m:50,10,55,10,55,25
11d11h19m-11d13h49m:10,20,40,20,40,35
11d11h23m-11d12h55m:57,30,57,45
11d14h11m-11d15h39m:67,37,67,22
11d15h02m-11d18h13m:15,25,15,30,20,30,20,35,30,35,30,40
11d15h19m-11d16h17m:15,10,30,10,30,18
11d15h20m-11d18h46m:57,30,57,45
11d15h42m-11d18h16m:05,20,05,35
11d21h31m-12d00h31m:60,10,60,25
11d21h57m-12d01h13m:57,30,57,45
12d04h51m-12d06h34m:08,03,08,23,20,23
12d05h52m-12d08h17m:25,45,45,45,45,40
12d06h13m-12d10h02m:60,10,60,25
12d06h54m-12d09h18m:57,30,57,45
12d07h45m-12d10h00m:67,37,67,22
12d10h36m-12d11h58m:25,25,30,25,30,30,35,30
12d10h49m-12d11h42m:15,03,22,03,22,08,37,08,37,12
12d10h53m-12d11h40m:25,45,45,45,45,40
12d11h02m-12d14h49m:05,20,05,35
12d14h00m-12d14h32m:42,08,42,15,47,15,47,27,55,27
12d16h33m-12d17h05m:15,40,27,40
12d17h20m-12d18h25m:25,45,45,45,45,40
12d19h42m-12d23h32m:08,03,08,23,20,23
12d23h53m-13d02h32m:15,10,30,10,30,18
13d00h30m-13d01h55m:50,10,55,10,55,25
13d02h27m-13d04h37m:57,30,57,45
13d02h34m-13d05h20m:05,20,05,35
13d02h55m-13d06h38m:15,10,30,10,30,18
13d02h56m-13d04h41m:15,03,22,03,22,08,37,08,37,12
13d03h09m-13d03h46m:15,40,27,40
13d03h46m-13d05h04m:15,10,30,10,30,18
13d06h18m-13d09h56m:50,10,55,10,55,25
13d06h57m-13d10h48m:08,03,08,23,20,23
13d08h18m-13d10h56m:15,10,30,10,30,18
13d08h34m-13d11h02m:67,37,67,22
13d12h07m-13d13h47m:42,08,42,15,47,15,47,27,55,27
13d12h14m-13d16h00m:25,25,30,25,30,30,35,30
13d13h18m-13d14h12m:57,30,57,45
13d14h31m-13d18h21m:60,10,60,25
13d16h38m-13d19h05m:15,10,30,10,30,18
13d17h23m-13d20h31m:42,08,42,15,47,15,47,27,55,27
13d17h37m-13d21h04m:50,10,55,10,55,25
13d18h10m-13d21h09m:15,25,15,30,20,30,20,35,30,35,30,40
13d18h25m-13d19h59m:05,20,05,35
13d19h15m-13d19h36m:08,03,08,23,20,23
13d19h55m-13d20h46m:15,10,30,10,30,18
13d21h27m-14d00h36m:10,20,40,20,40,35
13d21h33m-14d00h47m:15,10,30,10,30,18
13d21h47m-14d00h45m:67,37,67,22
13d21h57m-14d00h23m:57,30,57,45
13d23h18m-14d02h24m:67,37,67,22
13d23h30m-14d00h34m:15,10,30,10,30,18
14d01h56m-14d03h58m:10,20,40,20,40,35
14d05h38m-14d07h29m:25,25,30,25,30,30,35,30
14d05h40m-14d08h02m:42,08,42,15,47,15,47,27,55,27
14d09h04m-14d12h49m:15,25,15,30,20,30,20,35,30,35,30,40
14d09h59m-14d10h33m:15,25,15,30,20,30,20,35,30,35,30,40
14d11h20m-14d14h53m:15,25,15,30,20,30,20,35,30,35,30,40
14d13h00m-14d15h02m:57,30,57,45
14d13h18m-14d14h01m:15,40,27,40
14d13h48m-14d17h45m:50,10,55,10,55,25
14d14h21m-14d15h17m:17,15,25,15
14d17h09m-14d20h41m:25,25,30,25,30,30,35,30
14d21h37m-14d21h58m:25,25,30,25,30,30,35,30
14d21h51m-15d00h03m:17,15,25,15
14d23h55m-15d02h20m:15,25,15,30,20,30,20,35,30,35,30,40
15d00h02m-15d00h48m:25,25,30,25,30,30,35,30
15d01h18m-15d04h43m:25,45,45,45,45,40
15d03h36m-15d06h13m:57,30,57,45
15d04h42m-15d04h58m:50,10,55,10,55,25
15d05h22m-15d07h48m:15,25,15,30,20,30,20,35,30,35,30,40
15d07h22m-15d08h07m:15,25,15,30,20,30,20,35,30,35,30,40
15d08h14m-15d08h35m:42,08,42,15,47,15,47,27,55,27
15d09h48m-15d10h53m:15,40,27,40
15d10h02m-15d13h35m:42,08,42,15,47,15,47,27,55,27
15d11h43m-15d12h59m:50,10,55,10,55,25
15d12h03m-15d14h29m:15,10,30,10,30,18
15d14h56m-15d18h54m:15,10,30,10,30,18
15d16h38m-15d18h16m:08,03,08,23,20,23
15d18h01m-15d19h22m:15,40,27,40
15d18h13m-15d19h45m:15,40,27,40
15d18h14m-15d19h39m:08,03,08,23,20,23
15d18h40m-15d20h19m:17,15,25,15
15d19h04m-15d22h44m:05,20,05,35
15d19h29m-15d21h59m:50,10,55,10,55,25
15d20h35m-16d00h30m:60,10,60,25
15d21h47m-15d23h00m:17,15,25,15
15d22h12m-16d00h41m:60,10,60,25
16d02h58m-16d04h16m:10,20,40,20,40,35
16d03h07m-16d04h47m:60,10,60,25
16d03h08m-16d04h52m:15,25,15,30,20,30,20,35,30,35,30,40
16d03h38m-16d04h54m:17,15,25,15
16d05h43m-16d06h55m:10,20,40,20,40,35
16d06h55m-16d07h54m:05,20,05,35
16d07h19m-16d08h24m:15,03,22,03,22,08,37,08,37,12
16d09h24m-16d11h39m:10,20,40,20,40,35
16d11h41m-16d14h11m:25,25,30,25,30,30,35,30
16d13h55m-16d14h34m:15,10,30,10,30,18
16d14h04m-16d14h46m:60,10,60,25
16d14h08m-16d16h22m:15,25,15,30,20,30,20,35,30,35,30,40
16d14h56m-16d16h46m:67,37,67,22
16d17h27m-16d20h59m:17,15,25,15
16d18h28m-16d22h13m:60,10,60,25
16d20h44m-16d23h48m:60,10,60,25
16d20h57m-16d22h22m:42,08,42,15,47,15,47,27,55,27
16d21h01m-16d21h50m:57,30,57,45
16d21h57m-17d01h06m:15,10,30,10,30,18
16d22h43m-17d02h00m:60,10,60,25
17d01h39m-17d03h28m:08,03,08,23,20,23
17d04h18m-17d06h41m:15,25,15,30,20,30,20,35,30,35,30,40
17d05h03m-17d06h03m:60,10,60,25
17d05h37m-17d07h18m:15,40,27,40
17d11h43m-17d14h33m:57,30,57,45
17d12h27m-17d16h02m:15,03,22,03,22,08,37,08,37,12
17d15h04m-17d16h40m:15,10,30,10,30,18
17d15h51m-17d16h13m:57,30,57,45
17d15h52m-17d18h44m:05,20,05,35
17d16h46m-17d20h42m:15,10,30,10,30,18
17d17h15m-17d18h49m:25,45,45,45,45,40
17d18h18m-17d19h22m:08,03,08,23,20,23
17d19h25m-17d19h56m:25,45,45,45,45,40
17d20h06m-17d20h38m:15,03,22,03,22,08,37,08,37,12
18d00h07m-18d01h31m:10,20,40,20,40,35
18d02h02m-18d02h59m:15,40,27,40
18d05h10m-18d09h05m:15,03,22,03,22,08,37,08,37,12
18d05h57m-18d07h02m:42,08,42,15,47,15,47,27,55,27
18d09h37m-18d11h58m:15,10,30,10,30,18
18d10h21m-18d13h35m:67,37,67,22
18d11h00m-18d14h05m:10,20,40,20,40,35
18d11h34m-18d15h07m:57,30,57,45
18d12h05m-18d15h58m:57,30,57,45
18d12h46m-18d14h26m:25,25,30,25,30,30,35,30
18d13h03m-18d14h11m:15,03,22,03,22,08,37,08,37,12
18d13h04m-18d13h28m:42,08,42,15,47,15,47,27,55,27
18d15h01m-18d16h45m:17,15,25,15
18d15h59m-18d19h08m:50,10,55,10,55,25
18d16h20m-18d18h39m:57,30,57,45
18d17h53m-18d20h15m:17,15,25,15
18d18h28m-18d22h02m:15,03,22,03,22,08,37,08,37,12
18d18h32m-18d19h38m:67,37,67,22
18d19h05m-18d21h04m:50,10,55,10,55,25
18d19h57m-18d23h14m:10,20,40,20,40,35
18d20h48m-18d21h24m:10,20,40,20,40,35
18d21h52m-19d00h51m:08,03,08,23,20,23
18d22h12m-19d00h47m:57,30,57,45
18d22h38m-18d23h11m:42,08,42,15,47,15,47,27,55,27
18d22h56m-19d01h21m:67,37,67,22
18d23h16m-19d01h05m:15,03,22,03,22,08,37,08,37,12
18d23h38m-19d03h18m:60,10,60,25
18d23h44m-19d01h20m:15,03,22,03,22,08,37,08,37,12
19d01h27m-19d02h19m:10,20,40,20,40,35
19d04h37m-19d08h26m:17,15,25,15
19d05h50m-19d08h18m:67,37,67,22
19d08h37m-19d09h59m:25,45,45,45,45,40
19d09h00m-19d12h55m:15,25,15,30,20,30,20,35,30,35,30,40
19d10h14m-19d11h33m:57,30,57,45
19d10h21m-19d10h42m:50,10,55,10,55,25
19d11h28m-19d12h37m:10,20,40,20,40,35
19d13h17m-19d16h59m:60,10,60,25
19d20h08m-19d23h13m:15,10,30,10,30,18
19d23h49m-20d01h30m:57,30,57,45
20d00h49m-20d03h02m:05,20,05,35
20d01h32m-20d04h30m:05,20,05,35
20d08h00m-20d11h01m:15,40,27,40
20d08h02m-20d11h36m:10,20,40,20,40,35
20d08h10m-20d09h24m:05,20,05,35
20d10h28m-20d13h31m:50,10,55,10,55,25
20d12h31m-20d12h59m:57,30,57,45
20d13h34m-20d15h55m:15,10,30,10,30,18
20d13h47m-20d16h52m:57,30,57,45
20d13h58m-20d16h47m:25,25,30,25,30,30,35,30
20d14h50m-20d17h24m:57,30,57,45
20d14h53m-20d17h36m:67,37,67,22
20d15h08m-20d18h47m:25,45,45,45,45,40
20d15h38m-20d17h04m:25,45,45,45,45,40
20d16h00m-20d16h52m:15,10,30,10,30,18
20d18h06m-20d20h40m:15,03,22,03,22,08,37,08,37,12
20d19h30m-20d20h53m:57,30,57,45
20d20h39m-20d23h08m:25,25,30,25,30,30,35,30
20d21h03m-20d21h59m:25,45,45,45,45,40
20d23h19m-21d03h03m:60,10,60,25
21d00h26m-21d01h40m:50,10,55,10,55,25
21d03h10m-21d04h59m:05,20,05,35
21d03h34m-21d05h09m:60,10,60,25
21d03h58m-21d05h44m:42,08,42,15,47,15,47,27,55,27
21d06h23m-21d06h51m:15,40,27,40
21d06h53m-21d08h47m:42,08,42,15,47,15,47,27,55,27
21d11h00m-21d13h28m:50,10,55,10,55,25
21d11h35m-21d12h41m:10,20,40,20,40,35
21d12h46m-21d15h37m:60,10,60,25
21d13h25m-21d17h07m:15,10,30,10,30,18
21d14h16m-21d16h03m:57,30,57,45
21d17h41m-21d20h27m:60,10,60,25
21d18h22m-21d21h58m:17,15,25,15
21d19h06m-21d19h36m:50,10,55,10,55,25
21d19h52m-21d22h16m:25,45,45,45,45,40
21d20h23m-21d23h52m:10,20,40,20,40,35
21d21h14m-22d00h30m:17,15,25,15
21d23h17m-22d00h26m:15,10,30,10,30,18
22d00h03m-22d04h01m:15,40,27,40
22d00h26m-22d01h29m:25,45,45,45,45,40
22d00h31m-22d02h10m:15,40,27,40
22d03h42m-22d07h14m:25,45,45,45,45,40
22d06h26m-22d07h58m:15,25,15,30,20,30,20,35,30,35,30,40
22d07h16m-22d10h18m:25,45,45,45,45,40
22d08h26m-22d09h14m:15,40,27,40
22d09h04m-22d09h38m:15,40,27,40
22d09h08m-22d12h17m:17,15,25,15
22d11h07m-22d13h55m:08,03,08,23,20,23
22d11h39m-22d13h20m:17,15,25,15
22d12h05m-22d13h58m:60,10,60,25
22d12h30m-22d15h12m:10,20,40,20,40,35
22d12h59m-22d16h46m:57,30,57,45
22d13h43m-22d15h03m:10,20,40,20,40,35
22d13h58m-22d17h41m:25,25,30,25,30,30,35,30
22d14h17m-22d14h32m:25,45,45,45,45,40
22d14h28m-22d17h06m:50,10,55,10,55,25
22d14h55m-22d17h04m:67,37,67,22
22d16h29m-22d18h01m:15,03,22,03,22,08,37,08,37,12
22d18h59m-22d19h45m:17,15,25,15
22d20h24m-22d21h55m:42,08,42,15,47,15,47,27,55,27
22d20h35m-22d21h33m:57,30,57,45
22d20h49m-22d23h00m:10,20,40,20,40,35
22d20h58m-22d22h02m:57,30,57,45
22d20h58m-23d00h24m:67,37,67,22
22d23h00m-23d00h42m:05,20,05,35
23d01h39m-23d03h56m:50,10,55,10,55,25
23d02h06m-23d05h13m:08,03,08,23,20,23
23d02h21m-23d05h38m:15,25,15,30,20,30,20,35,30,35,30,40
23d03h48m-23d05h05m:50,10,55,10,55,25
23d05h44m-23d08h13m:15,40,27,40
23d06h30m-23d09h08m:08,03,08,23,20,23
23d07h39m-23d11h27m:08,03,08,23,20,23
23d09h53m-23d12h16m:17,15,25,15
23d10h18m-23d12h57m:60,10,60,25
23d10h36m-23d14h19m:60,10,60,25
23d11h47m-23d15h20m:60,10,60,25
23d13h25m-23d15h00m:15,40,27,40
23d14h20m-23d16h54m:05,20,05,35
23d17h05m-23d20h01m:17,15,25,15
23d17h33m-23d20h12m:15,03,22,03,22,08,37,08,37,12
23d18h35m-23d21h44m:15,03,22,03,22,08,37,08,37,12
23d19h46m-23d21h09m:08,03,08,23,20,23
23d20h47m-24d00h13m:57,30,57,45
23d21h06m-23d23h03m:08,03,08,23,20,23
23d21h20m-23d23h04m:08,03,08,23,20,23
23d21h24m-23d23h38m:50,10,55,10,55,25
23d21h47m-24d01h31m:60,10,60,25
23d23h59m-24d03h51m:67,37,67,22
24d02h41m-24d03h01m:60,10,60,25
24d05h41m-24d06h20m:60,10,60,25
24d07h05m-24d08h32m:15,40,27,40
24d08h35m-24d12h06m:15,10,30,10,30,18
24d10h59m-24d13h50m:50,10,55,10,55,25
24d11h05m-24d13h26m:15,10,30,10,30,18
24d14h34m-24d18h19m:15,10,30,10,30,18
24d15h44m-24d16h38m:50,10,55,10,55,25
24d16h33m-24d17h18m:42,08,42,15,47,15,47,27,55,27
24d17h45m-24d21h38m:25,45,45,45,45,40
24d17h55m-24d19h04m:10,20,40,20,40,35
24d18h29m-24d19h31m:15,40,27,40
24d18h57m-24d22h18m:60,10,60,25
24d20h24m-24d23h01m:15,10,30,10,30,18
24d20h35m-25d00h15m:10,20,40,20,40,35
24d21h33m-24d23h32m:15,25,15,30,20,30,20,35,30,35,30,40
24d22h37m-25d00h55m:10,20,40,20,40,35
24d23h00m-25d00h49m:25,25,30,25,30,30,35,30
24d23h32m-25d00h33m:05,20,05,35
25d00h03m-25d03h01m:05,20,05,35
25d00h53m-25d01h48m:08,03,08,23,20,23
25d01h12m-25d01h57m:17,15,25,15
25d02h43m-25d05h50m:42,08,42,15,47,15,47,27,55,27
25d05h06m-25d08h49m:25,45,45,45,45,40
25d05h25m-25d08h54m:25,25,30,25,30,30,35,30
25d05h45m-25d06h04m:15,40,27,40
25d06h30m-25d07h43m:15,03,22,03,22,08,37,08,37,12
25d06h35m-25d09h17m:15,40,27,40
25d07h52m-25d11h45m:60,10,60,25
25d08h03m-25d09h22m:08,03,08,23,20,23
25d08h27m-25d11h08m:15,10,30,10,30,18
25d10h25m-25d13h23m:15,03,22,03,22,08,37,08,37,12
25d11h25m-25d12h07m:67,37,67,22
25d11h34m-25d12h10m:15,03,22,03,22,08,37,08,37,12
25d13h03m-25d15h59m:57,30,57,45
25d14h20m-25d14h54m:25,25,30,25,30,30,35,30
25d14h29m-25d16h42m:42,08,42,15,47,15,47,27,55,27
25d15h45m-25d19h12m:67,37,67,22
25d16h24m-25d18h50m:08,03,08,23,20,23
25d18h03m-25d19h48m:60,10,60,25
25d18h58m-25d22h39m:42,08,42,15,47,15,47,27,55,27
25d19h38m-25d21h11m:25,45,45,45,45,40
25d20h58m-26d00h01m:05,20,05,35
25d23h08m-26d02h45m:25,25,30,25,30,30,35,30
26d00h23m-26d01h51m:15,10,30,10,30,18
26d02h17m-26d04h59m:60,10,60,25
26d03h33m-26d03h50m:15,25,15,30,20,30,20,35,30,35,30,40
26d04h29m-26d07h49m:50,10,55,10,55,25
26d04h44m-26d07h23m:15,40,27,40
26d05h23m-26d07h10m:05,20,05,35
26d08h09m-26d10h20m:67,37,67,22
26d11h37m-26d14h24m:42,08,42,15,47,15,47,27,55,27
26d12h40m-26d16h23m:15,03,22,03,22,08,37,08,37,12
26d12h52m-26d16h35m:15,03,22,03,22,08,37,08,37,12
26d15h29m-26d17h48m:05,20,05,35
26d18h18m-26d20h48m:25,45,45,45,45,40
26d22h04m-26d22h27m:50,10,55,10,55,25
27d02h14m-27d05h06m:50,10,55,10,55,25
27d02h41m-27d03h31m:10,20,40,20,40,35
27d03h32m-27d06h28m:50,10,55,10,55,25
27d04h33m-27d07h58m:50,10,55,10,55,25
27d07h12m-27d10h38m:50,10,55,10,55,25
27d07h40m-27d09h40m:15,40,27,40
27d08h17m-27d09h03m:67,37,67,22
27d11h33m-27d15h15m:50,10,55,10,55,25
27d15h19m-27d19h17m:15,40,27,40
27d16h11m-27d16h34m:10,20,40,20,40,35
27d17h19m-27d18h48m:15,25,15,30,20,30,20,35,30,35,30,40
28d00h44m-28d03h22m:05,20,05,35
28d01h40m-28d03h53m:42,08,42,15,47,15,47,27,55,27
28d01h42m-28d04h30m:05,20,05,35
28d01h45m-28d02h34m:50,10,55,10,55,25
28d01h57m-28d03h27m:67,37,67,22
28d02h59m-28d04h54m:57,30,57,45
28d04h35m-28d08h11m:57,30,57,45
28d06h15m-28d07h17m:05,20,05,35
28d08h49m-28d10h25m:60,10,60,25
28d08h59m-28d11h37m:42,08,42,15,47,15,47,27,55,27
28d09h08m-28d11h18m:08,03,08,23,20,23
28d11h09m-28d14h40m:05,20,05,35
28d13h48m-28d15h54m:67,37,67,22
28d14h16m-28d17h51m:15,03,22,03,22,08,37,08,37,12
28d15h27m-28d18h59m:60,10,60,25
28d15h42m-28d18h32m:17,15,25,15
28d16h03m-28d18h00m:08,03,08,23,20,23
28d16h58m-28d17h47m:15,25,15,30,20,30,20,35,30,35,30,40
28d19h13m-28d21h04m:17,15,25,15
28d21h18m-29d01h01m:50,10,55,10,55,25
28d21h29m-29d00h54m:15,10,30,10,30,18
28d21h59m-28d23h34m:60,10,60,25
28d22h09m-28d23h44m:15,10,30,10,30,18
28d23h41m-29d01h43m:15,10,30,10,30,18
29d00h02m-29d02h46m:15,10,30,10,30,18
29d00h33m-29d02h08m:25,25,30,25,30,30,35,30
29d01h55m-29d03h49m:25,45,45,45,45,40
29d10h39m-29d13h52m:15,10,30,10,30,18
29d14h32m-29d17h29m:15,03,22,03,22,08,37,08,37,12
29d14h44m-29d16h28m:25,25,30,25,30,30,35,30
29d14h57m-29d18h41m:25,25,30,25,30,30,35,30
29d16h55m-29d17h45m:50,10,55,10,55,25
29d16h59m-29d20h21m:08,03,08,23,20,23
29d22h25m-30d01h55m:25,25,30,25,30,30,35,30
29d23h57m-30d02h51m:15,10,30,10,30,18
30d01h22m-30d05h05m:08,03,08,23,20,23
30d01h57m-30d05h38m:15,40,27,40
30d02h54m-30d06h45m:17,15,25,15
30d03h17m-30d04h30m:67,37,67,22
30d03h25m-30d04h49m:05,20,05,35
30d04h48m-30d06h44m:25,45,45,45,45,40
30d05h38m-30d07h26m:08,03,08,23,20,23
30d06h52m-30d07h09m:15,03,22,03,22,08,37,08,37,12
30d07h49m-30d09h12m:10,20,40,20,40,35
30d09h32m-30d10h54m:08,03,08,23,20,23
30d09h36m-30d11h22m:50,10,55,10,55,25
30d12h17m-30d15h48m:57,30,57,45
30d15h12m-30d18h15m:15,10,30,10,30,18
30d16h58m-30d17h48m:25,25,30,25,30,30,35,30
30d20h01m-30d21h02m:25,25,30,25,30,30,35,30
30d20h33m-30d23h56m:15,25,15,30,20,30,20,35,30,35,30,40
30d21h43m-31d00h49m:08,03,08,23,20,23
30d23h17m-31d02h20m:15,25,15,30,20,30,20,35,30,35,30,40
31d00h47m-31d04h47m:15,10,30,10,30,18
31d02h00m-31d03h57m:10,20,40,20,40,35
31d04h15m-31d05h18m:42,08,42,15,47,15,47,27,55,27
31d04h33m-31d07h21m:67,37,67,22
31d04h33m-31d07h44m:08,03,08,23,20,23
31d04h34m-31d05h15m:10,20,40,20,40,35
31d07h24m-31d09h47m:25,45,45,45,45,40
31d10h26m-31d12h42m:15,25,15,30,20,30,20,35,30,35,30,40
31d11h27m-31d11h43m:67,37,67,22
31d11h59m-31d15h47m:17,15,25,15
31d12h17m-31d15h27m:15,10,30,10,30,18
31d12h39m-31d16h18m:67,37,67,22
31d12h54m-31d16h40m:25,45,45,45,45,40
31d13h45m-31d14h45m:50,10,55,10,55,25
31d19h04m-31d19h23m:10,20,40,20,40,35
31d19h51m-31d20h52m:15,40,27,40
31d22h04m-31d23h39m:42,08,42,15,47,15,47,27,55,27
