01d00h07m-01d01h51m:15,40,27,40
01d00h12m-01d02h19m:17,15,25,15
01d01h28m-01d04h30m:15,03,22,03,22,08,37,08,37,12
01d02h53m-01d03h29m:15,40,27,40
01d03h44m-01d05h22m:67,37,67,22
01d04h39m-01d08h14m:25,25,30,25,30,30,35,30
01d08h57m-01d11h51m:50,10,55,10,55,25
01d10h29m-01d13h38m:15,25,15,30,20,30,20,35,30,35,30,40
01d11h36m-01d14h49m:57,30,57,45
01d12h18m-01d15h07m:25,25,30,25,30,30,35,30
01d12h20m-01d12h53m:15,25,15,30,20,30,20,35,30,35,30,40
01d13h42m-01d15h24m:25,45,45,45,45,40
01d15h04m-01d18h15m:42,08,42,15,47,15,47,27,55,27
01d15h28m-01d17h43m:67,37,67,22
01d15h35m-01d17h48m:05,20,05,35
01d16h35m-01d17h31m:15,40,27,40
01d16h42m-01d18h32m:15,25,15,30,20,30,20,35,30,35,30,40
01d17h13m-01d18h43m:17,15,25,15
01d17h20m-01d18h28m:15,25,15,30,20,30,20,35,30,35,30,40
01d17h59m-01d19h11m:08,03,08,23,20,23
01d18h34m-01d21h52m:50,10,55,10,55,25
01d19h15m-01d20h37m:17,15,25,15
01d20h34m-01d21h33m:50,10,55,10,55,25
01d22h07m-02d01h48m:05,20,05,35
01d22h21m-02d00h51m:50,10,55,10,55,25
01d22h41m-02d02h08m:67,37,67,22
01d23h21m-02d03h10m:25,45,45,45,45,40
01d23h24m-02d03h15m:17,15,25,15
01d23h31m-02d01h38m:08,03,08,23,20,23
02d01h59m-02d04h38m:08,03,08,23,20,23
02d02h07m-02d05h02m:60,10,60,25
02d02h10m-02d06h09m:50,10,55,10,55,25
02d03h24m-02d04h45m:15,10,30,10,30,18
02d04h21m-02d05h54m:25,45,45,45,45,40
02d04h24m-02d05h55m:25,45,45,45,45,40
02d04h55m-02d08h48m:60,10,60,25
02d09h21m-02d12h47m:08,03,08,23,20,23
02d10h40m-02d13h00m:67,37,67,22
02d10h54m-02d11h24m:25,25,30,25,30,30,35,30
02d13h21m-02d13h54m:67,37,67,22
02d14h17m-02d14h34m:57,30,57,45
02d17h42m-02d21h20m:25,45,45,45,45,40
02d17h59m-02d20h02m:15,03,22,03,22,08,37,08,37,12
02d19h05m-02d21h47m:05,20,05,35
02d19h23m-02d21h51m:15,25,15,30,20,30,20,35,30,35,30,40
02d19h42m-02d22h34m:15,25,15,30,20,30,20,35,30,35,30,40
02d20h56m-02d22h56m:42,08,42,15,47,15,47,27,55,27
02d21h22m-02d22h54m:15,03,22,03,22,08,37,08,37,12
02d21h22m-03d01h21m:17,15,25,15
02d21h23m-03d00h38m:15,10,30,10,30,18
02d21h34m-02d22h37m:10,20,40,20,40,35
02d22h13m-03d00h15m:15,25,15,30,20,30,20,35,30,35,30,40
03d03h19m-03d05h16m:57,30,57,45
03d05h33m-03d06h27m:25,25,30,25,30,30,35,30
03d06h18m-03d07h31m:17,15,25,15
03d06h26m-03d09h46m:50,10,55,10,55,25
03d08h36m-03d09h52m:17,15,25,15
03d16h01m-03d19h45m:17,15,25,15
03d17h26m-03d21h13m:60,10,60,25
03d17h29m-03d20h51m:25,25,30,25,30,30,35,30
03d19h53m-03d23h20m:05,20,05,35
03d21h28m-03d22h42m:15,03,22,03,22,08,37,08,37,12
04d01h06m-04d02h54m:15,40,27,40
04d03h31m-04d03h55m:25,25,30,25,30,30,35,30
04d05h15m-04d09h15m:25,25,30,25,30,30,35,30
04d05h46m-04d07h17m:67,37,67,22
04d07h14m-04d09h58m:15,10,30,10,30,18
04d07h42m-04d08h35m:67,37,67,22
04d09h29m-04d12h45m:50,10,55,10,55,25
04d09h42m-04d11h10m:50,10,55,10,55,25
04d11h58m-04d12h58m:25,45,45,45,45,40
04d12h05m-04d14h24m:08,03,08,23,20,23
04d12h26m-04d15h52m:05,20,05,35
04d14h03m-04d16h01m:57,30,57,45
04d19h58m-04d21h59m:67,37,67,22
04d23h46m-05d03h13m:05,20,05,35
05d00h15m-05d03h23m:42,08,42,15,47,15,47,27,55,27
05d01h28m-05d03h26m:25,45,45,45,45,40
05d01h59m-05d05h56m:08,03,08,23,20,23
05d03h07m-05d06h20m:50,10,55,10,55,25
05d05h15m-05d06h46m:42,08,42,15,47,15,47,27,55,27
05d05h19m-05d07h28m:15,25,15,30,20,30,20,35,30,35,30,40
05d06h40m-05d10h00m:10,20,40,20,40,35
05d07h16m-05d10h39m:15,03,22,03,22,08,37,08,37,12
05d07h31m-05d09h25m:42,08,42,15,47,15,47,27,55,27
05d08h54m-05d09h58m:42,08,42,15,47,15,47,27,55,27
05d11h29m-05d14h48m:15,10,30,10,30,18
05d16h13m-05d18h12m:05,20,05,35
05d17h29m-05d20h18m:50,10,55,10,55,25
05d18h14m-05d20h27m:08,03,08,23,20,23
05d18h33m-05d21h36m:15,03,22,03,22,08,37,08,37,12
05d20h47m-05d21h08m:25,45,45,45,45,40
05d21h30m-05d23h09m:10,20,40,20,40,35
05d21h39m-06d01h34m:60,10,60,25
05d22h25m-06d00h59m:15,10,30,10,30,18
05d23h07m-06d01h32m:10,20,40,20,40,35
06d00h14m-06d04h11m:57,30,57,45
06d02h58m-06d06h53m:15,10,30,10,30,18
06d06h21m-06d06h50m:17,15,25,15
06d09h05m-06d09h26m:25,25,30,25,30,30,35,30
06d09h16m-06d11h51m:15,40,27,40
06d11h16m-06d11h56m:05,20,05,35
06d11h33m-06d15h11m:67,37,67,22
06d14h32m-06d15h30m:25,25,30,25,30,30,35,30
06d14h45m-06d15h59m:08,03,08,23,20,23
06d15h51m-06d19h20m:08,03,08,23,20,23
06d15h53m-06d17h51m:10,20,40,20,40,35
06d17h02m-06d20h43m:15,25,15,30,20,30,20,35,30,35,30,40
06d17h06m-06d18h31m:67,37,67,22
06d17h12m-06d20h00m:15,03,22,03,22,08,37,08,37,12
06d17h32m-06d19h54m:25,25,30,25,30,30,35,30
06d21h07m-07d00h05m:05,20,05,35
06d21h32m-07d01h23m:25,45,45,45,45,40
06d21h46m-06d22h15m:42,08,42,15,47,15,47,27,55,27
06d23h06m-07d01h05m:60,10,60,25
07d00h40m-07d04h28m:50,10,55,10,55,25
07d02h46m-07d03h51m:10,20,40,20,40,35
07d03h01m-07d05h02m:08,03,08,23,20,23
07d04h22m-07d05h47m:42,08,42,15,47,15,47,27,55,27
07d05h15m-07d09h01m:05,20,05,35
07d08h37m-07d10h55m:25,45,45,45,45,40
07d13h28m-07d16h27m:42,08,42,15,47,15,47,27,55,27
07d14h32m-07d16h21m:05,20,05,35
07d14h55m-07d17h18m:08,03,08,23,20,23
07d15h49m-07d18h32m:15,10,30,10,30,18
07d17h57m-07d18h30m:15,25,15,30,20,30,20,35,30,35,30,40
07d18h23m-07d21h24m:50,10,55,10,55,25
07d22h14m-07d23h42m:25,25,30,25,30,30,35,30
07d23h07m-08d02h10m:25,25,30,25,30,30,35,30
07d23h24m-08d01h07m:15,40,27,40
08d00h33m-08d02h39m:15,10,30,10,30,18
08d03h21m-08d04h14m:25,25,30,25,30,30,35,30
08d06h02m-08d08h01m:08,03,08,23,20,23
08d06h12m-08d08h12m:15,25,15,30,20,30,20,35,30,35,30,40
08d06h51m-08d10h03m:05,20,05,35
08d07h34m-08d10h45m:67,37,67,22
08d07h40m-08d09h19m:15,25,15,30,20,30,20,35,30,35,30,40
08d08h03m-08d08h29m:57,30,57,45
08d09h29m-08d10h47m:15,03,22,03,22,08,37,08,37,12
08d10h22m-08d12h47m:15,25,15,30,20,30,20,35,30,35,30,40
08d10h40m-08d10h55m:17,15,25,15
08d11h23m-08d12h35m:05,20,05,35
08d12h32m-08d13h48m:67,37,67,22
08d12h40m-08d13h46m:15,10,30,10,30,18
08d12h55m-08d16h29m:42,08,42,15,47,15,47,27,55,27
08d13h30m-08d17h22m:25,25,30,25,30,30,35,30
08d14h08m-08d16h56m:15,03,22,03,22,08,37,08,37,12
08d14h43m-08d17h13m:10,20,40,20,40,35
08d15h12m-08d15h46m:67,37,67,22
08d15h21m-08d18h03m:08,03,08,23,20,23
08d18h21m-08d21h43m:15,03,22,03,22,08,37,08,37,12
08d18h29m-08d19h46m:25,25,30,25,30,30,35,30
08d20h02m-08d21h46m:08,03,08,23,20,23
08d20h12m-08d21h55m:67,37,67,22
08d22h41m-09d02h14m:15,10,30,10,30,18
08d22h53m-09d02h11m:08,03,08,23,20,23
09d00h12m-09d02h32m:10,20,40,20,40,35
09d00h18m-09d02h02m:15,40,27,40
09d00h53m-09d01h37m:15,10,30,10,30,18
09d01h41m-09d05h18m:57,30,57,45
09d02h17m-09d02h42m:50,10,55,10,55,25
09d02h29m-09d03h37m:08,03,08,23,20,23
09d03h10m-09d06h40m:67,37,67,22
09d03h14m-09d03h39m:25,25,30,25,30,30,35,30
09d04h24m-09d05h59m:15,40,27,40
09d04h41m-09d08h34m:42,08,42,15,47,15,47,27,55,27
09d07h12m-09d07h43m:10,20,40,20,40,35
09d07h45m-09d08h16m:25,45,45,45,45,40
09d09h13m-09d10h38m:08,03,08,23,20,23
09d09h40m-09d10h41m:15,03,22,03,22,08,37,08,37,12
09d09h54m-09d12h38m:25,25,30,25,30,30,35,30
09d10h27m-09d13h11m:15,10,30,10,30,18
09d10h31m-09d12h38m:57,30,57,45
09d10h33m-09d10h49m:08,03,08,23,20,23
09d12h28m-09d15h28m:42,08,42,15,47,15,47,27,55,27
09d12h45m-09d14h27m:60,10,60,25
09d12h52m-09d14h55m:67,37,67,22
09d13h47m-09d15h28m:67,37,67,22
09d13h50m-09d15h40m:50,10,55,10,55,25
09d16h35m-09d18h43m:25,45,45,45,45,40
09d16h40m-09d17h49m:25,45,45,45,45,40
09d17h00m-09d18h53m:15,10,30,10,30,18
09d18h42m-09d19h56m:15,10,30,10,30,18
09d18h50m-09d20h24m:17,15,25,15
09d21h07m-09d23h10m:08,03,08,23,20,23
09d21h13m-09d21h50m:25,45,45,45,45,40
10d00h31m-10d01h53m:60,10,60,25
10d02h31m-10d05h42m:67,37,67,22
10d02h41m-10d04h31m:17,15,25,15
10d05h36m-10d07h41m:67,37,67,22
10d06h02m-10d07h10m:17,15,25,15
10d08h53m-10d09h56m:57,30,57,45
10d10h28m-10d11h59m:57,30,57,45
10d11h07m-10d12h22m:15,25,15,30,20,30,20,35,30,35,30,40
10d11h52m-10d13h08m:60,10,60,25
10d12h09m-10d14h14m:15,40,27,40
10d13h40m-10d13h55m:15,03,22,03,22,08,37,08,37,12
11d01h29m-11d05h01m:42,08,42,15,47,15,47,27,55,27
11d02h20m-11d05h37m:15,25,15,30,20,30,20,35,30,35,30,40
11d02h30m-11d04h49m:05,20,05,35
11d05h07m-11d05h44m:08,03,08,23,20,23
11d05h51m-11d09h33m:67,37,67,22
11d07h09m-11d11h00m:05,20,05,35
11d10h45m-11d12h12m:08,03,08,23,20,23
11d11h01m-11d14h40m:50,10,55,10,55,25
11d11h14m-11d14h28m:15,40,27,40
11d12h06m-11d15h46m:67,37,67,22
11d13h53m-11d17h26m:15,10,30,10,30,18
11d14h20m-11d14h44m:25,25,30,25,30,30,35,30
11d14h30m-11d14h58m:08,03,08,23,20,23
11d14h33m-11d16h31m:57,30,57,45
11d16h41m-11d17h49m:05,20,05,35
11d18h51m-11d22h21m:15,03,22,03,22,08,37,08,37,12
11d19h09m-11d20h17m:25,25,30,25,30,30,35,30
11d20h54m-12d00h29m:05,20,05,35
11d23h28m-12d01h40m:15,10,30,10,30,18
11d23h42m-12d00h36m:15,10,30,10,30,18
12d00h59m-12d02h56m:05,20,05,35
12d02h54m-12d05h49m:25,45,45,45,45,40
12d05h11m-12d05h41m:25,25,30,25,30,30,35,30
12d05h15m-12d08h34m:15,40,27,40
12d09h47m-12d13h00m:25,25,30,25,30,30,35,30
12d09h49m-12d12h35m:67,37,67,22
12d10h19m-12d14h07m:08,03,08,23,20,23
12d10h33m-12d14h29m:67,37,67,22
12d12h29m-12d15h08m:50,10,55,10,55,25
12d12h37m-12d14h28m:25,25,30,25,30,30,35,30
12d15h10m-12d15h58m:08,03,08,23,20,23
12d16h20m-12d18h26m:60,10,60,25
12d17h23m-12d21h11m:05,20,05,35
12d17h58m-12d18h59m:05,20,05,35
12d18h11m-12d19h36m:15,40,27,40
12d19h24m-12d22h43m:25,25,30,25,30,30,35,30
12d21h08m-12d23h56m:42,08,42,15,47,15,47,27,55,27
12d22h08m-12d23h30m:50,10,55,10,55,25
12d22h55m-13d01h49m:15,40,27,40
12d23h48m-13d00h48m:25,45,45,45,45,40
13d03h53m-13d06h33m:15,25,15,30,20,30,20,35,30,35,30,40
13d05h05m-13d06h31m:15,10,30,10,30,18
13d07h44m-13d08h06m:57,30,57,45
13d08h13m-13d11h30m:60,10,60,25
13d11h19m-13d12h59m:15,10,30,10,30,18
13d11h31m-13d13h46m:57,30,57,45
13d18h11m-13d18h37m:15,25,15,30,20,30,20,35,30,35,30,40
13d19h07m-13d21h28m:17,15,25,15
13d19h24m-13d21h58m:15,10,30,10,30,18
13d22h41m-13d23h05m:17,15,25,15
14d00h31m-14d04h17m:05,20,05,35
14d01h05m-14d03h18m:50,10,55,10,55,25
14d01h31m-14d04h38m:15,40,27,40
14d01h56m-14d05h16m:08,03,08,23,20,23
14d02h58m-14d06h02m:15,25,15,30,20,30,20,35,30,35,30,40
14d05h10m-14d06h26m:15,25,15,30,20,30,20,35,30,35,30,40
14d05h23m-14d06h54m:50,10,55,10,55,25
14d05h23m-14d07h47m:15,25,15,30,20,30,20,35,30,35,30,40
14d07h07m-14d07h50m:25,25,30,25,30,30,35,30
14d07h20m-14d09h05m:10,20,40,20,40,35
14d08h36m-14d10h00m:15,03,22,03,22,08,37,08,37,12
14d08h55m-14d12h32m:25,45,45,45,45,40
14d10h20m-14d13h16m:25,25,30,25,30,30,35,30
14d10h51m-14d12h56m:57,30,57,45
14d14h14m-14d14h44m:42,08,42,15,47,15,47,27,55,27
14d16h43m-14d19h59m:15,10,30,10,30,18
14d17h14m-14d19h31m:10,20,40,20,40,35
14d17h27m-14d20h33m:67,37,67,22
14d17h56m-14d20h26m:42,08,42,15,47,15,47,27,55,27
14d19h02m-14d19h17m:17,15,25,15
14d20h44m-14d22h32m:15,40,27,40
14d21h54m-14d22h31m:25,45,45,45,45,40
14d22h06m-14d23h32m:60,10,60,25
15d01h53m-15d05h06m:15,40,27,40
15d04h39m-15d05h18m:15,03,22,03,22,08,37,08,37,12
15d04h54m-15d05h13m:15,25,15,30,20,30,20,35,30,35,30,40
15d05h24m-15d08h59m:50,10,55,10,55,25
15d06h24m-15d07h31m:15,25,15,30,20,30,20,35,30,35,30,40
15d09h20m-15d12h38m:42,08,42,15,47,15,47,27,55,27
15d09h20m-15d12h40m:25,45,45,45,45,40
15d12h01m-15d13h15m:17,15,25,15
15d12h03m-15d15h40m:15,40,27,40
15d15h21m-15d16h24m:15,25,15,30,20,30,20,35,30,35,30,40
15d18h30m-15d20h25m:25,45,45,45,45,40
15d19h27m-15d22h42m:57,30,57,45
15d19h30m-15d21h20m:50,10,55,10,55,25
16d03h57m-16d05h22m:15,40,27,40
16d06h42m-16d10h31m:10,20,40,20,40,35
16d10h05m-16d11h46m:57,30,57,45
16d12h26m-16d15h52m:15,25,15,30,20,30,20,35,30,35,30,40
16d14h36m-16d18h09m:60,10,60,25
16d14h56m-16d16h35m:08,03,08,23,20,23
16d14h59m-16d16h08m:60,10,60,25
16d15h41m-16d16h57m:25,45,45,45,45,40
16d15h46m-16d16h34m:57,30,57,45
16d21h53m-16d22h35m:60,10,60,25
16d22h27m-17d01h28m:10,20,40,20,40,35
16d22h54m-16d23h25m:60,10,60,25
17d01h33m-17d04h10m:15,25,15,30,20,30,20,35,30,35,30,40
17d05h17m-17d06h47m:57,30,57,45
17d06h04m-17d08h48m:17,15,25,15
17d06h04m-17d09h29m:42,08,42,15,47,15,47,27,55,27
17d07h59m-17d10h22m:25,45,45,45,45,40
17d09h36m-17d09h59m:25,25,30,25,30,30,35,30
17d11h14m-17d13h08m:42,08,42,15,47,15,47,27,55,27
17d11h36m-17d15h01m:25,25,30,25,30,30,35,30
17d14h12m-17d17h43m:25,25,30,25,30,30,35,30
17d16h03m-17d18h21m:67,37,67,22
17d23h26m-18d01h12m:25,45,45,45,45,40
17d23h43m-18d00h18m:15,10,30,10,30,18
18d00h49m-18d02h39m:15,40,27,40
18d00h50m-18d04h29m:25,25,30,25,30,30,35,30
18d01h10m-18d03h32m:08,03,08,23,20,23
18d02h20m-18d05h23m:10,20,40,20,40,35
18d03h22m-18d04h43m:15,03,22,03,22,08,37,08,37,12
18d03h27m-18d04h08m:05,20,05,35
18d04h41m-18d04h58m:60,10,60,25
18d04h51m-18d07h13m:67,37,67,22
18d04h54m-18d06h53m:67,37,67,22
18d05h30m-18d07h14m:08,03,08,23,20,23
18d09h46m-18d13h43m:42,08,42,15,47,15,47,27,55,27
18d09h50m-18d11h03m:08,03,08,23,20,23
18d10h10m-18d11h03m:15,40,27,40
18d11h36m-18d13h47m:15,10,30,10,30,18
18d11h41m-18d13h41m:60,10,60,25
18d13h34m-18d16h49m:15,40,27,40
18d13h42m-18d15h54m:25,45,45,45,45,40
18d14h23m-18d14h38m:50,10,55,10,55,25
18d15h12m-18d18h55m:50,10,55,10,55,25
18d16h14m-18d17h03m:25,45,45,45,45,40
18d16h29m-18d18h26m:42,08,42,15,47,15,47,27,55,27
18d18h17m-18d21h10m:05,20,05,35
18d18h44m-18d20h29m:08,03,08,23,20,23
18d19h03m-18d21h23m:15,10,30,10,30,18
18d19h06m-18d22h58m:42,08,42,15,47,15,47,27,55,27
18d22h12m-18d23h41m:08,03,08,23,20,23
18d22h41m-19d02h01m:25,25,30,25,30,30,35,30
19d00h54m-19d03h45m:15,25,15,30,20,30,20,35,30,35,30,40
19d01h05m-19d03h39m:10,20,40,20,40,35
19d01h47m-19d04h57m:15,40,27,40
19d02h06m-19d03h13m:25,25,30,25,30,30,35,30
19d02h31m-19d04h16m:15,03,22,03,22,08,37,08,37,12
19d03h33m-19d06h16m:15,40,27,40
19d05h05m-19d06h16m:15,03,22,03,22,08,37,08,37,12
19d05h21m-19d09h15m:67,37,67,22
19d06h16m-19d09h19m:50,10,55,10,55,25
19d06h53m-19d09h29m:08,03,08,23,20,23
19d11h32m-19d14h12m:15,10,30,10,30,18
19d11h36m-19d13h09m:15,25,15,30,20,30,20,35,30,35,30,40
19d19h45m-19d22h22m:25,45,45,45,45,40
19d20h34m-20d00h07m:57,30,57,45
19d20h40m-19d23h20m:15,40,27,40
19d21h42m-20d01h00m:17,15,25,15
19d23h23m-20d01h14m:15,25,15,30,20,30,20,35,30,35,30,40
20d00h23m-20d00h45m:15,03,22,03,22,08,37,08,37,12
20d00h32m-20d04h18m:15,25,15,30,20,30,20,35,30,35,30,40
20d01h35m-20d01h56m:15,03,22,03,22,08,37,08,37,12
20d03h35m-20d06h20m:15,03,22,03,22,08,37,08,37,12
20d03h43m-20d04h57m:15,25,15,30,20,30,20,35,30,35,30,40
20d03h45m-20d04h01m:15,10,30,10,30,18
20d07h42m-20d08h54m:67,37,67,22
20d07h52m-20d10h54m:15,10,30,10,30,18
20d08h12m-20d11h41m:17,15,25,15
20d10h55m-20d14h04m:05,20,05,35
20d13h21m-20d17h16m:15,25,15,30,20,30,20,35,30,35,30,40
20d13h48m-20d15h39m:67,37,67,22
20d14h34m-20d16h01m:15,25,15,30,20,30,20,35,30,35,30,40
20d19h07m-20d20h35m:15,10,30,10,30,18
20d21h34m-20d23h10m:15,40,27,40
20d23h03m-20d23h28m:15,03,22,03,22,08,37,08,37,12
20d23h29m-21d02h52m:25,25,30,25,30,30,35,30
20d23h48m-21d03h27m:15,03,22,03,22,08,37,08,37,12
21d00h32m-21d02h21m:25,45,45,45,45,40
21d01h17m-21d01h50m:50,10,55,10,55,25
21d04h11m-21d06h49m:17,15,25,15
21d05h51m-21d07h54m:10,20,40,20,40,35
21d05h58m-21d06h31m:67,37,67,22
21d06h40m-21d09h58m:17,15,25,15
21d07h01m-21d09h19m:05,20,05,35
21d07h06m-21d08h54m:57,30,57,45
21d08h19m-21d10h22m:05,20,05,35
21d09h38m-21d12h12m:15,10,30,10,30,18
21d09h41m-21d09h56m:25,25,30,25,30,30,35,30
21d09h48m-21d13h18m:15,03,22,03,22,08,37,08,37,12
21d09h59m-21d11h56m:25,25,30,25,30,30,35,30
21d10h36m-21d11h27m:08,03,08,23,20,23
21d11h35m-21d12h00m:15,40,27,40
21d11h42m-21d12h58m:10,20,40,20,40,35
21d12h25m-21d12h50m:25,45,45,45,45,40
21d13h42m-21d14h04m:57,30,57,45
21d17h33m-21d20h10m:60,10,60,25
21d17h48m-21d18h24m:15,03,22,03,22,08,37,08,37,12
21d19h03m-21d20h08m:05,20,05,35
21d19h19m-21d19h55m:15,40,27,40
21d20h25m-21d22h11m:10,20,40,20,40,35
21d22h53m-22d01h34m:57,30,57,45
21d23h05m-22d02h50m:05,20,05,35
21d23h18m-22d02h10m:08,03,08,23,20,23
21d23h49m-22d03h15m:17,15,25,15
21d23h53m-22d00h41m:50,10,55,10,55,25
22d00h15m-22d02h37m:50,10,55,10,55,25
22d00h24m-22d01h40m:15,40,27,40
22d04h32m-22d07h37m:15,25,15,30,20,30,20,35,30,35,30,40
22d07h55m-22d09h25m:08,03,08,23,20,23
22d10h13m-22d13h11m:25,45,45,45,45,40
22d10h57m-22d13h45m:15,03,22,03,22,08,37,08,37,12
22d11h02m-22d13h06m:08,03,08,23,20,23
22d12h43m-22d13h25m:17,15,25,15
22d15h22m-22d18h22m:08,03,08,23,20,23
22d16h54m-22d18h58m:05,20,05,35
22d18h08m-22d21h54m:08,03,08,23,20,23
22d20h17m-22d21h38m:17,15,25,15
22d22h00m-22d23h31m:50,10,55,10,55,25
22d22h34m-23d00h34m:57,30,57,45
22d23h49m-23d03h32m:15,25,15,30,20,30,20,35,30,35,30,40
23d00h40m-23d02h56m:17,15,25,15
23d01h07m-23d01h50m:15,03,22,03,22,08,37,08,37,12
23d02h04m-23d03h53m:57,30,57,45
23d02h06m-23d02h31m:15,03,22,03,22,08,37,08,37,12
23d02h08m-23d06h03m:05,20,05,35
23d02h30m-23d03h31m:15,03,22,03,22,08,37,08,37,12
23d03h32m-23d07h26m:25,25,30,25,30,30,35,30
23d03h49m-23d07h12m:15,03,22,03,22,08,37,08,37,12
23d04h59m-23d05h42m:15,40,27,40
23d05h33m-23d08h40m:17,15,25,15
23d07h00m-23d07h57m:42,08,42,15,47,15,47,27,55,27
23d07h55m-23d09h18m:60,10,60,25
23d07h56m-23d11h48m:57,30,57,45
23d10h17m-23d13h03m:15,40,27,40
23d10h18m-23d10h39m:17,15,25,15
23d12h27m-23d13h49m:15,40,27,40
23d12h32m-23d14h00m:50,10,55,10,55,25
23d13h14m-23d13h54m:15,03,22,03,22,08,37,08,37,12
23d14h15m-23d14h33m:57,30,57,45
23d14h16m-23d17h34m:67,37,67,22
23d15h23m-23d17h56m:25,25,30,25,30,30,35,30
23d15h25m-23d18h22m:50,10,55,10,55,25
23d16h04m-23d18h59m:67,37,67,22
23d16h21m-23d17h35m:42,08,42,15,47,15,47,27,55,27
23d16h33m-23d19h41m:25,25,30,25,30,30,35,30
23d17h02m-23d17h59m:15,10,30,10,30,18
23d18h53m-23d22h31m:15,25,15,30,20,30,20,35,30,35,30,40
23d19h18m-23d22h27m:10,20,40,20,40,35
23d20h08m-23d21h08m:15,10,30,10,30,18
23d21h03m-23d22h58m:15,40,27,40
24d02h16m-24d05h54m:50,10,55,10,55,25
24d03h22m-24d04h24m:05,20,05,35
24d04h14m-24d06h44m:10,20,40,20,40,35
24d05h02m-24d06h18m:15,10,30,10,30,18
24d06h01m-24d06h51m:57,30,57,45
24d06h46m-24d08h56m:15,40,27,40
24d09h47m-24d10h55m:15,03,22,03,22,08,37,08,37,12
24d11h39m-24d15h32m:15,10,30,10,30,18
24d12h09m-24d13h11m:50,10,55,10,55,25
24d13h42m-24d16h56m:15,25,15,30,20,30,20,35,30,35,30,40
24d16h35m-24d19h13m:05,20,05,35
24d16h36m-24d19h15m:08,03,08,23,20,23
24d19h34m-24d21h51m:42,08,42,15,47,15,47,27,55,27
24d20h26m-24d23h44m:08,03,08,23,20,23
24d21h00m-24d21h56m:08,03,08,23,20,23
24d21h36m-25d01h03m:57,30,57,45
24d23h31m-25d00h53m:42,08,42,15,47,15,47,27,55,27
25d01h33m-25d03h57m:10,20,40,20,40,35
25d02h46m-25d05h15m:42,08,42,15,47,15,47,27,55,27
25d03h11m-25d04h58m:25,25,30,25,30,30,35,30
25d04h38m-25d07h25m:25,25,30,25,30,30,35,30
25d08h21m-25d10h21m:10,20,40,20,40,35
25d12h24m-25d14h41m:17,15,25,15
25d15h41m-25d17h52m:17,15,25,15
25d18h21m-25d19h20m:05,20,05,35
25d19h40m-25d21h31m:08,03,08,23,20,23
25d21h22m-25d22h41m:25,45,45,45,45,40
26d00h16m-26d03h56m:08,03,08,23,20,23
26d00h45m-26d02h08m:15,40,27,40
26d07h17m-26d08h11m:60,10,60,25
26d08h06m-26d10h12m:05,20,05,35
26d08h09m-26d10h39m:15,03,22,03,22,08,37,08,37,12
26d08h15m-26d08h46m:10,20,40,20,40,35
26d09h11m-26d09h38m:15,40,27,40
26d09h54m-26d12h23m:15,10,30,10,30,18
26d10h10m-26d13h25m:05,20,05,35
26d10h47m-26d13h37m:17,15,25,15
26d11h08m-26d11h41m:15,40,27,40
26d11h19m-26d14h14m:42,08,42,15,47,15,47,27,55,27
26d12h01m-26d15h42m:10,20,40,20,40,35
26d14h14m-26d16h11m:05,20,05,35
26d15h07m-26d16h32m:05,20,05,35
26d16h24m-26d20h10m:25,45,45,45,45,40
26d17h03m-26d18h38m:60,10,60,25
26d17h36m-26d18h54m:50,10,55,10,55,25
26d19h11m-26d22h20m:50,10,55,10,55,25
26d19h40m-26d23h29m:17,15,25,15
26d21h29m-26d21h57m:60,10,60,25
26d22h20m-27d01h46m:67,37,67,22
26d22h59m-27d01h32m:15,25,15,30,20,30,20,35,30,35,30,40
26d23h02m-26d23h39m:15,03,22,03,22,08,37,08,37,12
26d23h39m-27d00h34m:25,45,45,45,45,40
27d00h11m-27d00h48m:67,37,67,22
27d00h55m-27d02h38m:15,03,22,03,22,08,37,08,37,12
27d02h13m-27d04h09m:57,30,57,45
27d04h20m-27d08h04m:67,37,67,22
27d05h45m-27d07h25m:15,03,22,03,22,08,37,08,37,12
27d06h14m-27d06h40m:10,20,40,20,40,35
27d07h13m-27d07h33m:25,45,45,45,45,40
27d08h18m-27d11h00m:57,30,57,45
27d08h45m-27d12h31m:05,20,05,35
27d08h51m-27d11h36m:08,03,08,23,20,23
27d10h28m-27d14h25m:05,20,05,35
27d11h56m-27d14h12m:08,03,08,23,20,23
27d13h24m-27d14h02m:50,10,55,10,55,25
27d13h55m-27d14h50m:10,20,40,20,40,35
27d15h02m-27d17h47m:17,15,25,15
27d16h00m-27d19h03m:25,25,30,25,30,30,35,30
27d18h03m-27d19h57m:25,25,30,25,30,30,35,30
27d18h30m-27d21h46m:15,25,15,30,20,30,20,35,30,35,30,40
27d18h44m-27d21h16m:42,08,42,15,47,15,47,27,55,27
27d18h59m-27d19h37m:05,20,05,35
27d19h19m-27d20h47m:15,03,22,03,22,08,37,08,37,12
27d21h30m-27d23h03m:15,40,27,40
28d00h31m-28d04h31m:67,37,67,22
28d01h22m-28d02h44m:15,03,22,03,22,08,37,08,37,12
28d02h08m-28d05h47m:17,15,25,15
28d02h33m-28d03h50m:15,25,15,30,20,30,20,35,30,35,30,40
28d03h28m-28d05h18m:57,30,57,45
28d04h32m-28d04h58m:15,10,30,10,30,18
28d07h16m-28d10h41m:10,20,40,20,40,35
28d07h53m-28d09h11m:42,08,42,15,47,15,47,27,55,27
28d08h08m-28d11h15m:25,25,30,25,30,30,35,30
28d10h28m-28d11h00m:08,03,08,23,20,23
28d10h40m-28d11h30m:15,40,27,40
28d13h52m-28d15h24m:60,10,60,25
28d15h12m-28d18h47m:10,20,40,20,40,35
28d17h02m-28d20h32m:60,10,60,25
28d17h20m-28d18h41m:15,25,15,30,20,30,20,35,30,35,30,40
28d19h53m-28d21h21m:60,10,60,25
28d21h35m-28d23h44m:15,25,15,30,20,30,20,35,30,35,30,40
28d23h32m-29d03h04m:25,25,30,25,30,30,35,30
29d02h24m-29d02h41m:50,10,55,10,55,25
29d06h10m-29d09h21m:42,08,42,15,47,15,47,27,55,27
29d07h22m-29d10h25m:05,20,05,35
29d14h20m-29d15h59m:15,10,30,10,30,18
29d15h02m-29d16h41m:57,30,57,45
29d15h47m-29d18h31m:08,03,08,23,20,23
29d17h03m-29d21h01m:25,45,45,45,45,40
29d17h22m-29d19h24m:60,10,60,25
29d17h23m-29d21h09m:57,30,57,45
29d19h25m-29d19h45m:25,25,30,25,30,30,35,30
29d19h34m-29d21h22m:17,15,25,15
29d23h14m-30d01h06m:42,08,42,15,47,15,47,27,55,27
30d03h00m-30d05h33m:15,25,15,30,20,30,20,35,30,35,30,40
30d05h57m-30d09h47m:42,08,42,15,47,15,47,27,55,27
30d06h29m-30d08h27m:25,45,45,45,45,40
30d07h12m-30d08h05m:42,08,42,15,47,15,47,27,55,27
30d07h29m-30d09h33m:60,10,60,25
30d08h19m-30d10h53m:50,10,55,10,55,25
30d09h19m-30d10h19m:15,10,30,10,30,18
30d09h20m-30d12h51m:05,20,05,35
30d09h32m-30d12h10m:60,10,60,25
30d10h54m-30d12h01m:15,03,22,03,22,08,37,08,37,12
30d11h46m-30d14h30m:67,37,67,22
30d11h51m-30d12h52m:67,37,67,22
30d12h37m-30d15h34m:15,25,15,30,20,30,20,35,30,35,30,40
30d13h00m-30d15h54m:67,37,67,22
30d13h13m-30d16h17m:25,25,30,25,30,30,35,30
30d15h44m-30d19h13m:60,10,60,25
30d16h55m-30d19h40m:67,37,67,22
30d17h37m-30d20h10m:15,03,22,03,22,08,37,08,37,12
30d18h01m-30d21h25m:10,20,40,20,40,35
30d18h03m-30d19h53m:42,08,42,15,47,15,47,27,55,27
30d19h39m-30d23h37m:67,37,67,22
30d21h15m-30d23h07m:15,03,22,03,22,08,37,08,37,12
30d21h33m-30d22h36m:15,10,30,10,30,18
30d21h34m-31d01h04m:67,37,67,22
30d22h05m-30d23h04m:08,03,08,23,20,23
30d22h17m-31d00h42m:15,10,30,10,30,18
30d22h24m-31d00h20m:67,37,67,22
30d22h27m-30d23h35m:08,03,08,23,20,23
30d23h15m-31d00h28m:25,45,45,45,45,40
30d23h59m-31d03h08m:05,20,05,35
31d01h56m-31d05h23m:57,30,57,45
31d02h20m-31d04h31m:25,25,30,25,30,30,35,30
31d02h33m-31d04h40m:42,08,42,15,47,15,47,27,55,27
31d06h06m-31d09h19m:15,25,15,30,20,30,20,35,30,35,30,40
31d06h09m-31d07h28m:05,20,05,35
31d07h14m-31d08h21m:17,15,25,15
31d08h01m-31d10h00m:25,45,45,45,45,40
31d08h33m-31d11h29m:42,08,42,15,47,15,47,27,55,27
31d09h01m-31d11h12m:05,20,05,35
31d10h56m-31d14h54m:15,25,15,30,20,30,20,35,30,35,30,40
31d11h13m-31d14h53m:15,03,22,03,22,08,37,08,37,12
31d12h03m-31d15h59m:25,45,45,45,45,40
31d12h05m-31d14h40m:57,30,57,45
31d12h34m-31d15h22m:25,45,45,45,45,40
31d12h59m-31d13h15m:05,20,05,35
31d14h30m-31d16h19m:15,10,30,10,30,18
31d14h47m-31d17h45m:50,10,55,10,55,25
31d15h05m-31d17h00m:05,20,05,35
31d15h31m-31d18h36m:15,25,15,30,20,30,20,35,30,35,30,40
31d16h34m-31d19h11m:15,10,30,10,30,18
31d19h23m-31d20h59m:42,08,42,15,47,15,47,27,55,27
31d20h50m-31d22h56m:15,25,15,30,20,30,20,35,30,35,30,40
