01d03h35m-01d05h33m:15,40,27,40
01d05h46m-01d07h36m:15,03,22,03,22,08,37,08,37,12
01d08h10m-01d09h04m:05,20,05,35
01d10h01m-01d11h49m:42,08,42,15,47,15,47,27,55,27
01d10h57m-01d12h26m:57,30,57,45
01d13h02m-01d14h24m:60,10,60,25
01d14h13m-01d15h28m:10,20,40,20,40,35
01d14h26m-01d15h06m:25,45,45,45,45,40
01d22h41m-02d00h47m:17,15,25,15
01d23h34m-02d03h01m:15,03,22,03,22,08,37,08,37,12
01d23h40m-02d03h32m:15,03,22,03,22,08,37,08,37,12
02d01h06m-02d03h31m:42,08,42,15,47,15,47,27,55,27
02d01h07m-02d01h47m:25,25,30,25,30,30,35,30
02d01h34m-02d02h08m:67,37,67,22
02d03h05m-02d05h19m:67,37,67,22
02d03h17m-02d05h08m:08,03,08,23,20,23
02d04h21m-02d06h11m:15,03,22,03,22,08,37,08,37,12
02d04h23m-02d07h42m:17,15,25,15
02d04h24m-02d06h28m:15,10,30,10,30,18
02d07h48m-02d08h20m:15,40,27,40
02d07h55m-02d10h25m:15,25,15,30,20,30,20,35,30,35,30,40
02d08h29m-02d10h58m:15,10,30,10,30,18
02d09h07m-02d12h26m:60,10,60,25
02d11h40m-02d13h48m:10,20,40,20,40,35
02d12h52m-02d14h52m:08,03,08,23,20,23
02d13h21m-02d14h29m:15,10,30,10,30,18
02d14h01m-02d15h05m:57,30,57,45
02d14h17m-02d14h45m:15,25,15,30,20,30,20,35,30,35,30,40
02d15h06m-02d15h53m:15,03,22,03,22,08,37,08,37,12
02d15h35m-02d16h52m:50,10,55,10,55,25
02d17h18m-02d18h06m:15,25,15,30,20,30,20,35,30,35,30,40
02d18h46m-02d21h12m:15,10,30,10,30,18
02d19h41m-02d20h13m:57,30,57,45
02d20h10m-02d22h41m:60,10,60,25
02d20h11m-02d20h28m:67,37,67,22
02d22h54m-03d01h34m:25,45,45,45,45,40
02d23h01m-03d00h16m:10,20,40,20,40,35
03d02h43m-03d05h22m:25,45,45,45,45,40
03d03h16m-03d05h12m:67,37,67,22
03d03h48m-03d05h18m:08,03,08,23,20,23
03d06h03m-03d09h53m:60,10,60,25
03d06h19m-03d08h15m:05,20,05,35
03d06h38m-03d09h51m:17,15,25,15
03d10h27m-03d13h52m:17,15,25,15
03d11h59m-03d14h47m:08,03,08,23,20,23
03d14h17m-03d17h46m:25,25,30,25,30,30,35,30
03d14h34m-03d18h14m:42,08,42,15,47,15,47,27,55,27
03d15h33m-03d18h33m:15,40,27,40
03d17h08m-03d17h28m:57,30,57,45
03d18h13m-03d21h23m:57,30,57,45
03d20h19m-03d22h58m:15,10,30,10,30,18
03d22h25m-04d02h23m:50,10,55,10,55,25
04d02h18m-04d04h11m:17,15,25,15
04d03h05m-04d05h57m:67,37,67,22
04d03h23m-04d06h35m:25,25,30,25,30,30,35,30
04d03h38m-04d06h40m:67,37,67,22
04d03h52m-04d07h05m:08,03,08,23,20,23
04d04h15m-04d05h41m:10,20,40,20,40,35
04d05h47m-04d06h32m:50,10,55,10,55,25
04d06h34m-04d08h11m:15,40,27,40
04d06h56m-04d09h45m:25,25,30,25,30,30,35,30
04d07h24m-04d09h04m:10,20,40,20,40,35
04d09h16m-04d10h49m:25,25,30,25,30,30,35,30
04d09h50m-04d11h30m:15,03,22,03,22,08,37,08,37,12
04d09h52m-04d10h21m:42,08,42,15,47,15,47,27,55,27
04d11h20m-04d13h21m:57,30,57,45
04d12h34m-04d14h01m:15,03,22,03,22,08,37,08,37,12
04d13h04m-04d16h01m:05,20,05,35
04d17h21m-04d19h39m:05,20,05,35
04d17h35m-04d21h28m:15,03,22,03,22,08,37,08,37,12
04d22h12m-05d01h28m:67,37,67,22
04d23h07m-05d02h33m:25,25,30,25,30,30,35,30
04d23h19m-05d01h48m:08,03,08,23,20,23
04d23h39m-05d00h53m:15,03,22,03,22,08,37,08,37,12
04d23h42m-05d03h26m:17,15,25,15
05d01h04m-05d01h48m:15,03,22,03,22,08,37,08,37,12
05d02h08m-05d03h06m:57,30,57,45
05d02h23m-05d06h08m:60,10,60,25
05d05h03m-05d06h53m:57,30,57,45
05d06h14m-05d07h58m:15,40,27,40
05d06h23m-05d09h51m:08,03,08,23,20,23
05d08h05m-05d09h59m:57,30,57,45
05d09h47m-05d13h04m:17,15,25,15
05d10h26m-05d14h09m:25,25,30,25,30,30,35,30
05d11h01m-05d12h47m:15,40,27,40
05d12h44m-05d15h17m:10,20,40,20,40,35
05d14h08m-05d18h07m:25,25,30,25,30,30,35,30
05d14h20m-05d14h35m:25,25,30,25,30,30,35,30
05d14h39m-05d17h07m:25,25,30,25,30,30,35,30
05d16h05m-05d16h46m:15,10,30,10,30,18
05d16h43m-05d20h43m:15,10,30,10,30,18
05d16h51m-05d18h19m:60,10,60,25
05d17h47m-05d19h23m:05,20,05,35
05d20h34m-06d00h34m:10,20,40,20,40,35
05d20h49m-05d23h37m:15,03,22,03,22,08,37,08,37,12
05d21h09m-06d00h45m:10,20,40,20,40,35
05d21h11m-05d23h52m:42,08,42,15,47,15,47,27,55,27
05d21h21m-05d23h54m:50,10,55,10,55,25
05d21h22m-06d01h09m:57,30,57,45
05d21h32m-06d00h51m:15,03,22,03,22,08,37,08,37,12
05d23h06m-06d02h36m:25,25,30,25,30,30,35,30
05d23h10m-06d02h15m:15,40,27,40
06d01h32m-06d03h11m:10,20,40,20,40,35
06d02h33m-06d06h23m:67,37,67,22
06d03h54m-06d07h08m:50,10,55,10,55,25
06d05h39m-06d06h12m:08,03,08,23,20,23
06d07h23m-06d10h56m:08,03,08,23,20,23
06d07h48m-06d08h13m:25,45,45,45,45,40
06d07h57m-06d11h27m:60,10,60,25
06d14h29m-06d18h29m:42,08,42,15,47,15,47,27,55,27
06d16h06m-06d17h47m:67,37,67,22
06d16h11m-06d17h44m:60,10,60,25
06d20h25m-07d00h23m:25,45,45,45,45,40
06d21h27m-06d23h16m:17,15,25,15
07d02h55m-07d06h36m:15,03,22,03,22,08,37,08,37,12
07d10h56m-07d11h34m:25,25,30,25,30,30,35,30
07d13h42m-07d17h01m:08,03,08,23,20,23
07d13h43m-07d14h52m:42,08,42,15,47,15,47,27,55,27
07d14h35m-07d15h29m:25,45,45,45,45,40
07d17h30m-07d19h04m:67,37,67,22
07d17h51m-07d19h07m:25,25,30,25,30,30,35,30
07d19h26m-07d20h44m:25,45,45,45,45,40
07d19h58m-07d23h17m:15,03,22,03,22,08,37,08,37,12
07d20h27m-07d21h35m:60,10,60,25
07d21h04m-07d23h47m:67,37,67,22
07d21h39m-08d00h49m:10,20,40,20,40,35
07d21h41m-07d23h59m:15,25,15,30,20,30,20,35,30,35,30,40
07d21h59m-08d00h40m:15,10,30,10,30,18
08d00h15m-08d01h25m:42,08,42,15,47,15,47,27,55,27
08d00h29m-08d03h40m:67,37,67,22
08d02h32m-08d05h31m:50,10,55,10,55,25
08d02h53m-08d03h12m:25,45,45,45,45,40
08d03h18m-08d05h34m:67,37,67,22
08d04h00m-08d04h48m:25,45,45,45,45,40
08d04h51m-08d05h44m:60,10,60,25
08d05h47m-08d06h58m:67,37,67,22
08d05h52m-08d07h30m:42,08,42,15,47,15,47,27,55,27
08d07h55m-08d08h35m:15,03,22,03,22,08,37,08,37,12
08d08h21m-08d09h41m:15,03,22,03,22,08,37,08,37,12
08d08h32m-08d09h14m:25,45,45,45,45,40
08d13h06m-08d13h56m:15,03,22,03,22,08,37,08,37,12
08d13h47m-08d16h58m:50,10,55,10,55,25
08d14h07m-08d16h13m:67,37,67,22
08d14h17m-08d17h56m:15,10,30,10,30,18
08d14h26m-08d14h51m:67,37,67,22
08d15h45m-08d18h01m:15,10,30,10,30,18
08d16h54m-08d17h11m:05,20,05,35
08d18h07m-08d21h24m:25,45,45,45,45,40
08d18h36m-08d22h01m:57,30,57,45
08d20h56m-08d23h55m:15,25,15,30,20,30,20,35,30,35,30,40
08d20h57m-09d00h29m:15,10,30,10,30,18
08d21h19m-08d23h45m:25,25,30,25,30,30,35,30
08d22h13m-09d00h08m:15,10,30,10,30,18
08d22h13m-09d00h37m:57,30,57,45
09d00h45m-09d01h08m:15,10,30,10,30,18
09d02h12m-09d04h34m:57,30,57,45
09d02h22m-09d05h27m:15,10,30,10,30,18
09d03h24m-09d03h40m:10,20,40,20,40,35
09d04h39m-09d05h24m:17,15,25,15
09d04h50m-09d07h53m:60,10,60,25
09d04h56m-09d08h39m:05,20,05,35
09d05h56m-09d09h21m:10,20,40,20,40,35
09d07h59m-09d11h15m:67,37,67,22
09d08h46m-09d11h56m:15,25,15,30,20,30,20,35,30,35,30,40
09d08h48m-09d09h34m:17,15,25,15
09d08h55m-09d11h38m:15,40,27,40
09d09h03m-09d11h27m:15,25,15,30,20,30,20,35,30,35,30,40
09d10h28m-09d12h51m:15,40,27,40
09d11h03m-09d12h14m:08,03,08,23,20,23
09d12h23m-09d15h15m:60,10,60,25
09d13h27m-09d16h42m:15,10,30,10,30,18
09d14h09m-09d16h56m:15,10,30,10,30,18
09d14h51m-09d15h16m:42,08,42,15,47,15,47,27,55,27
09d15h25m-09d17h42m:10,20,40,20,40,35
09d15h53m-09d18h16m:25,45,45,45,45,40
09d17h12m-09d18h50m:17,15,25,15
09d18h51m-09d21h01m:25,45,45,45,45,40
09d18h53m-09d21h54m:15,03,22,03,22,08,37,08,37,12
09d19h21m-09d21h50m:42,08,42,15,47,15,47,27,55,27
09d19h26m-09d20h08m:08,03,08,23,20,23
09d20h46m-09d23h54m:08,03,08,23,20,23
09d21h53m-09d22h26m:17,15,25,15
09d22h39m-10d00h38m:15,25,15,30,20,30,20,35,30,35,30,40
10d01h55m-10d03h59m:50,10,55,10,55,25
10d03h37m-10d06h53m:10,20,40,20,40,35
10d04h46m-10d08h06m:08,03,08,23,20,23
10d06h30m-10d10h20m:50,10,55,10,55,25
10d07h55m-10d09h28m:42,08,42,15,47,15,47,27,55,27
10d11h49m-10d14h55m:25,45,45,45,45,40
10d13h11m-10d15h03m:42,08,42,15,47,15,47,27,55,27
10d14h12m-10d17h46m:15,10,30,10,30,18
10d14h47m-10d15h09m:05,20,05,35
10d15h14m-10d17h25m:50,10,55,10,55,25
10d15h39m-10d17h35m:15,25,15,30,20,30,20,35,30,35,30,40
10d15h55m-10d16h49m:15,40,27,40
10d17h05m-10d20h00m:57,30,57,45
10d17h49m-10d20h06m:25,45,45,45,45,40
10d17h49m-10d21h25m:50,10,55,10,55,25
10d18h27m-10d19h31m:17,15,25,15
10d22h09m-11d01h52m:15,40,27,40
10d22h59m-11d02h47m:25,25,30,25,30,30,35,30
11d00h23m-11d03h31m:25,45,45,45,45,40
11d00h29m-11d02h34m:42,08,42,15,47,15,47,27,55,27
11d00h49m-11d02h22m:25,45,45,45,45,40
11d00h54m-11d01h28m:15,03,22,03,22,08,37,08,37,12
11d01h16m-11d04h32m:08,03,08,23,20,23
11d01h33m-11d04h14m:15,25,15,30,20,30,20,35,30,35,30,40
11d01h39m-11d02h14m:67,37,67,22
11d05h48m-11d09h29m:08,03,08,23,20,23
11d07h25m-11d08h13m:67,37,67,22
11d07h45m-11d11h35m:17,15,25,15
11d08h58m-11d10h10m:60,10,60,25
11d09h19m-11d11h25m:57,30,57,45
11d11h51m-11d12h19m:15,10,30,10,30,18
11d14h18m-11d18h15m:25,25,30,25,30,30,35,30
11d14h34m-11d15h09m:25,25,30,25,30,30,35,30
11d15h57m-11d18h24m:15,10,30,10,30,18
11d16h42m-11d17h58m:15,25,15,30,20,30,20,35,30,35,30,40
11d17h54m-11d21h08m:17,15,25,15
11d18h16m-11d21h07m:10,20,40,20,40,35
11d19h00m-11d22h01m:15,03,22,03,22,08,37,08,37,12
11d19h06m-11d21h29m:42,08,42,15,47,15,47,27,55,27
11d19h16m-11d21h48m:15,03,22,03,22,08,37,08,37,12
11d20h39m-11d22h30m:67,37,67,22
11d21h03m-12d00h32m:25,25,30,25,30,30,35,30
11d21h48m-12d00h08m:50,10,55,10,55,25
11d22h11m-11d22h36m:60,10,60,25
11d23h53m-12d03h07m:15,25,15,30,20,30,20,35,30,35,30,40
12d00h10m-12d00h54m:57,30,57,45
12d00h25m-12d02h53m:60,10,60,25
12d01h13m-12d01h45m:50,10,55,10,55,25
12d01h26m-12d04h55m:05,20,05,35
12d05h05m-12d06h48m:25,25,30,25,30,30,35,30
12d09h44m-12d12h48m:17,15,25,15
12d11h46m-12d15h10m:15,10,30,10,30,18
12d12h12m-12d14h15m:05,20,05,35
12d12h14m-12d15h19m:10,20,40,20,40,35
12d12h17m-12d15h53m:17,15,25,15
12d12h58m-12d16h43m:50,10,55,10,55,25
12d13h17m-12d15h47m:15,25,15,30,20,30,20,35,30,35,30,40
12d13h50m-12d15h54m:10,20,40,20,40,35
12d14h04m-12d16h12m:15,10,30,10,30,18
12d15h10m-12d18h34m:57,30,57,45
12d17h30m-12d20h53m:15,25,15,30,20,30,20,35,30,35,30,40
12d19h36m-12d21h05m:15,03,22,03,22,08,37,08,37,12
12d21h22m-12d23h46m:25,25,30,25,30,30,35,30
12d21h31m-13d00h03m:60,10,60,25
12d21h42m-12d23h11m:42,08,42,15,47,15,47,27,55,27
12d22h25m-13d00h45m:15,25,15,30,20,30,20,35,30,35,30,40
12d22h45m-13d00h45m:25,45,45,45,45,40
12d23h05m-13d01h11m:08,03,08,23,20,23
12d23h12m-13d02h55m:42,08,42,15,47,15,47,27,55,27
13d00h38m-13d02h52m:08,03,08,23,20,23
13d00h58m-13d02h20m:17,15,25,15
13d05h58m-13d07h40m:15,03,22,03,22,08,37,08,37,12
13d06h59m-13d08h31m:42,08,42,15,47,15,47,27,55,27
13d07h24m-13d10h05m:50,10,55,10,55,25
13d08h48m-13d12h39m:05,20,05,35
13d13h06m-13d13h30m:42,08,42,15,47,15,47,27,55,27
13d13h47m-13d16h28m:08,03,08,23,20,23
13d14h46m-13d15h49m:15,10,30,10,30,18
13d17h14m-13d20h11m:25,25,30,25,30,30,35,30
13d17h55m-13d19h22m:25,45,45,45,45,40
13d21h37m-13d23h18m:08,03,08,23,20,23
13d23h00m-13d23h16m:42,08,42,15,47,15,47,27,55,27
14d00h45m-14d01h12m:60,10,60,25
14d01h27m-14d03h48m:08,03,08,23,20,23
14d02h14m-14d06h14m:15,10,30,10,30,18
14d03h56m-14d05h20m:08,03,08,23,20,23
14d03h58m-14d04h33m:25,45,45,45,45,40
14d04h03m-14d04h47m:10,20,40,20,40,35
14d05h53m-14d09h06m:60,10,60,25
14d07h23m-14d08h33m:15,03,22,03,22,08,37,08,37,12
14d08h00m-14d10h57m:15,40,27,40
14d08h45m-14d12h41m:42,08,42,15,47,15,47,27,55,27
14d10h30m-14d14h10m:15,25,15,30,20,30,20,35,30,35,30,40
14d11h53m-14d15h05m:17,15,25,15
14d13h15m-14d15h05m:25,45,45,45,45,40
14d15h07m-14d16h50m:57,30,57,45
14d16h08m-14d17h06m:15,03,22,03,22,08,37,08,37,12
14d18h19m-14d18h45m:15,10,30,10,30,18
14d20h26m-14d21h09m:15,03,22,03,22,08,37,08,37,12
14d20h31m-14d22h56m:50,10,55,10,55,25
14d21h44m-14d22h07m:15,03,22,03,22,08,37,08,37,12
14d22h58m-15d02h55m:15,03,22,03,22,08,37,08,37,12
15d01h09m-15d03h05m:15,10,30,10,30,18
15d03h14m-15d06h45m:15,25,15,30,20,30,20,35,30,35,30,40
15d06h17m-15d07h07m:15,10,30,10,30,18
15d11h06m-15d13h24m:25,45,45,45,45,40
15d11h36m-15d15h18m:15,03,22,03,22,08,37,08,37,12
15d12h08m-15d15h12m:57,30,57,45
15d13h07m-15d17h04m:10,20,40,20,40,35
15d15h14m-15d18h02m:50,10,55,10,55,25
15d18h29m-15d20h24m:15,10,30,10,30,18
15d20h12m-15d22h18m:08,03,08,23,20,23
15d20h29m-16d00h14m:25,45,45,45,45,40
15d20h36m-15d23h40m:10,20,40,20,40,35
16d01h22m-16d01h54m:15,40,27,40
16d01h36m-16d05h04m:15,25,15,30,20,30,20,35,30,35,30,40
16d02h34m-16d05h47m:15,25,15,30,20,30,20,35,30,35,30,40
16d07h38m-16d11h06m:15,03,22,03,22,08,37,08,37,12
16d08h42m-16d09h34m:15,10,30,10,30,18
16d08h57m-16d11h36m:10,20,40,20,40,35
16d09h32m-16d09h54m:08,03,08,23,20,23
16d09h53m-16d10h39m:25,25,30,25,30,30,35,30
16d13h14m-16d13h30m:25,25,30,25,30,30,35,30
16d14h02m-16d15h42m:15,03,22,03,22,08,37,08,37,12
16d15h02m-16d15h27m:15,10,30,10,30,18
16d16h33m-16d16h53m:17,15,25,15
16d16h45m-16d17h38m:50,10,55,10,55,25
16d16h48m-16d18h53m:05,20,05,35
16d19h40m-16d21h42m:25,25,30,25,30,30,35,30
16d19h51m-16d23h30m:25,45,45,45,45,40
16d20h28m-16d23h24m:67,37,67,22
16d21h17m-16d22h52m:25,45,45,45,45,40
16d21h29m-17d00h03m:15,10,30,10,30,18
16d21h43m-16d23h35m:05,20,05,35
16d22h38m-17d01h43m:60,10,60,25
17d00h20m-17d01h29m:67,37,67,22
17d01h41m-17d02h24m:15,10,30,10,30,18
17d02h12m-17d02h40m:42,08,42,15,47,15,47,27,55,27
17d04h00m-17d05h42m:50,10,55,10,55,25
17d04h06m-17d04h24m:60,10,60,25
17d04h33m-17d06h02m:10,20,40,20,40,35
17d05h40m-17d08h44m:10,20,40,20,40,35
17d06h17m-17d07h23m:50,10,55,10,55,25
17d06h33m-17d08h56m:15,40,27,40
17d07h46m-17d09h24m:05,20,05,35
17d08h18m-17d11h14m:57,30,57,45
17d08h20m-17d10h07m:15,10,30,10,30,18
17d09h19m-17d11h10m:60,10,60,25
17d11h49m-17d14h07m:57,30,57,45
17d14h07m-17d14h45m:60,10,60,25
17d14h23m-17d18h23m:05,20,05,35
17d16h59m-17d20h38m:42,08,42,15,47,15,47,27,55,27
17d17h06m-17d17h36m:15,10,30,10,30,18
17d18h31m-17d22h30m:25,45,45,45,45,40
17d19h44m-17d23h39m:57,30,57,45
17d20h14m-17d21h24m:25,25,30,25,30,30,35,30
17d21h43m-17d22h39m:57,30,57,45
17d22h03m-17d23h39m:60,10,60,25
17d23h36m-18d01h35m:42,08,42,15,47,15,47,27,55,27
17d23h48m-18d01h41m:15,10,30,10,30,18
18d04h45m-18d05h40m:17,15,25,15
18d08h08m-18d12h02m:50,10,55,10,55,25
18d08h28m-18d10h17m:05,20,05,35
18d09h57m-18d12h21m:57,30,57,45
18d11h47m-18d12h40m:57,30,57,45
18d12h35m-18d15h43m:25,45,45,45,45,40
18d13h43m-18d17h26m:57,30,57,45
18d13h45m-18d14h12m:57,30,57,45
18d14h05m-18d17h57m:05,20,05,35
18d15h43m-18d16h21m:50,10,55,10,55,25
18d16h23m-18d19h44m:15,25,15,30,20,30,20,35,30,35,30,40
18d18h34m-18d19h58m:50,10,55,10,55,25
18d18h36m-18d19h18m:15,25,15,30,20,30,20,35,30,35,30,40
18d18h57m-18d22h01m:08,03,08,23,20,23
18d21h34m-19d00h41m:15,10,30,10,30,18
18d23h25m-19d00h35m:15,10,30,10,30,18
18d23h48m-19d02h47m:08,03,08,23,20,23
19d02h33m-19d03h29m:08,03,08,23,20,23
19d03h31m-19d06h09m:08,03,08,23,20,23
19d08h20m-19d08h41m:15,25,15,30,20,30,20,35,30,35,30,40
19d10h22m-19d11h42m:15,25,15,30,20,30,20,35,30,35,30,40
19d10h44m-19d14h07m:17,15,25,15
19d12h00m-19d13h26m:17,15,25,15
19d12h49m-19d13h23m:50,10,55,10,55,25
19d15h00m-19d16h21m:10,20,40,20,40,35
19d15h25m-19d16h30m:25,45,45,45,45,40
19d15h41m-19d16h14m:50,10,55,10,55,25
19d19h37m-19d22h20m:15,10,30,10,30,18
19d20h25m-19d23h14m:67,37,67,22
19d20h45m-20d00h21m:08,03,08,23,20,23
19d23h28m-20d00h27m:25,45,45,45,45,40
19d23h32m-20d02h53m:50,10,55,10,55,25
20d00h42m-20d03h48m:42,08,42,15,47,15,47,27,55,27
20d01h39m-20d03h13m:17,15,25,15
20d01h46m-20d04h00m:05,20,05,35
20d03h30m-20d04h56m:10,20,40,20,40,35
20d04h38m-20d07h37m:15,10,30,10,30,18
20d05h11m-20d06h47m:67,37,67,22
20d06h11m-20d07h06m:15,03,22,03,22,08,37,08,37,12
20d06h44m-20d10h33m:25,25,30,25,30,30,35,30
20d07h27m-20d09h03m:60,10,60,25
20d08h08m-20d11h59m:25,25,30,25,30,30,35,30
20d08h13m-20d09h52m:05,20,05,35
20d12h55m-20d15h31m:67,37,67,22
20d13h47m-20d17h21m:17,15,25,15
20d15h39m-20d18h23m:05,20,05,35
20d16h51m-20d20h26m:25,25,30,25,30,30,35,30
20d19h47m-20d23h31m:15,25,15,30,20,30,20,35,30,35,30,40
20d22h00m-20d23h28m:05,20,05,35
20d23h48m-21d00h25m:15,25,15,30,20,30,20,35,30,35,30,40
21d00h26m-21d01h07m:67,37,67,22
21d01h49m-21d03h33m:57,30,57,45
21d02h10m-21d02h45m:05,20,05,35
21d05h04m-21d06h46m:57,30,57,45
21d05h14m-21d05h30m:57,30,57,45
21d06h20m-21d07h24m:15,10,30,10,30,18
21d06h38m-21d08h59m:25,45,45,45,45,40
21d08h41m-21d09h40m:08,03,08,23,20,23
21d09h37m-21d12h28m:67,37,67,22
21d10h41m-21d12h21m:15,10,30,10,30,18
21d11h07m-21d11h32m:10,20,40,20,40,35
21d11h16m-21d15h13m:15,40,27,40
21d12h16m-21d12h56m:25,25,30,25,30,30,35,30
21d12h45m-21d13h05m:15,10,30,10,30,18
21d13h38m-21d14h26m:15,03,22,03,22,08,37,08,37,12
21d16h14m-21d18h26m:15,40,27,40
21d17h22m-21d18h56m:17,15,25,15
21d19h32m-21d20h19m:15,03,22,03,22,08,37,08,37,12
21d20h12m-21d21h01m:25,45,45,45,45,40
21d21h48m-22d00h10m:50,10,55,10,55,25
22d00h10m-22d03h42m:10,20,40,20,40,35
22d01h23m-22d02h16m:50,10,55,10,55,25
22d01h26m-22d05h20m:15,03,22,03,22,08,37,08,37,12
22d01h36m-22d04h15m:67,37,67,22
22d01h43m-22d04h29m:42,08,42,15,47,15,47,27,55,27
22d01h58m-22d02h25m:17,15,25,15
22d02h18m-22d05h56m:15,25,15,30,20,30,20,35,30,35,30,40
22d02h55m-22d04h17m:25,25,30,25,30,30,35,30
22d03h30m-22d04h49m:15,25,15,30,20,30,20,35,30,35,30,40
22d06h40m-22d10h31m:50,10,55,10,55,25
22d06h41m-22d08h34m:15,40,27,40
22d08h50m-22d12h15m:08,03,08,23,20,23
22d09h39m-22d12h06m:15,03,22,03,22,08,37,08,37,12
22d10h57m-22d13h40m:42,08,42,15,47,15,47,27,55,27
22d10h59m-22d11h32m:15,25,15,30,20,30,20,35,30,35,30,40
22d11h11m-22d11h35m:15,10,30,10,30,18
22d11h29m-22d12h23m:42,08,42,15,47,15,47,27,55,27
22d11h55m-22d14h12m:57,30,57,45
22d12h33m-22d13h28m:08,03,08,23,20,23
22d14h04m-22d17h42m:42,08,42,15,47,15,47,27,55,27
22d15h15m-22d17h57m:15,40,27,40
22d16h22m-22d17h26m:42,08,42,15,47,15,47,27,55,27
22d17h21m-22d18h05m:60,10,60,25
22d18h00m-22d21h31m:60,10,60,25
22d19h17m-22d22h37m:42,08,42,15,47,15,47,27,55,27
22d20h19m-22d22h45m:60,10,60,25
22d21h15m-23d00h37m:60,10,60,25
22d23h38m-23d01h51m:60,10,60,25
22d23h39m-23d00h46m:08,03,08,23,20,23
22d23h44m-23d00h49m:25,25,30,25,30,30,35,30
23d00h34m-23d02h28m:15,03,22,03,22,08,37,08,37,12
23d00h46m-23d04h31m:08,03,08,23,20,23
23d01h39m-23d03h45m:42,08,42,15,47,15,47,27,55,27
23d02h01m-23d05h58m:08,03,08,23,20,23
23d02h26m-23d03h45m:15,40,27,40
23d02h40m-23d04h24m:15,10,30,10,30,18
23d03h29m-23d07h06m:15,40,27,40
23d03h58m-23d04h48m:42,08,42,15,47,15,47,27,55,27
23d04h20m-23d06h56m:50,10,55,10,55,25
23d08h15m-23d08h33m:60,10,60,25
23d13h27m-23d15h03m:15,10,30,10,30,18
23d14h14m-23d17h36m:25,25,30,25,30,30,35,30
23d14h51m-23d16h42m:57,30,57,45
23d17h22m-23d21h00m:08,03,08,23,20,23
23d18h09m-23d18h43m:17,15,25,15
23d19h47m-23d21h05m:15,40,27,40
23d20h13m-23d20h58m:05,20,05,35
23d22h15m-23d22h36m:15,40,27,40
23d22h26m-24d00h58m:42,08,42,15,47,15,47,27,55,27
23d23h18m-24d02h25m:50,10,55,10,55,25
24d01h13m-24d04h52m:15,03,22,03,22,08,37,08,37,12
24d02h39m-24d04h15m:17,15,25,15
24d05h04m-24d07h12m:05,20,05,35
24d06h39m-24d08h23m:05,20,05,35
24d06h55m-24d08h00m:15,10,30,10,30,18
24d07h08m-24d10h47m:25,45,45,45,45,40
24d07h21m-24d11h12m:17,15,25,15
24d10h24m-24d11h03m:10,20,40,20,40,35
24d11h04m-24d11h26m:05,20,05,35
24d14h17m-24d17h53m:10,20,40,20,40,35
24d15h49m-24d19h05m:42,08,42,15,47,15,47,27,55,27
24d16h08m-24d18h32m:60,10,60,25
24d17h34m-24d18h19m:67,37,67,22
24d18h00m-24d21h10m:17,15,25,15
24d18h10m-24d19h21m:05,20,05,35
24d19h59m-24d20h50m:15,25,15,30,20,30,20,35,30,35,30,40
24d20h39m-25d00h30m:25,25,30,25,30,30,35,30
24d23h41m-25d00h07m:60,10,60,25
25d01h01m-25d04h27m:17,15,25,15
25d01h23m-25d04h01m:15,25,15,30,20,30,20,35,30,35,30,40
25d03h56m-25d05h34m:17,15,25,15
25d05h05m-25d06h23m:25,25,30,25,30,30,35,30
25d06h31m-25d07h37m:57,30,57,45
25d07h30m-25d10h17m:17,15,25,15
25d07h35m-25d08h41m:57,30,57,45
25d08h33m-25d12h06m:57,30,57,45
25d09h16m-25d12h52m:08,03,08,23,20,23
25d13h05m-25d17h00m:15,03,22,03,22,08,37,08,37,12
25d13h25m-25d16h29m:05,20,05,35
25d13h46m-25d15h37m:15,03,22,03,22,08,37,08,37,12
25d14h37m-25d16h11m:15,25,15,30,20,30,20,35,30,35,30,40
25d16h18m-25d17h08m:15,40,27,40
25d16h33m-25d17h39m:57,30,57,45
25d18h23m-25d21h20m:50,10,55,10,55,25
25d20h55m-25d23h37m:15,40,27,40
26d06h04m-26d07h15m:15,40,27,40
26d06h26m-26d07h07m:50,10,55,10,55,25
26d06h46m-26d09h30m:15,25,15,30,20,30,20,35,30,35,30,40
26d10h40m-26d13h46m:15,40,27,40
26d10h43m-26d12h05m:05,20,05,35
26d13h04m-26d16h31m:57,30,57,45
26d13h44m-26d14h27m:08,03,08,23,20,23
26d16h09m-26d17h00m:50,10,55,10,55,25
26d17h08m-26d19h27m:50,10,55,10,55,25
26d18h12m-26d21h49m:60,10,60,25
27d01h50m-27d03h35m:05,20,05,35
27d03h34m-27d05h34m:25,25,30,25,30,30,35,30
27d03h59m-27d06h34m:10,20,40,20,40,35
27d04h14m-27d07h46m:60,10,60,25
27d08h17m-27d09h19m:15,10,30,10,30,18
27d12h22m-27d15h07m:50,10,55,10,55,25
27d14h06m-27d14h36m:05,20,05,35
27d14h57m-27d15h46m:10,20,40,20,40,35
27d16h49m-27d17h19m:25,25,30,25,30,30,35,30
27d19h31m-27d22h21m:42,08,42,15,47,15,47,27,55,27
27d20h04m-27d23h29m:15,03,22,03,22,08,37,08,37,12
28d00h06m-28d01h18m:25,25,30,25,30,30,35,30
28d00h11m-28d01h07m:25,25,30,25,30,30,35,30
28d00h15m-28d02h04m:15,10,30,10,30,18
28d02h12m-28d03h08m:25,45,45,45,45,40
28d02h35m-28d04h20m:60,10,60,25
28d03h30m-28d04h13m:60,10,60,25
28d03h58m-28d04h58m:05,20,05,35
28d04h58m-28d06h25m:10,20,40,20,40,35
28d05h05m-28d06h03m:42,08,42,15,47,15,47,27,55,27
28d05h19m-28d07h08m:15,03,22,03,22,08,37,08,37,12
28d05h49m-28d08h19m:08,03,08,23,20,23
28d09h51m-28d12h46m:25,25,30,25,30,30,35,30
28d13h55m-28d14h41m:60,10,60,25
28d14h01m-28d14h48m:15,10,30,10,30,18
28d15h16m-28d18h57m:67,37,67,22
28d18h51m-28d20h59m:67,37,67,22
28d18h56m-28d19h19m:15,25,15,30,20,30,20,35,30,35,30,40
28d19h40m-28d22h03m:60,10,60,25
28d19h54m-28d20h24m:57,30,57,45
28d21h02m-28d23h55m:15,40,27,40
28d22h06m-28d22h32m:17,15,25,15
28d23h46m-29d03h06m:05,20,05,35
29d01h25m-29d04h01m:60,10,60,25
29d02h07m-29d05h00m:15,03,22,03,22,08,37,08,37,12
29d02h40m-29d05h24m:60,10,60,25
29d04h16m-29d05h29m:08,03,08,23,20,23
29d10h28m-29d11h28m:15,03,22,03,22,08,37,08,37,12
29d10h55m-29d12h30m:25,25,30,25,30,30,35,30
29d11h07m-29d12h56m:15,10,30,10,30,18
29d13h17m-29d16h14m:42,08,42,15,47,15,47,27,55,27
29d14h05m-29d18h02m:60,10,60,25
29d14h12m-29d18h02m:15,10,30,10,30,18
29d17h24m-29d19h31m:42,08,42,15,47,15,47,27,55,27
29d18h02m-29d21h53m:42,08,42,15,47,15,47,27,55,27
29d18h22m-29d19h59m:50,10,55,10,55,25
29d19h37m-29d21h47m:57,30,57,45
29d20h29m-29d23h26m:15,40,27,40
29d20h35m-29d21h46m:67,37,67,22
29d22h08m-29d22h59m:67,37,67,22
29d22h15m-30d02h07m:57,30,57,45
30d00h21m-30d02h52m:08,03,08,23,20,23
30d01h16m-30d02h29m:57,30,57,45
30d06h31m-30d08h10m:25,45,45,45,45,40
30d07h12m-30d08h07m:08,03,08,23,20,23
30d07h39m-30d10h29m:25,45,45,45,45,40
30d09h48m-30d13h37m:10,20,40,20,40,35
30d09h54m-30d11h38m:42,08,42,15,47,15,47,27,55,27
30d10h47m-30d11h57m:05,20,05,35
30d11h50m-30d15h16m:17,15,25,15
30d13h20m-30d13h54m:67,37,67,22
30d14h50m-30d15h16m:50,10,55,10,55,25
30d15h19m-30d19h06m:42,08,42,15,47,15,47,27,55,27
30d20h55m-30d22h32m:10,20,40,20,40,35
30d20h58m-30d23h59m:42,08,42,15,47,15,47,27,55,27
30d21h00m-30d23h29m:15,40,27,40
30d21h40m-30d22h40m:15,03,22,03,22,08,37,08,37,12
30d22h05m-30d23h48m:15,10,30,10,30,18
30d22h13m-30d22h44m:15,03,22,03,22,08,37,08,37,12
30d23h03m-30d23h37m:67,37,67,22
30d23h05m-30d23h48m:42,08,42,15,47,15,47,27,55,27
