01d01h06m-01d03h17m:15,03,22,03,22,08,37,08,37,12
01d01h34m-01d03h46m:17,15,25,15
01d01h37m-01d03h29m:25,25,30,25,30,30,35,30
01d03h03m-01d03h28m:15,10,30,10,30,18
01d03h06m-01d04h20m:57,30,57,45
01d03h14m-01d05h18m:57,30,57,45
01d04h55m-01d08h36m:15,40,27,40
01d05h39m-01d06h58m:50,10,55,10,55,25
01d08h48m-01d09h15m:15,10,30,10,30,18
01d11h21m-01d11h52m:57,30,57,45
01d13h19m-01d14h48m:60,10,60,25
01d13h38m-01d15h33m:10,20,40,20,40,35
01d14h44m-01d17h35m:25,25,30,25,30,30,35,30
01d14h52m-01d18h24m:25,45,45,45,45,40
01d15h06m-01d16h00m:42,08,42,15,47,15,47,27,55,27
01d15h08m-01d18h10m:15,40,27,40
01d17h14m-01d20h44m:57,30,57,45
01d17h54m-01d19h42m:10,20,40,20,40,35
01d18h44m-01d19h22m:25,25,30,25,30,30,35,30
01d20h28m-01d22h42m:10,20,40,20,40,35
01d21h07m-01d22h55m:57,30,57,45
01d23h00m-02d00h11m:08,03,08,23,20,23
01d23h06m-02d00h56m:15,25,15,30,20,30,20,35,30,35,30,40
01d23h51m-02d02h15m:17,15,25,15
01d23h57m-02d00h17m:57,30,57,45
02d01h11m-02d02h37m:67,37,67,22
02d01h32m-02d03h28m:50,10,55,10,55,25
02d05h35m-02d08h57m:10,20,40,20,40,35
02d06h07m-02d07h14m:57,30,57,45
02d07h20m-02d07h52m:10,20,40,20,40,35
02d07h44m-02d11h20m:05,20,05,35
02d08h12m-02d09h03m:05,20,05,35
02d08h28m-02d11h46m:15,03,22,03,22,08,37,08,37,12
02d09h53m-02d12h11m:15,03,22,03,22,08,37,08,37,12
02d11h48m-02d13h46m:25,45,45,45,45,40
02d11h50m-02d13h08m:10,20,40,20,40,35
02d11h58m-02d15h13m:57,30,57,45
02d12h01m-02d14h43m:25,25,30,25,30,30,35,30
02d12h03m-02d14h31m:50,10,55,10,55,25
02d13h07m-02d16h35m:15,10,30,10,30,18
02d13h59m-02d15h08m:15,40,27,40
02d14h00m-02d15h04m:57,30,57,45
02d14h45m-02d16h51m:08,03,08,23,20,23
02d15h16m-02d16h20m:60,10,60,25
02d15h41m-02d19h24m:10,20,40,20,40,35
02d16h40m-02d20h10m:10,20,40,20,40,35
02d17h13m-02d17h48m:42,08,42,15,47,15,47,27,55,27
02d18h05m-02d21h29m:25,25,30,25,30,30,35,30
02d21h03m-02d23h47m:25,25,30,25,30,30,35,30
02d22h59m-03d00h18m:42,08,42,15,47,15,47,27,55,27
03d00h33m-03d04h33m:42,08,42,15,47,15,47,27,55,27
03d01h16m-03d03h48m:05,20,05,35
03d01h47m-03d04h20m:42,08,42,15,47,15,47,27,55,27
03d02h00m-03d05h15m:15,40,27,40
03d02h56m-03d03h22m:42,08,42,15,47,15,47,27,55,27
03d03h42m-03d06h31m:60,10,60,25
03d04h47m-03d06h39m:67,37,67,22
03d06h29m-03d08h46m:15,25,15,30,20,30,20,35,30,35,30,40
03d06h50m-03d07h36m:05,20,05,35
03d07h07m-03d09h39m:57,30,57,45
03d07h57m-03d11h04m:15,25,15,30,20,30,20,35,30,35,30,40
03d10h58m-03d12h36m:10,20,40,20,40,35
03d15h33m-03d18h01m:25,45,45,45,45,40
03d17h20m-03d19h44m:50,10,55,10,55,25
03d18h03m-03d19h49m:05,20,05,35
03d18h19m-03d19h23m:25,25,30,25,30,30,35,30
03d18h21m-03d20h27m:25,45,45,45,45,40
03d19h57m-03d20h40m:50,10,55,10,55,25
04d04h35m-04d08h00m:15,40,27,40
04d05h09m-04d06h53m:15,10,30,10,30,18
04d06h36m-04d09h07m:42,08,42,15,47,15,47,27,55,27
04d08h26m-04d11h04m:17,15,25,15
04d08h51m-04d11h22m:60,10,60,25
04d08h57m-04d11h02m:25,25,30,25,30,30,35,30
04d11h18m-04d11h40m:67,37,67,22
04d14h26m-04d15h49m:25,25,30,25,30,30,35,30
04d15h00m-04d18h00m:10,20,40,20,40,35
04d15h05m-04d15h48m:15,25,15,30,20,30,20,35,30,35,30,40
04d15h15m-04d17h23m:05,20,05,35
04d15h31m-04d19h26m:60,10,60,25
04d16h36m-04d17h30m:15,25,15,30,20,30,20,35,30,35,30,40
04d16h44m-04d17h42m:60,10,60,25
04d17h29m-04d19h55m:05,20,05,35
04d18h16m-04d20h15m:25,45,45,45,45,40
04d21h50m-05d01h41m:57,30,57,45
04d23h03m-05d00h13m:42,08,42,15,47,15,47,27,55,27
04d23h03m-05d01h05m:42,08,42,15,47,15,47,27,55,27
04d23h08m-05d02h17m:15,25,15,30,20,30,20,35,30,35,30,40
04d23h23m-05d01h23m:10,20,40,20,40,35
04d23h27m-05d03h14m:15,40,27,40
04d23h57m-05d01h36m:05,20,05,35
05d01h48m-05d02h13m:67,37,67,22
05d03h46m-05d04h38m:15,40,27,40
05d04h11m-05d05h59m:50,10,55,10,55,25
05d05h49m-05d06h56m:08,03,08,23,20,23
05d06h39m-05d09h04m:60,10,60,25
05d08h06m-05d10h10m:05,20,05,35
05d09h32m-05d12h18m:10,20,40,20,40,35
05d09h49m-05d13h32m:05,20,05,35
05d11h16m-05d11h57m:15,10,30,10,30,18
05d11h26m-05d11h42m:05,20,05,35
05d11h47m-05d14h34m:25,25,30,25,30,30,35,30
05d12h30m-05d13h15m:50,10,55,10,55,25
05d13h34m-05d14h39m:15,25,15,30,20,30,20,35,30,35,30,40
05d14h22m-05d16h02m:10,20,40,20,40,35
05d16h55m-05d20h07m:25,45,45,45,45,40
05d17h46m-05d21h05m:60,10,60,25
05d17h57m-05d21h24m:67,37,67,22
05d19h58m-05d23h14m:50,10,55,10,55,25
05d22h50m-06d02h15m:05,20,05,35
06d00h17m-06d01h26m:50,10,55,10,55,25
06d00h46m-06d04h28m:17,15,25,15
06d00h54m-06d04h21m:08,03,08,23,20,23
06d00h57m-06d02h59m:57,30,57,45
06d01h18m-06d04h46m:08,03,08,23,20,23
06d01h31m-06d02h54m:15,03,22,03,22,08,37,08,37,12
06d03h25m-06d05h06m:05,20,05,35
06d03h30m-06d05h57m:15,10,30,10,30,18
06d07h32m-06d09h21m:42,08,42,15,47,15,47,27,55,27
06d08h23m-06d11h32m:15,03,22,03,22,08,37,08,37,12
06d08h50m-06d11h47m:15,40,27,40
06d09h11m-06d11h09m:15,03,22,03,22,08,37,08,37,12
06d09h17m-06d10h28m:15,40,27,40
06d10h27m-06d11h27m:60,10,60,25
06d10h28m-06d12h03m:08,03,08,23,20,23
06d11h13m-06d13h28m:15,40,27,40
06d12h10m-06d16h10m:15,25,15,30,20,30,20,35,30,35,30,40
06d12h42m-06d13h10m:15,03,22,03,22,08,37,08,37,12
06d12h42m-06d13h50m:50,10,55,10,55,25
06d13h00m-06d14h19m:10,20,40,20,40,35
06d13h05m-06d15h29m:15,10,30,10,30,18
06d14h24m-06d15h31m:50,10,55,10,55,25
06d14h54m-06d18h06m:25,45,45,45,45,40
06d16h22m-06d18h34m:60,10,60,25
06d17h12m-06d18h42m:25,25,30,25,30,30,35,30
06d17h53m-06d19h37m:42,08,42,15,47,15,47,27,55,27
06d17h57m-06d21h38m:42,08,42,15,47,15,47,27,55,27
06d18h02m-06d20h24m:57,30,57,45
06d22h11m-07d00h37m:15,10,30,10,30,18
06d22h17m-06d23h12m:17,15,25,15
07d00h12m-07d00h49m:60,10,60,25
07d00h35m-07d01h03m:60,10,60,25
07d01h10m-07d04h26m:15,03,22,03,22,08,37,08,37,12
07d01h22m-07d02h34m:15,03,22,03,22,08,37,08,37,12
07d03h59m-07d05h11m:05,20,05,35
07d04h27m-07d05h07m:08,03,08,23,20,23
07d05h46m-07d06h10m:42,08,42,15,47,15,47,27,55,27
07d08h14m-07d09h00m:15,25,15,30,20,30,20,35,30,35,30,40
07d10h18m-07d13h06m:08,03,08,23,20,23
07d11h40m-07d12h16m:67,37,67,22
07d13h09m-07d14h36m:10,20,40,20,40,35
07d13h24m-07d17h21m:15,10,30,10,30,18
07d14h06m-07d15h58m:60,10,60,25
07d15h08m-07d16h20m:42,08,42,15,47,15,47,27,55,27
07d18h18m-07d21h57m:50,10,55,10,55,25
07d18h46m-07d20h38m:67,37,67,22
07d23h12m-08d01h00m:50,10,55,10,55,25
07d23h29m-08d01h02m:15,10,30,10,30,18
07d23h58m-08d01h19m:42,08,42,15,47,15,47,27,55,27
08d00h31m-08d02h01m:17,15,25,15
08d02h16m-08d03h28m:10,20,40,20,40,35
08d04h10m-08d07h29m:05,20,05,35
08d05h24m-08d08h35m:42,08,42,15,47,15,47,27,55,27
08d06h59m-08d09h45m:57,30,57,45
08d07h03m-08d10h36m:10,20,40,20,40,35
08d07h13m-08d08h14m:05,20,05,35
08d08h24m-08d11h17m:17,15,25,15
08d11h41m-08d12h57m:50,10,55,10,55,25
08d13h01m-08d16h54m:25,45,45,45,45,40
08d13h01m-08d16h58m:15,40,27,40
08d13h32m-08d15h40m:17,15,25,15
08d14h28m-08d16h43m:05,20,05,35
08d14h54m-08d15h25m:25,45,45,45,45,40
08d18h47m-08d20h46m:15,40,27,40
08d20h40m-08d22h50m:08,03,08,23,20,23
08d21h25m-08d22h57m:50,10,55,10,55,25
08d22h31m-09d00h30m:15,03,22,03,22,08,37,08,37,12
08d23h48m-09d02h28m:42,08,42,15,47,15,47,27,55,27
09d01h57m-09d04h28m:15,03,22,03,22,08,37,08,37,12
09d02h18m-09d05h45m:42,08,42,15,47,15,47,27,55,27
09d02h53m-09d04h37m:15,25,15,30,20,30,20,35,30,35,30,40
09d02h57m-09d05h42m:50,10,55,10,55,25
09d04h42m-09d06h22m:67,37,67,22
09d07h11m-09d09h31m:25,25,30,25,30,30,35,30
09d07h55m-09d09h48m:05,20,05,35
09d07h57m-09d08h58m:60,10,60,25
09d08h13m-09d09h59m:50,10,55,10,55,25
09d10h01m-09d12h11m:15,25,15,30,20,30,20,35,30,35,30,40
09d10h19m-09d13h25m:17,15,25,15
09d12h51m-09d13h50m:17,15,25,15
09d14h19m-09d17h54m:57,30,57,45
09d16h16m-09d19h35m:15,10,30,10,30,18
09d20h51m-09d23h38m:67,37,67,22
09d20h59m-09d22h30m:50,10,55,10,55,25
09d21h37m-10d00h03m:57,30,57,45
10d03h22m-10d06h15m:60,10,60,25
10d06h00m-10d08h16m:15,40,27,40
10d06h01m-10d08h56m:60,10,60,25
10d06h18m-10d08h53m:25,25,30,25,30,30,35,30
10d13h01m-10d14h16m:25,25,30,25,30,30,35,30
10d13h19m-10d16h29m:15,25,15,30,20,30,20,35,30,35,30,40
10d15h14m-10d17h08m:25,45,45,45,45,40
10d16h14m-10d18h11m:25,45,45,45,45,40
10d17h05m-10d20h06m:67,37,67,22
10d17h24m-10d18h55m:15,03,22,03,22,08,37,08,37,12
10d19h12m-10d21h20m:10,20,40,20,40,35
10d21h15m-11d00h31m:25,25,30,25,30,30,35,30
10d21h54m-11d01h04m:60,10,60,25
10d22h04m-11d00h47m:67,37,67,22
11d01h30m-11d03h37m:60,10,60,25
11d01h32m-11d03h58m:42,08,42,15,47,15,47,27,55,27
11d02h34m-11d04h50m:60,10,60,25
11d02h37m-11d05h03m:25,25,30,25,30,30,35,30
11d03h30m-11d04h03m:25,45,45,45,45,40
11d04h05m-11d07h59m:50,10,55,10,55,25
11d05h20m-11d07h41m:50,10,55,10,55,25
11d07h43m-11d11h15m:67,37,67,22
11d08h23m-11d11h09m:60,10,60,25
11d08h41m-11d11h51m:50,10,55,10,55,25
11d09h09m-11d12h28m:15,40,27,40
11d09h16m-11d09h40m:10,20,40,20,40,35
11d09h28m-11d10h09m:60,10,60,25
11d10h55m-11d13h52m:60,10,60,25
11d11h37m-11d13h47m:15,40,27,40
11d12h13m-11d13h31m:67,37,67,22
11d15h19m-11d18h32m:10,20,40,20,40,35
11d15h30m-11d16h21m:15,03,22,03,22,08,37,08,37,12
11d16h32m-11d18h16m:15,25,15,30,20,30,20,35,30,35,30,40
11d16h37m-11d18h00m:15,40,27,40
11d16h37m-11d19h39m:15,40,27,40
11d16h43m-11d17h07m:50,10,55,10,55,25
11d17h27m-11d19h56m:60,10,60,25
11d17h48m-11d20h38m:08,03,08,23,20,23
11d18h32m-11d21h30m:50,10,55,10,55,25
11d18h32m-11d21h58m:15,40,27,40
11d19h24m-11d20h56m:60,10,60,25
11d20h10m-11d20h26m:67,37,67,22
11d23h28m-12d00h53m:42,08,42,15,47,15,47,27,55,27
11d23h37m-12d02h41m:17,15,25,15
12d00h41m-12d02h09m:05,20,05,35
12d03h11m-12d05h55m:25,45,45,45,45,40
12d04h39m-12d06h57m:05,20,05,35
12d04h50m-12d05h13m:15,25,15,30,20,30,20,35,30,35,30,40
12d05h02m-12d05h57m:25,45,45,45,45,40
12d05h14m-12d09h10m:25,45,45,45,45,40
12d06h00m-12d08h13m:25,25,30,25,30,30,35,30
12d06h04m-12d08h44m:67,37,67,22
12d08h55m-12d11h38m:17,15,25,15
12d08h59m-12d10h15m:67,37,67,22
12d10h21m-12d14h14m:60,10,60,25
12d11h06m-12d12h00m:67,37,67,22
12d15h03m-12d16h30m:57,30,57,45
12d15h09m-12d18h22m:15,03,22,03,22,08,37,08,37,12
12d18h57m-12d21h01m:60,10,60,25
12d23h30m-13d01h53m:67,37,67,22
13d01h29m-13d02h18m:57,30,57,45
13d02h04m-13d04h55m:15,40,27,40
13d02h17m-13d05h29m:15,40,27,40
13d03h28m-13d07h25m:50,10,55,10,55,25
13d03h51m-13d07h20m:05,20,05,35
13d04h12m-13d05h51m:15,25,15,30,20,30,20,35,30,35,30,40
13d06h12m-13d08h19m:25,25,30,25,30,30,35,30
13d07h26m-13d10h52m:57,30,57,45
13d07h53m-13d10h52m:25,25,30,25,30,30,35,30
13d08h09m-13d09h22m:50,10,55,10,55,25
13d08h23m-13d11h29m:08,03,08,23,20,23
13d08h28m-13d09h52m:08,03,08,23,20,23
13d10h48m-13d13h46m:08,03,08,23,20,23
13d10h57m-13d13h55m:15,40,27,40
13d12h25m-13d13h02m:15,25,15,30,20,30,20,35,30,35,30,40
13d12h49m-13d13h19m:25,45,45,45,45,40
13d13h52m-13d17h49m:15,40,27,40
13d14h06m-13d14h57m:57,30,57,45
13d16h14m-13d17h29m:08,03,08,23,20,23
13d18h17m-13d20h49m:15,10,30,10,30,18
13d20h41m-13d21h29m:15,10,30,10,30,18
13d22h57m-14d00h00m:15,10,30,10,30,18
13d23h43m-14d02h34m:67,37,67,22
14d00h01m-14d02h28m:15,40,27,40
14d01h35m-14d04h57m:15,25,15,30,20,30,20,35,30,35,30,40
14d04h20m-14d06h56m:25,45,45,45,45,40
14d04h28m-14d05h32m:60,10,60,25
14d04h42m-14d07h59m:57,30,57,45
14d07h32m-14d09h21m:08,03,08,23,20,23
14d09h54m-14d11h25m:25,25,30,25,30,30,35,30
14d12h47m-14d14h49m:67,37,67,22
14d13h52m-14d16h51m:25,45,45,45,45,40
14d18h02m-14d18h19m:42,08,42,15,47,15,47,27,55,27
14d20h57m-14d22h43m:50,10,55,10,55,25
14d23h13m-15d00h17m:15,10,30,10,30,18
14d23h30m-15d03h12m:08,03,08,23,20,23
15d01h40m-15d05h27m:15,40,27,40
15d03h42m-15d04h29m:42,08,42,15,47,15,47,27,55,27
15d04h03m-15d05h58m:42,08,42,15,47,15,47,27,55,27
15d04h12m-15d04h33m:25,45,45,45,45,40
15d05h10m-15d05h59m:15,10,30,10,30,18
15d05h47m-15d06h28m:15,03,22,03,22,08,37,08,37,12
15d06h54m-15d08h40m:25,25,30,25,30,30,35,30
15d09h32m-15d11h52m:08,03,08,23,20,23
15d12h21m-15d15h07m:05,20,05,35
15d14h43m-15d17h23m:10,20,40,20,40,35
15d15h07m-15d17h49m:67,37,67,22
15d15h56m-15d18h19m:67,37,67,22
15d16h49m-15d17h36m:10,20,40,20,40,35
15d17h52m-15d20h15m:57,30,57,45
15d18h59m-15d20h53m:05,20,05,35
15d19h22m-15d22h24m:15,25,15,30,20,30,20,35,30,35,30,40
15d20h07m-15d23h53m:42,08,42,15,47,15,47,27,55,27
15d20h16m-15d23h28m:05,20,05,35
15d20h42m-15d23h28m:42,08,42,15,47,15,47,27,55,27
15d22h31m-16d02h14m:08,03,08,23,20,23
15d23h16m-16d00h01m:60,10,60,25
15d23h26m-16d03h00m:67,37,67,22
16d00h00m-16d03h04m:05,20,05,35
16d00h21m-16d02h57m:25,45,45,45,45,40
16d00h22m-16d00h58m:05,20,05,35
16d00h35m-16d01h16m:42,08,42,15,47,15,47,27,55,27
16d02h01m-16d03h28m:17,15,25,15
16d05h02m-16d06h07m:15,03,22,03,22,08,37,08,37,12
16d07h43m-16d11h26m:67,37,67,22
16d10h22m-16d13h54m:15,25,15,30,20,30,20,35,30,35,30,40
16d11h43m-16d14h36m:57,30,57,45
16d14h59m-16d18h23m:10,20,40,20,40,35
16d15h46m-16d18h41m:42,08,42,15,47,15,47,27,55,27
16d17h56m-16d21h32m:67,37,67,22
16d18h45m-16d20h28m:15,25,15,30,20,30,20,35,30,35,30,40
16d18h49m-16d19h32m:15,40,27,40
16d22h17m-16d23h27m:15,25,15,30,20,30,20,35,30,35,30,40
16d23h35m-17d03h31m:67,37,67,22
17d03h37m-17d07h04m:60,10,60,25
17d06h24m-17d08h52m:05,20,05,35
17d07h22m-17d07h54m:42,08,42,15,47,15,47,27,55,27
17d09h29m-17d10h21m:15,03,22,03,22,08,37,08,37,12
17d12h09m-17d15h31m:42,08,42,15,47,15,47,27,55,27
17d12h29m-17d15h53m:60,10,60,25
17d12h30m-17d13h03m:57,30,57,45
17d13h29m-17d14h12m:08,03,08,23,20,23
17d14h22m-17d16h23m:15,03,22,03,22,08,37,08,37,12
17d18h19m-17d18h43m:15,40,27,40
17d18h45m-17d22h32m:25,25,30,25,30,30,35,30
17d18h53m-17d20h43m:67,37,67,22
17d19h09m-17d20h10m:15,25,15,30,20,30,20,35,30,35,30,40
17d19h14m-17d22h19m:15,40,27,40
17d22h12m-18d01h59m:50,10,55,10,55,25
18d01h18m-18d02h00m:15,03,22,03,22,08,37,08,37,12
18d01h36m-18d04h57m:67,37,67,22
18d01h55m-18d04h05m:08,03,08,23,20,23
18d02h49m-18d04h12m:10,20,40,20,40,35
18d03h10m-18d06h42m:15,10,30,10,30,18
18d03h20m-18d07h04m:57,30,57,45
18d04h12m-18d08h08m:50,10,55,10,55,25
18d06h05m-18d09h18m:25,25,30,25,30,30,35,30
18d06h58m-18d07h47m:17,15,25,15
18d09h02m-18d09h54m:08,03,08,23,20,23
18d09h39m-18d11h13m:15,03,22,03,22,08,37,08,37,12
18d10h27m-18d14h25m:08,03,08,23,20,23
18d11h14m-18d11h36m:15,10,30,10,30,18
18d11h34m-18d15h16m:05,20,05,35
18d11h37m-18d14h56m:67,37,67,22
18d13h25m-18d15h34m:08,03,08,23,20,23
18d13h48m-18d16h48m:25,25,30,25,30,30,35,30
18d16h22m-18d18h44m:25,45,45,45,45,40
18d18h00m-18d19h32m:17,15,25,15
18d18h23m-18d20h12m:50,10,55,10,55,25
18d18h44m-18d19h10m:10,20,40,20,40,35
18d19h24m-18d21h19m:15,10,30,10,30,18
18d20h03m-18d23h41m:42,08,42,15,47,15,47,27,55,27
18d22h08m-18d23h29m:42,08,42,15,47,15,47,27,55,27
18d22h25m-18d22h55m:15,40,27,40
19d00h27m-19d03h37m:15,03,22,03,22,08,37,08,37,12
19d00h29m-19d02h44m:08,03,08,23,20,23
19d01h41m-19d01h57m:15,25,15,30,20,30,20,35,30,35,30,40
19d02h27m-19d03h33m:50,10,55,10,55,25
19d03h06m-19d06h42m:57,30,57,45
19d03h24m-19d06h15m:15,03,22,03,22,08,37,08,37,12
19d05h05m-19d06h36m:15,40,27,40
19d07h26m-19d08h49m:25,45,45,45,45,40
19d07h33m-19d09h16m:57,30,57,45
19d09h51m-19d12h46m:10,20,40,20,40,35
19d11h53m-19d13h37m:10,20,40,20,40,35
19d12h20m-19d15h20m:50,10,55,10,55,25
19d12h31m-19d15h00m:42,08,42,15,47,15,47,27,55,27
19d13h06m-19d14h26m:25,45,45,45,45,40
19d14h16m-19d16h50m:15,25,15,30,20,30,20,35,30,35,30,40
19d15h19m-19d19h16m:08,03,08,23,20,23
19d15h41m-19d16h15m:08,03,08,23,20,23
19d16h49m-19d17h37m:57,30,57,45
19d17h18m-19d18h29m:15,03,22,03,22,08,37,08,37,12
19d17h31m-19d19h08m:42,08,42,15,47,15,47,27,55,27
19d18h26m-19d22h05m:08,03,08,23,20,23
19d22h17m-20d00h12m:15,25,15,30,20,30,20,35,30,35,30,40
19d23h30m-20d01h21m:15,10,30,10,30,18
19d23h59m-20d00h35m:57,30,57,45
20d00h14m-20d03h38m:42,08,42,15,47,15,47,27,55,27
20d00h30m-20d04h24m:17,15,25,15
20d00h49m-20d03h53m:15,10,30,10,30,18
20d02h10m-20d02h46m:15,10,30,10,30,18
20d02h46m-20d04h51m:15,03,22,03,22,08,37,08,37,12
20d02h48m-20d05h45m:15,40,27,40
20d03h41m-20d05h54m:05,20,05,35
20d04h00m-20d05h32m:15,40,27,40
20d04h35m-20d05h26m:05,20,05,35
20d04h42m-20d07h14m:67,37,67,22
20d05h28m-20d08h21m:25,25,30,25,30,30,35,30
20d07h54m-20d11h39m:25,25,30,25,30,30,35,30
20d09h28m-20d10h22m:42,08,42,15,47,15,47,27,55,27
20d11h52m-20d14h13m:10,20,40,20,40,35
20d11h52m-20d14h53m:15,40,27,40
20d12h09m-20d15h19m:15,25,15,30,20,30,20,35,30,35,30,40
20d12h38m-20d13h52m:05,20,05,35
20d13h03m-20d15h12m:25,25,30,25,30,30,35,30
20d13h35m-20d17h16m:15,40,27,40
20d17h09m-20d18h53m:05,20,05,35
20d18h33m-20d19h55m:50,10,55,10,55,25
20d19h12m-20d21h51m:25,25,30,25,30,30,35,30
20d19h47m-20d21h34m:67,37,67,22
20d19h48m-20d20h53m:15,10,30,10,30,18
20d20h58m-21d00h54m:25,25,30,25,30,30,35,30
20d23h43m-21d00h45m:08,03,08,23,20,23
21d02h43m-21d03h04m:15,10,30,10,30,18
21d08h11m-21d10h10m:15,03,22,03,22,08,37,08,37,12
21d08h29m-21d09h37m:15,25,15,30,20,30,20,35,30,35,30,40
21d08h54m-21d10h43m:42,08,42,15,47,15,47,27,55,27
21d09h24m-21d13h21m:25,45,45,45,45,40
21d09h31m-21d12h43m:25,45,45,45,45,40
21d09h52m-21d10h37m:15,10,30,10,30,18
21d11h04m-21d13h12m:17,15,25,15
21d12h26m-21d15h22m:10,20,40,20,40,35
21d16h45m-21d18h05m:10,20,40,20,40,35
21d18h24m-21d22h18m:57,30,57,45
21d19h28m-21d21h49m:15,40,27,40
21d20h30m-21d22h34m:57,30,57,45
21d22h19m-21d23h21m:17,15,25,15
22d01h48m-22d03h18m:60,10,60,25
22d03h46m-22d05h37m:15,03,22,03,22,08,37,08,37,12
22d04h18m-22d06h48m:57,30,57,45
22d08h16m-22d09h33m:25,45,45,45,45,40
22d12h46m-22d15h51m:50,10,55,10,55,25
22d13h35m-22d14h32m:15,40,27,40
22d14h20m-22d15h19m:42,08,42,15,47,15,47,27,55,27
22d17h33m-22d18h15m:60,10,60,25
22d18h09m-22d18h46m:05,20,05,35
22d21h31m-22d23h33m:25,25,30,25,30,30,35,30
23d01h16m-23d04h15m:25,25,30,25,30,30,35,30
23d01h35m-23d02h41m:25,45,45,45,45,40
23d02h11m-23d05h39m:15,25,15,30,20,30,20,35,30,35,30,40
23d04h45m-23d07h25m:57,30,57,45
23d05h24m-23d07h03m:10,20,40,20,40,35
23d05h27m-23d06h04m:10,20,40,20,40,35
23d06h59m-23d10h39m:42,08,42,15,47,15,47,27,55,27
23d08h08m-23d11h44m:05,20,05,35
23d09h25m-23d10h38m:10,20,40,20,40,35
23d12h21m-23d14h38m:10,20,40,20,40,35
23d12h45m-23d13h22m:08,03,08,23,20,23
23d12h59m-23d16h25m:60,10,60,25
23d13h59m-23d14h52m:15,25,15,30,20,30,20,35,30,35,30,40
23d14h46m-23d15h08m:67,37,67,22
23d16h15m-23d16h48m:67,37,67,22
23d17h23m-23d20h10m:15,03,22,03,22,08,37,08,37,12
23d17h57m-23d19h28m:17,15,25,15
23d17h58m-23d19h11m:08,03,08,23,20,23
23d18h09m-23d20h50m:15,40,27,40
23d18h15m-23d20h54m:67,37,67,22
23d19h43m-23d23h18m:15,40,27,40
23d21h01m-24d00h52m:05,20,05,35
23d21h41m-23d23h29m:15,40,27,40
23d23h20m-23d23h39m:15,40,27,40
23d23h47m-24d03h15m:57,30,57,45
24d01h18m-24d04h01m:25,45,45,45,45,40
24d01h44m-24d02h02m:10,20,40,20,40,35
24d04h54m-24d07h45m:67,37,67,22
24d07h06m-24d09h06m:25,45,45,45,45,40
24d07h09m-24d08h55m:42,08,42,15,47,15,47,27,55,27
24d07h13m-24d08h13m:50,10,55,10,55,25
24d13h08m-24d15h46m:08,03,08,23,20,23
24d14h48m-24d18h12m:15,40,27,40
24d16h26m-24d17h41m:25,45,45,45,45,40
24d16h39m-24d20h10m:42,08,42,15,47,15,47,27,55,27
24d16h57m-24d18h43m:05,20,05,35
24d17h57m-24d19h23m:15,25,15,30,20,30,20,35,30,35,30,40
24d18h24m-24d19h28m:08,03,08,23,20,23
24d20h58m-24d22h41m:50,10,55,10,55,25
24d21h11m-25d01h07m:15,40,27,40
24d22h07m-24d22h25m:15,40,27,40
24d23h39m-25d01h56m:57,30,57,45
25d01h27m-25d01h56m:25,25,30,25,30,30,35,30
25d02h11m-25d05h39m:25,45,45,45,45,40
25d04h55m-25d07h21m:15,10,30,10,30,18
25d05h11m-25d07h29m:15,10,30,10,30,18
25d05h13m-25d07h34m:57,30,57,45
25d10h07m-25d10h26m:25,25,30,25,30,30,35,30
25d10h52m-25d14h51m:57,30,57,45
25d11h26m-25d14h19m:25,45,45,45,45,40
25d13h25m-25d14h30m:67,37,67,22
25d13h45m-25d15h01m:42,08,42,15,47,15,47,27,55,27
25d14h27m-25d16h33m:25,45,45,45,45,40
25d15h19m-25d16h36m:50,10,55,10,55,25
25d15h24m-25d18h19m:05,20,05,35
25d19h18m-25d22h29m:05,20,05,35
25d19h24m-25d21h07m:15,25,15,30,20,30,20,35,30,35,30,40
25d20h13m-25d22h51m:67,37,67,22
25d21h20m-25d23h25m:60,10,60,25
26d01h16m-26d02h57m:15,40,27,40
26d01h56m-26d05h41m:15,03,22,03,22,08,37,08,37,12
26d02h10m-26d05h26m:25,25,30,25,30,30,35,30
26d03h02m-26d05h13m:10,20,40,20,40,35
26d04h54m-26d06h11m:10,20,40,20,40,35
26d05h19m-26d07h48m:15,10,30,10,30,18
26d08h34m-26d11h37m:15,25,15,30,20,30,20,35,30,35,30,40
26d09h24m-26d12h45m:67,37,67,22
26d10h50m-26d13h52m:15,40,27,40
26d11h28m-26d14h12m:08,03,08,23,20,23
26d13h10m-26d13h42m:08,03,08,23,20,23
26d15h17m-26d16h31m:25,25,30,25,30,30,35,30
26d20h00m-26d22h07m:67,37,67,22
26d20h35m-27d00h35m:42,08,42,15,47,15,47,27,55,27
26d23h03m-26d23h21m:50,10,55,10,55,25
26d23h07m-26d23h23m:25,25,30,25,30,30,35,30
27d02h50m-27d03h15m:08,03,08,23,20,23
27d05h18m-27d08h45m:25,45,45,45,45,40
27d05h42m-27d07h43m:25,45,45,45,45,40
27d07h51m-27d10h35m:15,40,27,40
27d08h42m-27d11h00m:25,25,30,25,30,30,35,30
27d09h29m-27d10h58m:57,30,57,45
27d10h07m-27d13h25m:10,20,40,20,40,35
27d10h46m-27d13h56m:42,08,42,15,47,15,47,27,55,27
27d11h13m-27d12h35m:17,15,25,15
27d13h19m-27d16h36m:05,20,05,35
27d16h26m-27d17h14m:15,25,15,30,20,30,20,35,30,35,30,40
27d18h06m-27d18h57m:25,45,45,45,45,40
27d18h15m-27d18h47m:15,03,22,03,22,08,37,08,37,12
27d18h42m-27d20h58m:42,08,42,15,47,15,47,27,55,27
27d22h14m-27d23h43m:15,40,27,40
27d23h01m-28d02h24m:15,40,27,40
27d23h22m-28d02h06m:10,20,40,20,40,35
28d01h15m-28d02h22m:50,10,55,10,55,25
28d03h25m-28d06h10m:67,37,67,22
28d03h38m-28d07h04m:25,45,45,45,45,40
28d04h58m-28d06h04m:05,20,05,35
28d05h33m-28d08h14m:15,40,27,40
28d05h34m-28d06h39m:67,37,67,22
28d06h49m-28d08h32m:60,10,60,25
28d07h33m-28d08h26m:25,25,30,25,30,30,35,30
28d08h59m-28d11h52m:25,25,30,25,30,30,35,30
28d10h28m-28d12h21m:42,08,42,15,47,15,47,27,55,27
28d10h48m-28d11h14m:10,20,40,20,40,35
28d11h46m-28d13h04m:15,10,30,10,30,18
28d12h17m-28d13h00m:10,20,40,20,40,35
28d15h54m-28d17h28m:15,10,30,10,30,18
28d16h03m-28d19h03m:57,30,57,45
28d16h16m-28d17h14m:25,25,30,25,30,30,35,30
28d17h17m-28d18h45m:17,15,25,15
28d19h49m-28d22h54m:05,20,05,35
28d20h07m-28d21h29m:10,20,40,20,40,35
28d20h41m-28d23h40m:15,40,27,40
28d22h55m-28d23h32m:15,40,27,40
29d03h37m-29d04h54m:42,08,42,15,47,15,47,27,55,27
29d03h57m-29d07h02m:25,25,30,25,30,30,35,30
29d04h03m-29d06h15m:67,37,67,22
29d06h42m-29d08h36m:15,25,15,30,20,30,20,35,30,35,30,40
29d07h41m-29d08h52m:67,37,67,22
29d07h45m-29d11h06m:50,10,55,10,55,25
29d07h54m-29d09h52m:05,20,05,35
29d07h56m-29d10h18m:15,40,27,40
29d08h03m-29d10h50m:15,40,27,40
29d08h32m-29d12h16m:05,20,05,35
29d09h25m-29d09h57m:25,25,30,25,30,30,35,30
29d09h29m-29d13h11m:15,10,30,10,30,18
29d11h19m-29d14h41m:15,10,30,10,30,18
29d11h48m-29d12h31m:05,20,05,35
29d13h34m-29d15h23m:67,37,67,22
29d14h41m-29d17h11m:50,10,55,10,55,25
29d14h56m-29d17h50m:57,30,57,45
29d17h34m-29d19h23m:42,08,42,15,47,15,47,27,55,27
29d17h43m-29d21h11m:08,03,08,23,20,23
29d19h40m-29d22h31m:25,45,45,45,45,40
29d21h03m-29d22h49m:42,08,42,15,47,15,47,27,55,27
29d21h57m-29d23h09m:15,03,22,03,22,08,37,08,37,12
29d22h57m-29d23h59m:67,37,67,22
29d23h09m-29d23h59m:60,10,60,25
29d23h53m-29d23h59m:08,03,08,23,20,23
