01d01h38m-01d03h09m:17,15,25,15
01d04h33m-01d06h44m:15,25,15,30,20,30,20,35,30,35,30,40
01d05h35m-01d08h56m:08,03,08,23,20,23
01d05h56m-01d07h00m:15,25,15,30,20,30,20,35,30,35,30,40
01d07h17m-01d08h28m:42,08,42,15,47,15,47,27,55,27
01d08h32m-01d10h18m:42,08,42,15,47,15,47,27,55,27
01d11h12m-01d13h24m:60,10,60,25
01d11h19m-01d12h56m:17,15,25,15
01d12h32m-01d13h30m:50,10,55,10,55,25
01d12h50m-01d14h29m:15,03,22,03,22,08,37,08,37,12
01d13h30m-01d16h37m:60,10,60,25
01d14h21m-01d17h14m:25,25,30,25,30,30,35,30
01d16h44m-01d18h57m:50,10,55,10,55,25
01d17h40m-01d19h08m:67,37,67,22
01d18h33m-01d20h01m:60,10,60,25
01d23h23m-01d23h56m:15,40,27,40
02d00h07m-02d02h16m:15,25,15,30,20,30,20,35,30,35,30,40
02d00h20m-02d01h15m:10,20,40,20,40,35
02d01h03m-02d01h33m:10,20,40,20,40,35
02d02h11m-02d02h29m:50,10,55,10,55,25
02d02h27m-02d03h11m:25,45,45,45,45,40
02d04h07m-02d06h43m:60,10,60,25
02d06h21m-02d09h46m:15,40,27,40
02d06h41m-02d10h08m:25,25,30,25,30,30,35,30
02d08h51m-02d12h05m:10,20,40,20,40,35
02d10h50m-02d11h39m:10,20,40,20,40,35
02d12h39m-02d14h43m:15,10,30,10,30,18
02d12h53m-02d14h51m:25,45,45,45,45,40
02d14h33m-02d15h58m:15,03,22,03,22,08,37,08,37,12
02d15h25m-02d17h59m:25,45,45,45,45,40
02d17h14m-02d17h30m:60,10,60,25
02d18h52m-02d21h28m:50,10,55,10,55,25
02d20h09m-02d21h16m:10,20,40,20,40,35
02d21h09m-02d22h41m:25,45,45,45,45,40
02d23h16m-03d00h13m:05,20,05,35
03d00h39m-03d00h58m:25,45,45,45,45,40
03d01h24m-03d05h09m:42,08,42,15,47,15,47,27,55,27
03d01h58m-03d04h58m:50,10,55,10,55,25
03d07h10m-03d09h01m:67,37,67,22
03d07h42m-03d08h56m:25,45,45,45,45,40
03d09h28m-03d12h01m:08,03,08,23,20,23
03d12h00m-03d14h57m:08,03,08,23,20,23
03d14h26m-03d17h50m:25,25,30,25,30,30,35,30
03d15h45m-03d19h39m:15,40,27,40
03d19h23m-03d21h15m:15,25,15,30,20,30,20,35,30,35,30,40
03d20h41m-04d00h31m:60,10,60,25
03d21h40m-03d22h06m:25,25,30,25,30,30,35,30
04d03h49m-04d06h38m:57,30,57,45
04d04h17m-04d04h51m:10,20,40,20,40,35
04d04h37m-04d07h34m:15,10,30,10,30,18
04d06h42m-04d08h47m:08,03,08,23,20,23
04d08h55m-04d09h11m:42,08,42,15,47,15,47,27,55,27
04d09h14m-04d11h25m:67,37,67,22
04d12h24m-04d14h13m:50,10,55,10,55,25
04d15h02m-04d18h17m:15,40,27,40
04d15h16m-04d17h14m:15,03,22,03,22,08,37,08,37,12
04d15h41m-04d18h41m:67,37,67,22
04d19h57m-04d23h15m:60,10,60,25
05d00h09m-05d03h20m:17,15,25,15
05d00h59m-05d03h34m:08,03,08,23,20,23
05d01h10m-05d05h04m:15,10,30,10,30,18
05d01h21m-05d02h02m:08,03,08,23,20,23
05d01h33m-05d03h42m:57,30,57,45
05d02h21m-05d03h53m:05,20,05,35
05d03h53m-05d07h48m:50,10,55,10,55,25
05d05h12m-05d08h10m:25,45,45,45,45,40
05d06h32m-05d10h18m:15,03,22,03,22,08,37,08,37,12
05d07h42m-05d11h36m:08,03,08,23,20,23
05d11h26m-05d12h27m:60,10,60,25
05d12h46m-05d15h49m:50,10,55,10,55,25
05d13h44m-05d16h14m:05,20,05,35
05d13h51m-05d14h19m:15,25,15,30,20,30,20,35,30,35,30,40
05d14h15m-05d17h25m:08,03,08,23,20,23
05d16h19m-05d19h49m:17,15,25,15
05d17h34m-05d20h07m:60,10,60,25
05d18h41m-05d21h41m:60,10,60,25
05d21h25m-05d22h38m:17,15,25,15
05d22h52m-05d23h40m:50,10,55,10,55,25
05d22h56m-06d02h11m:08,03,08,23,20,23
05d23h28m-06d02h23m:15,25,15,30,20,30,20,35,30,35,30,40
05d23h37m-06d02h42m:25,45,45,45,45,40
05d23h47m-06d03h33m:15,25,15,30,20,30,20,35,30,35,30,40
05d23h56m-06d02h57m:08,03,08,23,20,23
06d00h11m-06d02h02m:15,03,22,03,22,08,37,08,37,12
06d01h15m-06d02h41m:57,30,57,45
06d04h02m-06d05h37m:08,03,08,23,20,23
06d04h29m-06d05h07m:10,20,40,20,40,35
06d05h26m-06d08h07m:15,03,22,03,22,08,37,08,37,12
06d07h40m-06d08h31m:05,20,05,35
06d07h57m-06d09h21m:57,30,57,45
06d11h28m-06d13h54m:25,25,30,25,30,30,35,30
06d14h27m-06d17h09m:42,08,42,15,47,15,47,27,55,27
06d16h49m-06d18h13m:67,37,67,22
06d18h16m-06d20h56m:60,10,60,25
06d20h57m-07d00h36m:50,10,55,10,55,25
06d21h00m-06d22h54m:50,10,55,10,55,25
06d21h19m-07d00h39m:67,37,67,22
06d23h13m-07d01h18m:25,45,45,45,45,40
07d00h23m-07d03h32m:15,25,15,30,20,30,20,35,30,35,30,40
07d01h17m-07d02h18m:57,30,57,45
07d01h34m-07d02h44m:50,10,55,10,55,25
07d02h02m-07d04h15m:15,40,27,40
07d02h47m-07d05h00m:10,20,40,20,40,35
07d03h55m-07d06h40m:05,20,05,35
07d07h46m-07d09h43m:15,40,27,40
07d08h57m-07d10h08m:15,25,15,30,20,30,20,35,30,35,30,40
07d09h54m-07d11h11m:42,08,42,15,47,15,47,27,55,27
07d16h47m-07d17h30m:05,20,05,35
07d19h01m-07d21h15m:15,03,22,03,22,08,37,08,37,12
07d21h06m-07d22h48m:25,45,45,45,45,40
07d23h56m-08d02h28m:25,25,30,25,30,30,35,30
08d00h23m-08d03h41m:25,25,30,25,30,30,35,30
08d03h52m-08d06h00m:57,30,57,45
08d07h21m-08d10h59m:50,10,55,10,55,25
08d09h24m-08d11h56m:08,03,08,23,20,23
08d10h59m-08d14h33m:05,20,05,35
08d12h04m-08d14h09m:60,10,60,25
08d12h17m-08d14h55m:10,20,40,20,40,35
08d12h49m-08d13h37m:42,08,42,15,47,15,47,27,55,27
08d18h01m-08d21h56m:15,10,30,10,30,18
08d20h13m-08d20h54m:25,45,45,45,45,40
08d22h19m-08d23h17m:60,10,60,25
09d00h21m-09d02h59m:15,10,30,10,30,18
09d01h26m-09d05h03m:15,40,27,40
09d02h26m-09d03h37m:60,10,60,25
09d02h40m-09d04h26m:08,03,08,23,20,23
09d03h35m-09d04h08m:17,15,25,15
09d04h35m-09d08h06m:67,37,67,22
09d04h44m-09d06h01m:42,08,42,15,47,15,47,27,55,27
09d05h11m-09d07h40m:10,20,40,20,40,35
09d05h30m-09d08h40m:42,08,42,15,47,15,47,27,55,27
09d05h58m-09d07h38m:15,03,22,03,22,08,37,08,37,12
09d08h14m-09d10h13m:42,08,42,15,47,15,47,27,55,27
09d08h31m-09d09h59m:15,10,30,10,30,18
09d08h43m-09d09h58m:10,20,40,20,40,35
09d11h15m-09d12h38m:25,45,45,45,45,40
09d15h06m-09d17h19m:25,25,30,25,30,30,35,30
09d15h15m-09d18h50m:05,20,05,35
09d15h23m-09d16h12m:15,40,27,40
09d16h35m-09d19h59m:60,10,60,25
09d18h00m-09d19h23m:05,20,05,35
09d18h41m-09d22h01m:25,45,45,45,45,40
09d18h54m-09d19h34m:42,08,42,15,47,15,47,27,55,27
09d20h35m-09d22h23m:10,20,40,20,40,35
09d21h02m-09d21h29m:67,37,67,22
09d22h16m-10d00h21m:25,45,45,45,45,40
09d22h45m-10d02h02m:42,08,42,15,47,15,47,27,55,27
09d23h00m-10d01h06m:08,03,08,23,20,23
09d23h02m-10d00h57m:15,25,15,30,20,30,20,35,30,35,30,40
09d23h56m-10d01h41m:08,03,08,23,20,23
10d00h52m-10d02h06m:57,30,57,45
10d01h37m-10d03h06m:08,03,08,23,20,23
10d01h57m-10d05h47m:05,20,05,35
10d03h29m-10d05h56m:42,08,42,15,47,15,47,27,55,27
10d03h43m-10d05h31m:25,25,30,25,30,30,35,30
10d04h28m-10d05h55m:15,10,30,10,30,18
10d06h57m-10d10h16m:15,40,27,40
10d07h53m-10d09h42m:17,15,25,15
10d07h59m-10d08h37m:25,25,30,25,30,30,35,30
10d08h16m-10d10h40m:15,03,22,03,22,08,37,08,37,12
10d09h38m-10d10h42m:15,03,22,03,22,08,37,08,37,12
10d12h04m-10d14h54m:67,37,67,22
10d12h58m-10d13h36m:15,03,22,03,22,08,37,08,37,12
10d13h24m-10d16h15m:08,03,08,23,20,23
10d14h24m-10d15h38m:17,15,25,15
10d21h44m-11d00h00m:05,20,05,35
10d22h17m-11d00h07m:42,08,42,15,47,15,47,27,55,27
11d00h28m-11d01h32m:17,15,25,15
11d00h48m-11d03h52m:42,08,42,15,47,15,47,27,55,27
11d01h33m-11d02h22m:67,37,67,22
11d02h47m-11d05h59m:57,30,57,45
11d04h12m-11d05h52m:60,10,60,25
11d04h32m-11d08h21m:25,25,30,25,30,30,35,30
11d04h39m-11d07h22m:05,20,05,35
11d05h13m-11d05h56m:15,25,15,30,20,30,20,35,30,35,30,40
11d09h06m-11d11h04m:25,25,30,25,30,30,35,30
11d09h36m-11d11h54m:15,10,30,10,30,18
11d10h02m-11d12h29m:08,03,08,23,20,23
11d12h42m-11d14h15m:08,03,08,23,20,23
11d13h05m-11d16h36m:25,25,30,25,30,30,35,30
11d13h37m-11d15h24m:08,03,08,23,20,23
11d14h28m-11d15h53m:25,25,30,25,30,30,35,30
11d15h50m-11d19h12m:15,03,22,03,22,08,37,08,37,12
11d16h33m-11d18h03m:15,03,22,03,22,08,37,08,37,12
11d17h04m-11d19h04m:15,10,30,10,30,18
11d17h25m-11d20h42m:15,25,15,30,20,30,20,35,30,35,30,40
11d17h44m-11d20h10m:05,20,05,35
11d17h54m-11d19h11m:17,15,25,15
11d18h53m-11d21h42m:15,25,15,30,20,30,20,35,30,35,30,40
11d19h54m-11d20h34m:42,08,42,15,47,15,47,27,55,27
11d20h38m-11d21h21m:67,37,67,22
11d21h21m-11d23h21m:15,10,30,10,30,18
11d21h53m-12d00h31m:08,03,08,23,20,23
11d22h49m-11d23h37m:60,10,60,25
12d02h54m-12d06h50m:25,45,45,45,45,40
12d05h05m-12d06h37m:42,08,42,15,47,15,47,27,55,27
12d05h06m-12d05h57m:15,03,22,03,22,08,37,08,37,12
12d07h36m-12d08h32m:17,15,25,15
12d07h36m-12d10h56m:15,03,22,03,22,08,37,08,37,12
12d08h42m-12d11h22m:15,25,15,30,20,30,20,35,30,35,30,40
12d09h18m-12d12h59m:50,10,55,10,55,25
12d12h25m-12d14h37m:25,25,30,25,30,30,35,30
12d14h09m-12d17h57m:15,03,22,03,22,08,37,08,37,12
12d16h58m-12d17h59m:15,03,22,03,22,08,37,08,37,12
13d00h24m-13d00h48m:15,03,22,03,22,08,37,08,37,12
13d00h58m-13d01h56m:08,03,08,23,20,23
13d00h58m-13d04h55m:57,30,57,45
13d01h35m-13d03h44m:25,45,45,45,45,40
13d01h47m-13d03h06m:08,03,08,23,20,23
13d02h50m-13d05h30m:17,15,25,15
13d03h59m-13d07h29m:42,08,42,15,47,15,47,27,55,27
13d04h09m-13d05h37m:15,40,27,40
13d05h50m-13d07h01m:42,08,42,15,47,15,47,27,55,27
13d06h24m-13d08h06m:05,20,05,35
13d07h30m-13d10h24m:42,08,42,15,47,15,47,27,55,27
13d08h26m-13d11h16m:15,40,27,40
13d08h50m-13d12h19m:60,10,60,25
13d12h05m-13d14h34m:15,10,30,10,30,18
13d13h53m-13d14h21m:05,20,05,35
13d14h26m-13d17h01m:15,10,30,10,30,18
13d14h57m-13d18h49m:15,40,27,40
13d15h14m-13d16h00m:08,03,08,23,20,23
13d15h27m-13d17h37m:67,37,67,22
13d16h19m-13d17h27m:25,25,30,25,30,30,35,30
13d16h52m-13d17h07m:50,10,55,10,55,25
13d18h18m-13d20h28m:08,03,08,23,20,23
13d18h57m-13d19h47m:42,08,42,15,47,15,47,27,55,27
13d19h16m-13d21h11m:15,40,27,40
13d19h43m-13d22h28m:57,30,57,45
13d20h18m-13d23h48m:67,37,67,22
13d20h34m-14d00h02m:67,37,67,22
13d20h47m-14d00h35m:17,15,25,15
13d23h35m-14d02h44m:15,25,15,30,20,30,20,35,30,35,30,40
14d00h52m-14d04h30m:67,37,67,22
14d01h24m-14d02h38m:05,20,05,35
14d01h40m-14d02h07m:15,40,27,40
14d02h14m-14d04h58m:08,03,08,23,20,23
14d02h46m-14d04h31m:15,40,27,40
14d04h44m-14d08h22m:25,25,30,25,30,30,35,30
14d05h13m-14d07h37m:15,40,27,40
14d05h46m-14d07h44m:60,10,60,25
14d06h17m-14d08h02m:25,45,45,45,45,40
14d10h45m-14d12h35m:60,10,60,25
14d10h48m-14d14h14m:67,37,67,22
14d13h04m-14d13h41m:10,20,40,20,40,35
14d13h27m-14d16h03m:50,10,55,10,55,25
14d13h44m-14d14h31m:15,40,27,40
14d15h35m-14d18h25m:15,40,27,40
14d17h04m-14d17h32m:42,08,42,15,47,15,47,27,55,27
14d17h10m-14d21h04m:05,20,05,35
14d17h30m-14d17h56m:05,20,05,35
14d18h13m-14d21h33m:42,08,42,15,47,15,47,27,55,27
14d19h19m-14d23h11m:60,10,60,25
14d19h24m-14d20h57m:05,20,05,35
14d20h14m-14d21h47m:25,45,45,45,45,40
14d21h51m-15d01h05m:10,20,40,20,40,35
15d00h28m-15d02h47m:10,20,40,20,40,35
15d02h14m-15d04h58m:10,20,40,20,40,35
15d03h33m-15d06h43m:25,25,30,25,30,30,35,30
15d11h29m-15d12h15m:15,10,30,10,30,18
15d13h01m-15d16h52m:42,08,42,15,47,15,47,27,55,27
15d19h02m-15d21h47m:10,20,40,20,40,35
15d19h49m-15d23h37m:57,30,57,45
15d20h53m-16d00h52m:50,10,55,10,55,25
15d20h57m-16d00h31m:08,03,08,23,20,23
15d21h36m-15d23h01m:25,45,45,45,45,40
15d22h59m-16d01h00m:15,40,27,40
15d23h41m-16d00h19m:10,20,40,20,40,35
16d01h49m-16d02h44m:67,37,67,22
16d03h11m-16d05h48m:25,25,30,25,30,30,35,30
16d07h33m-16d09h43m:25,25,30,25,30,30,35,30
16d08h29m-16d12h24m:08,03,08,23,20,23
16d11h38m-16d14h37m:60,10,60,25
16d12h12m-16d12h31m:42,08,42,15,47,15,47,27,55,27
16d12h31m-16d15h33m:42,08,42,15,47,15,47,27,55,27
16d12h51m-16d14h44m:15,10,30,10,30,18
16d12h56m-16d15h31m:42,08,42,15,47,15,47,27,55,27
16d15h17m-16d18h29m:10,20,40,20,40,35
16d20h20m-16d22h30m:08,03,08,23,20,23
16d21h11m-16d22h35m:05,20,05,35
16d21h44m-16d23h16m:08,03,08,23,20,23
16d22h03m-17d01h35m:10,20,40,20,40,35
16d23h56m-17d00h57m:25,25,30,25,30,30,35,30
17d00h42m-17d03h16m:25,25,30,25,30,30,35,30
17d01h42m-17d03h15m:25,45,45,45,45,40
17d03h10m-17d06h42m:10,20,40,20,40,35
17d04h36m-17d06h25m:15,03,22,03,22,08,37,08,37,12
17d05h10m-17d07h01m:15,40,27,40
17d05h18m-17d07h12m:67,37,67,22
17d05h58m-17d06h18m:05,20,05,35
17d08h49m-17d10h09m:15,40,27,40
17d09h55m-17d10h41m:50,10,55,10,55,25
17d11h39m-17d13h16m:25,25,30,25,30,30,35,30
17d14h45m-17d16h54m:42,08,42,15,47,15,47,27,55,27
17d17h32m-17d19h56m:67,37,67,22
17d17h33m-17d20h42m:05,20,05,35
17d18h29m-17d19h28m:42,08,42,15,47,15,47,27,55,27
17d19h00m-17d21h12m:15,25,15,30,20,30,20,35,30,35,30,40
17d19h34m-17d21h28m:57,30,57,45
17d20h07m-17d22h25m:15,40,27,40
17d21h42m-17d22h38m:17,15,25,15
17d22h08m-18d00h46m:25,25,30,25,30,30,35,30
17d22h21m-17d23h47m:25,25,30,25,30,30,35,30
17d22h40m-17d23h52m:17,15,25,15
17d23h36m-18d02h34m:67,37,67,22
18d00h30m-18d03h46m:08,03,08,23,20,23
18d02h45m-18d03h29m:17,15,25,15
18d03h29m-18d06h07m:10,20,40,20,40,35
18d03h48m-18d05h19m:05,20,05,35
18d04h23m-18d05h07m:57,30,57,45
18d04h47m-18d05h59m:15,25,15,30,20,30,20,35,30,35,30,40
18d06h05m-18d09h07m:50,10,55,10,55,25
18d06h06m-18d09h13m:67,37,67,22
18d06h15m-18d08h06m:25,45,45,45,45,40
18d08h21m-18d11h43m:15,03,22,03,22,08,37,08,37,12
18d09h09m-18d09h36m:08,03,08,23,20,23
18d10h41m-18d13h57m:25,45,45,45,45,40
18d11h30m-18d13h08m:10,20,40,20,40,35
18d11h39m-18d14h28m:42,08,42,15,47,15,47,27,55,27
18d13h32m-18d13h54m:25,25,30,25,30,30,35,30
18d13h52m-18d15h20m:05,20,05,35
18d14h43m-18d16h40m:50,10,55,10,55,25
18d14h56m-18d15h32m:25,25,30,25,30,30,35,30
18d15h11m-18d16h10m:25,45,45,45,45,40
18d15h41m-18d19h21m:15,40,27,40
18d17h23m-18d20h49m:05,20,05,35
18d17h57m-18d19h54m:15,10,30,10,30,18
18d18h18m-18d20h59m:25,45,45,45,45,40
18d18h40m-18d20h27m:60,10,60,25
18d18h42m-18d21h59m:25,45,45,45,45,40
18d19h14m-18d19h30m:17,15,25,15
18d19h48m-18d21h30m:57,30,57,45
18d21h21m-18d21h49m:25,25,30,25,30,30,35,30
18d23h40m-19d02h35m:25,25,30,25,30,30,35,30
19d01h43m-19d03h33m:08,03,08,23,20,23
19d02h12m-19d06h00m:60,10,60,25
19d02h16m-19d03h35m:15,03,22,03,22,08,37,08,37,12
19d04h28m-19d05h31m:50,10,55,10,55,25
19d05h16m-19d08h01m:15,10,30,10,30,18
19d06h46m-19d07h02m:42,08,42,15,47,15,47,27,55,27
19d07h39m-19d09h06m:15,03,22,03,22,08,37,08,37,12
19d08h06m-19d10h45m:10,20,40,20,40,35
19d08h09m-19d08h24m:15,10,30,10,30,18
19d10h18m-19d13h03m:42,08,42,15,47,15,47,27,55,27
19d11h57m-19d15h48m:25,25,30,25,30,30,35,30
19d13h51m-19d16h00m:15,03,22,03,22,08,37,08,37,12
19d14h44m-19d15h27m:50,10,55,10,55,25
19d16h17m-19d18h31m:25,25,30,25,30,30,35,30
19d17h35m-19d19h05m:05,20,05,35
19d17h50m-19d21h47m:50,10,55,10,55,25
19d17h54m-19d20h04m:15,25,15,30,20,30,20,35,30,35,30,40
19d18h51m-19d19h44m:25,25,30,25,30,30,35,30
19d18h51m-19d21h08m:60,10,60,25
19d19h17m-19d22h45m:25,45,45,45,45,40
19d22h40m-20d02h35m:15,40,27,40
19d23h08m-20d02h45m:17,15,25,15
20d01h36m-20d05h05m:08,03,08,23,20,23
20d02h40m-20d05h32m:50,10,55,10,55,25
20d03h20m-20d04h31m:15,25,15,30,20,30,20,35,30,35,30,40
20d04h16m-20d05h35m:57,30,57,45
20d04h35m-20d06h15m:15,10,30,10,30,18
20d05h35m-20d09h19m:10,20,40,20,40,35
20d06h48m-20d08h48m:15,25,15,30,20,30,20,35,30,35,30,40
20d07h37m-20d10h30m:08,03,08,23,20,23
20d07h57m-20d11h46m:60,10,60,25
20d09h23m-20d10h05m:17,15,25,15
20d09h54m-20d13h50m:25,45,45,45,45,40
20d10h52m-20d11h44m:50,10,55,10,55,25
20d13h08m-20d15h03m:67,37,67,22
20d13h35m-20d15h10m:08,03,08,23,20,23
20d16h47m-20d17h18m:57,30,57,45
20d17h15m-20d18h43m:25,45,45,45,45,40
20d18h26m-20d19h08m:67,37,67,22
20d20h28m-20d21h28m:05,20,05,35
20d20h50m-20d22h13m:50,10,55,10,55,25
20d21h18m-20d23h41m:50,10,55,10,55,25
21d02h58m-21d04h20m:15,40,27,40
21d03h16m-21d06h57m:57,30,57,45
21d04h14m-21d05h36m:25,45,45,45,45,40
21d05h12m-21d07h07m:15,10,30,10,30,18
21d05h41m-21d06h49m:50,10,55,10,55,25
21d07h20m-21d08h14m:15,03,22,03,22,08,37,08,37,12
21d08h24m-21d09h22m:08,03,08,23,20,23
21d08h57m-21d11h53m:60,10,60,25
21d09h22m-21d11h31m:42,08,42,15,47,15,47,27,55,27
21d13h01m-21d14h47m:08,03,08,23,20,23
21d14h23m-21d16h52m:42,08,42,15,47,15,47,27,55,27
21d14h37m-21d15h48m:10,20,40,20,40,35
21d16h09m-21d17h11m:60,10,60,25
21d16h25m-21d18h36m:25,45,45,45,45,40
21d17h38m-21d21h04m:08,03,08,23,20,23
21d21h39m-22d01h36m:57,30,57,45
21d23h03m-22d00h41m:25,45,45,45,45,40
22d02h09m-22d03h34m:50,10,55,10,55,25
22d02h51m-22d04h28m:05,20,05,35
22d03h02m-22d04h05m:05,20,05,35
22d03h38m-22d05h09m:15,25,15,30,20,30,20,35,30,35,30,40
22d03h40m-22d03h55m:05,20,05,35
22d03h49m-22d04h24m:15,03,22,03,22,08,37,08,37,12
22d05h40m-22d08h33m:15,25,15,30,20,30,20,35,30,35,30,40
22d06h21m-22d09h59m:17,15,25,15
22d07h02m-22d07h30m:50,10,55,10,55,25
22d07h16m-22d10h45m:15,03,22,03,22,08,37,08,37,12
22d08h38m-22d11h05m:15,03,22,03,22,08,37,08,37,12
22d10h08m-22d12h39m:05,20,05,35
22d12h46m-22d14h57m:25,25,30,25,30,30,35,30
22d14h41m-22d18h31m:10,20,40,20,40,35
22d20h02m-22d20h53m:42,08,42,15,47,15,47,27,55,27
22d20h30m-22d23h22m:15,10,30,10,30,18
22d20h43m-23d00h01m:15,40,27,40
22d21h10m-23d00h20m:67,37,67,22
22d21h10m-23d00h47m:08,03,08,23,20,23
22d21h19m-22d22h39m:42,08,42,15,47,15,47,27,55,27
22d22h59m-23d01h01m:67,37,67,22
22d23h32m-23d01h20m:50,10,55,10,55,25
23d04h10m-23d05h06m:15,40,27,40
23d07h18m-23d08h30m:15,10,30,10,30,18
23d09h32m-23d10h50m:15,40,27,40
23d09h45m-23d13h32m:15,03,22,03,22,08,37,08,37,12
23d10h45m-23d12h09m:10,20,40,20,40,35
23d14h25m-23d17h28m:15,10,30,10,30,18
23d14h32m-23d17h11m:10,20,40,20,40,35
23d14h47m-23d16h29m:05,20,05,35
23d15h07m-23d15h22m:67,37,67,22
23d16h27m-23d19h57m:15,25,15,30,20,30,20,35,30,35,30,40
23d16h45m-23d18h23m:50,10,55,10,55,25
23d17h49m-23d18h39m:15,10,30,10,30,18
23d18h33m-23d19h24m:25,25,30,25,30,30,35,30
23d19h08m-23d19h59m:15,10,30,10,30,18
23d19h12m-23d21h11m:17,15,25,15
23d19h36m-23d22h25m:67,37,67,22
23d19h37m-23d22h23m:15,03,22,03,22,08,37,08,37,12
23d21h48m-23d23h17m:57,30,57,45
23d23h26m-24d02h14m:10,20,40,20,40,35
24d00h04m-24d03h41m:25,25,30,25,30,30,35,30
24d03h10m-24d03h26m:08,03,08,23,20,23
24d05h55m-24d06h45m:17,15,25,15
24d05h57m-24d08h52m:42,08,42,15,47,15,47,27,55,27
24d06h30m-24d10h26m:15,03,22,03,22,08,37,08,37,12
24d07h53m-24d10h21m:15,25,15,30,20,30,20,35,30,35,30,40
24d07h56m-24d09h09m:50,10,55,10,55,25
24d07h58m-24d08h35m:57,30,57,45
24d09h31m-24d13h01m:25,25,30,25,30,30,35,30
24d11h09m-24d12h21m:17,15,25,15
24d11h09m-24d13h33m:05,20,05,35
24d11h25m-24d13h26m:25,25,30,25,30,30,35,30
24d12h29m-24d12h55m:17,15,25,15
24d12h50m-24d13h53m:50,10,55,10,55,25
24d12h53m-24d15h37m:25,45,45,45,45,40
24d13h20m-24d15h27m:10,20,40,20,40,35
24d14h58m-24d16h18m:05,20,05,35
24d16h15m-24d18h45m:50,10,55,10,55,25
24d16h16m-24d19h36m:15,10,30,10,30,18
24d16h55m-24d17h48m:15,10,30,10,30,18
24d17h38m-24d18h25m:15,40,27,40
24d22h36m-24d22h51m:15,25,15,30,20,30,20,35,30,35,30,40
25d00h13m-25d01h57m:25,25,30,25,30,30,35,30
25d02h02m-25d04h32m:08,03,08,23,20,23
25d03h23m-25d04h44m:50,10,55,10,55,25
25d04h13m-25d07h32m:15,10,30,10,30,18
25d08h04m-25d08h42m:15,40,27,40
25d09h22m-25d12h18m:57,30,57,45
25d09h37m-25d11h46m:17,15,25,15
25d10h56m-25d13h35m:15,03,22,03,22,08,37,08,37,12
25d14h40m-25d15h37m:05,20,05,35
25d17h05m-25d19h01m:25,45,45,45,45,40
25d21h12m-26d00h53m:15,03,22,03,22,08,37,08,37,12
25d23h04m-25d23h36m:42,08,42,15,47,15,47,27,55,27
26d00h46m-26d03h44m:05,20,05,35
26d00h51m-26d03h53m:05,20,05,35
26d01h21m-26d04h31m:08,03,08,23,20,23
26d02h15m-26d03h12m:08,03,08,23,20,23
26d04h11m-26d07h59m:17,15,25,15
26d04h45m-26d08h24m:15,10,30,10,30,18
26d07h55m-26d08h23m:67,37,67,22
26d09h01m-26d12h45m:05,20,05,35
26d10h35m-26d14h23m:17,15,25,15
26d10h51m-26d11h08m:15,40,27,40
26d12h24m-26d16h14m:15,03,22,03,22,08,37,08,37,12
26d13h17m-26d14h44m:15,25,15,30,20,30,20,35,30,35,30,40
26d14h27m-26d15h36m:42,08,42,15,47,15,47,27,55,27
26d15h04m-26d18h36m:50,10,55,10,55,25
26d15h45m-26d17h51m:42,08,42,15,47,15,47,27,55,27
26d16h01m-26d19h30m:57,30,57,45
26d16h19m-26d19h05m:50,10,55,10,55,25
26d16h44m-26d19h12m:15,40,27,40
26d17h30m-26d18h08m:50,10,55,10,55,25
26d17h48m-26d19h01m:60,10,60,25
26d18h30m-26d18h57m:10,20,40,20,40,35
26d19h17m-26d19h34m:50,10,55,10,55,25
26d19h30m-26d22h28m:50,10,55,10,55,25
26d21h13m-27d00h49m:25,45,45,45,45,40
26d21h35m-27d00h12m:15,03,22,03,22,08,37,08,37,12
26d21h36m-27d00h26m:17,15,25,15
26d22h21m-27d01h52m:57,30,57,45
26d23h22m-27d03h10m:15,40,27,40
26d23h44m-27d03h30m:50,10,55,10,55,25
26d23h56m-27d01h51m:15,25,15,30,20,30,20,35,30,35,30,40
27d01h22m-27d02h36m:67,37,67,22
27d02h09m-27d05h32m:67,37,67,22
27d02h34m-27d05h45m:42,08,42,15,47,15,47,27,55,27
27d08h31m-27d10h46m:50,10,55,10,55,25
27d08h37m-27d10h45m:15,03,22,03,22,08,37,08,37,12
27d09h32m-27d10h21m:25,45,45,45,45,40
27d10h50m-27d14h30m:15,03,22,03,22,08,37,08,37,12
27d15h06m-27d18h56m:10,20,40,20,40,35
27d16h08m-27d17h47m:17,15,25,15
27d16h34m-27d18h33m:10,20,40,20,40,35
27d17h02m-27d17h33m:15,25,15,30,20,30,20,35,30,35,30,40
27d17h22m-27d17h49m:15,25,15,30,20,30,20,35,30,35,30,40
27d20h20m-27d21h52m:17,15,25,15
27d21h56m-28d01h45m:25,45,45,45,45,40
27d22h35m-27d23h45m:05,20,05,35
28d01h06m-28d04h51m:05,20,05,35
28d01h27m-28d05h26m:42,08,42,15,47,15,47,27,55,27
28d02h38m-28d03h58m:10,20,40,20,40,35
28d03h50m-28d04h33m:05,20,05,35
28d03h51m-28d05h45m:17,15,25,15
28d05h17m-28d07h09m:42,08,42,15,47,15,47,27,55,27
28d05h42m-28d06h54m:05,20,05,35
28d05h57m-28d09h23m:08,03,08,23,20,23
28d07h29m-28d08h41m:15,25,15,30,20,30,20,35,30,35,30,40
28d07h30m-28d11h08m:42,08,42,15,47,15,47,27,55,27
28d09h19m-28d11h56m:08,03,08,23,20,23
28d09h37m-28d11h38m:15,10,30,10,30,18
28d10h15m-28d12h08m:05,20,05,35
28d11h54m-28d15h04m:42,08,42,15,47,15,47,27,55,27
28d12h52m-28d14h57m:60,10,60,25
28d13h07m-28d17h06m:05,20,05,35
28d13h24m-28d14h20m:17,15,25,15
28d14h35m-28d16h59m:25,25,30,25,30,30,35,30
28d15h31m-28d17h17m:67,37,67,22
28d15h59m-28d18h05m:25,25,30,25,30,30,35,30
28d16h22m-28d18h48m:25,45,45,45,45,40
28d16h52m-28d19h48m:15,03,22,03,22,08,37,08,37,12
28d17h09m-28d20h16m:17,15,25,15
28d17h29m-28d19h55m:15,40,27,40
28d17h39m-28d21h07m:60,10,60,25
28d19h26m-28d20h15m:57,30,57,45
28d20h40m-28d22h24m:67,37,67,22
28d21h33m-29d00h00m:17,15,25,15
29d04h31m-29d07h06m:50,10,55,10,55,25
29d05h21m-29d08h28m:10,20,40,20,40,35
29d06h24m-29d06h58m:42,08,42,15,47,15,47,27,55,27
29d06h43m-29d07h25m:17,15,25,15
29d07h33m-29d09h02m:67,37,67,22
29d09h40m-29d12h41m:42,08,42,15,47,15,47,27,55,27
29d10h23m-29d12h22m:05,20,05,35
29d10h50m-29d13h56m:15,03,22,03,22,08,37,08,37,12
29d11h17m-29d12h44m:67,37,67,22
29d12h27m-29d15h01m:15,25,15,30,20,30,20,35,30,35,30,40
29d13h56m-29d17h06m:15,40,27,40
29d14h43m-29d15h23m:15,40,27,40
29d14h58m-29d16h13m:08,03,08,23,20,23
29d16h09m-29d17h25m:50,10,55,10,55,25
29d16h46m-29d19h40m:10,20,40,20,40,35
29d18h07m-29d20h50m:15,25,15,30,20,30,20,35,30,35,30,40
29d19h58m-29d23h56m:10,20,40,20,40,35
29d20h30m-29d22h37m:60,10,60,25
29d20h37m-30d00h00m:05,20,05,35
29d20h40m-29d21h34m:25,25,30,25,30,30,35,30
29d21h31m-29d23h51m:17,15,25,15
29d21h38m-29d23h46m:15,10,30,10,30,18
29d21h52m-29d23h48m:05,20,05,35
30d00h06m-30d01h34m:57,30,57,45
30d01h29m-30d03h40m:15,03,22,03,22,08,37,08,37,12
30d01h34m-30d04h06m:15,10,30,10,30,18
30d02h16m-30d05h07m:60,10,60,25
30d05h46m-30d06h28m:25,25,30,25,30,30,35,30
30d09h59m-30d10h19m:17,15,25,15
30d10h29m-30d12h48m:67,37,67,22
30d11h47m-30d12h52m:50,10,55,10,55,25
30d13h22m-30d17h16m:15,40,27,40
30d20h25m-30d22h19m:05,20,05,35
30d21h37m-30d23h59m:25,25,30,25,30,30,35,30
