01d01h28m-01d02h41m:15,03,22,03,22,08,37,08,37,12
01d04h21m-01d05h55m:15,25,15,30,20,30,20,35,30,35,30,40
01d05h06m-01d06h27m:25,25,30,25,30,30,35,30
01d06h46m-01d09h43m:17,15,25,15
01d07h13m-01d10h01m:17,15,25,15
01d08h03m-01d11h22m:15,03,22,03,22,08,37,08,37,12
01d08h09m-01d09h27m:60,10,60,25
01d08h24m-01d08h41m:15,25,15,30,20,30,20,35,30,35,30,40
01d12h53m-01d13h11m:17,15,25,15
01d19h52m-01d23h38m:17,15,25,15
01d20h23m-01d23h59m:25,45,45,45,45,40
01d21h22m-01d23h07m:25,45,45,45,45,40
01d23h10m-01d23h58m:05,20,05,35
01d23h14m-02d02h58m:50,10,55,10,55,25
01d23h31m-02d00h47m:50,10,55,10,55,25
02d00h17m-02d03h06m:15,25,15,30,20,30,20,35,30,35,30,40
02d00h20m-02d02h37m:15,03,22,03,22,08,37,08,37,12
02d00h28m-02d03h34m:08,03,08,23,20,23
02d02h30m-02d03h01m:15,10,30,10,30,18
02d03h36m-02d04h15m:57,30,57,45
02d04h15m-02d08h11m:15,10,30,10,30,18
02d05h45m-02d07h01m:25,25,30,25,30,30,35,30
02d06h39m-02d09h14m:50,10,55,10,55,25
02d06h42m-02d09h37m:25,25,30,25,30,30,35,30
02d09h10m-02d10h48m:10,20,40,20,40,35
02d10h04m-02d13h35m:42,08,42,15,47,15,47,27,55,27
02d10h45m-02d11h26m:15,10,30,10,30,18
02d15h14m-02d17h00m:67,37,67,22
02d16h46m-02d20h43m:25,45,45,45,45,40
02d16h50m-02d18h46m:15,10,30,10,30,18
02d17h11m-02d18h37m:25,45,45,45,45,40
02d17h40m-02d20h01m:25,25,30,25,30,30,35,30
02d17h59m-02d20h44m:08,03,08,23,20,23
02d18h58m-02d22h18m:67,37,67,22
02d19h08m-02d19h57m:60,10,60,25
02d19h27m-02d20h36m:15,03,22,03,22,08,37,08,37,12
02d20h19m-02d23h13m:50,10,55,10,55,25
02d20h48m-02d23h31m:15,03,22,03,22,08,37,08,37,12
02d21h17m-02d23h23m:05,20,05,35
02d21h36m-02d22h32m:25,25,30,25,30,30,35,30
02d21h38m-02d22h43m:15,10,30,10,30,18
02d22h20m-03d01h29m:10,20,40,20,40,35
02d22h50m-03d00h11m:57,30,57,45
03d00h08m-03d02h10m:25,25,30,25,30,30,35,30
03d01h37m-03d03h53m:67,37,67,22
03d04h51m-03d08h23m:10,20,40,20,40,35
03d05h19m-03d08h41m:57,30,57,45
03d05h26m-03d07h41m:25,45,45,45,45,40
03d06h55m-03d07h56m:50,10,55,10,55,25
03d08h56m-03d12h36m:17,15,25,15
03d09h06m-03d11h07m:15,25,15,30,20,30,20,35,30,35,30,40
03d09h28m-03d11h18m:42,08,42,15,47,15,47,27,55,27
03d10h38m-03d11h55m:15,25,15,30,20,30,20,35,30,35,30,40
03d10h50m-03d14h38m:60,10,60,25
03d16h50m-03d19h44m:25,25,30,25,30,30,35,30
03d17h42m-03d18h36m:50,10,55,10,55,25
03d18h40m-03d20h53m:15,10,30,10,30,18
03d18h47m-03d20h45m:15,03,22,03,22,08,37,08,37,12
03d23h38m-04d00h41m:05,20,05,35
04d00h02m-04d02h32m:42,08,42,15,47,15,47,27,55,27
04d01h40m-04d03h50m:50,10,55,10,55,25
04d01h48m-04d05h21m:25,45,45,45,45,40
04d04h01m-04d04h55m:50,10,55,10,55,25
04d04h20m-04d07h44m:15,03,22,03,22,08,37,08,37,12
04d05h14m-04d08h11m:15,10,30,10,30,18
04d05h30m-04d09h30m:15,25,15,30,20,30,20,35,30,35,30,40
04d05h59m-04d09h45m:57,30,57,45
04d06h08m-04d08h09m:15,10,30,10,30,18
04d07h52m-04d10h54m:25,45,45,45,45,40
04d11h02m-04d11h24m:42,08,42,15,47,15,47,27,55,27
04d11h29m-04d13h07m:50,10,55,10,55,25
04d12h14m-04d13h09m:15,40,27,40
04d12h29m-04d14h57m:60,10,60,25
04d13h19m-04d14h49m:57,30,57,45
04d13h47m-04d16h17m:25,45,45,45,45,40
04d14h20m-04d16h22m:15,25,15,30,20,30,20,35,30,35,30,40
04d14h27m-04d15h16m:60,10,60,25
04d15h07m-04d16h29m:42,08,42,15,47,15,47,27,55,27
04d16h20m-04d18h04m:42,08,42,15,47,15,47,27,55,27
04d16h28m-04d20h04m:25,45,45,45,45,40
04d16h47m-04d20h15m:15,03,22,03,22,08,37,08,37,12
04d17h00m-04d20h19m:42,08,42,15,47,15,47,27,55,27
04d17h21m-04d17h46m:15,25,15,30,20,30,20,35,30,35,30,40
04d19h09m-04d20h48m:60,10,60,25
04d19h26m-04d20h21m:60,10,60,25
04d21h15m-04d22h31m:60,10,60,25
04d21h22m-05d00h27m:50,10,55,10,55,25
04d22h54m-04d23h58m:05,20,05,35
05d01h20m-05d02h49m:15,40,27,40
05d05h42m-05d09h09m:25,25,30,25,30,30,35,30
05d06h22m-05d08h29m:50,10,55,10,55,25
05d08h36m-05d10h14m:57,30,57,45
05d09h26m-05d12h39m:25,25,30,25,30,30,35,30
05d11h44m-05d13h19m:60,10,60,25
05d12h17m-05d15h14m:25,25,30,25,30,30,35,30
05d18h43m-05d22h10m:57,30,57,45
05d18h51m-05d20h34m:60,10,60,25
05d22h29m-06d01h35m:08,03,08,23,20,23
05d23h46m-06d00h16m:25,25,30,25,30,30,35,30
06d00h27m-06d01h01m:57,30,57,45
06d03h18m-06d07h06m:25,25,30,25,30,30,35,30
06d03h57m-06d05h37m:57,30,57,45
06d04h33m-06d07h05m:25,45,45,45,45,40
06d04h51m-06d08h50m:60,10,60,25
06d05h53m-06d07h21m:67,37,67,22
06d09h41m-06d11h24m:57,30,57,45
06d11h32m-06d14h08m:05,20,05,35
06d11h56m-06d14h10m:05,20,05,35
06d12h19m-06d15h51m:42,08,42,15,47,15,47,27,55,27
06d14h19m-06d15h08m:05,20,05,35
06d14h19m-06d15h50m:42,08,42,15,47,15,47,27,55,27
06d15h04m-06d18h56m:17,15,25,15
06d18h31m-06d20h19m:17,15,25,15
06d19h31m-06d21h38m:25,45,45,45,45,40
06d19h33m-06d21h47m:25,45,45,45,45,40
06d19h34m-06d21h27m:57,30,57,45
06d19h59m-06d22h41m:05,20,05,35
06d20h30m-07d00h14m:25,25,30,25,30,30,35,30
06d20h31m-06d21h07m:15,03,22,03,22,08,37,08,37,12
06d21h00m-06d23h54m:42,08,42,15,47,15,47,27,55,27
06d21h46m-06d22h05m:05,20,05,35
06d21h53m-06d23h02m:05,20,05,35
07d00h34m-07d04h31m:05,20,05,35
07d00h37m-07d03h11m:25,25,30,25,30,30,35,30
07d01h00m-07d03h12m:08,03,08,23,20,23
07d01h03m-07d03h52m:15,03,22,03,22,08,37,08,37,12
07d02h50m-07d06h03m:05,20,05,35
07d05h03m-07d08h20m:15,40,27,40
07d06h03m-07d09h44m:15,03,22,03,22,08,37,08,37,12
07d06h12m-07d09h57m:17,15,25,15
07d07h33m-07d11h10m:67,37,67,22
07d07h38m-07d11h33m:17,15,25,15
07d07h57m-07d11h19m:15,10,30,10,30,18
07d08h00m-07d10h21m:15,03,22,03,22,08,37,08,37,12
07d08h15m-07d11h53m:08,03,08,23,20,23
07d09h07m-07d12h14m:15,25,15,30,20,30,20,35,30,35,30,40
07d09h27m-07d12h46m:42,08,42,15,47,15,47,27,55,27
07d09h33m-07d10h14m:50,10,55,10,55,25
07d12h40m-07d15h14m:50,10,55,10,55,25
07d13h43m-07d15h38m:15,03,22,03,22,08,37,08,37,12
07d14h51m-07d16h02m:15,40,27,40
07d14h56m-07d15h13m:42,08,42,15,47,15,47,27,55,27
07d16h06m-07d17h52m:15,03,22,03,22,08,37,08,37,12
07d16h28m-07d18h00m:15,03,22,03,22,08,37,08,37,12
07d17h15m-07d19h07m:17,15,25,15
07d17h35m-07d19h52m:15,10,30,10,30,18
07d19h46m-07d23h18m:25,45,45,45,45,40
07d20h58m-07d23h52m:60,10,60,25
07d22h22m-08d00h27m:15,25,15,30,20,30,20,35,30,35,30,40
07d22h46m-07d23h56m:15,10,30,10,30,18
07d23h05m-07d23h56m:25,25,30,25,30,30,35,30
08d01h49m-08d02h58m:10,20,40,20,40,35
08d02h50m-08d03h49m:60,10,60,25
08d03h01m-08d06h39m:57,30,57,45
08d05h30m-08d07h21m:42,08,42,15,47,15,47,27,55,27
08d06h43m-08d09h21m:17,15,25,15
08d08h16m-08d09h18m:15,10,30,10,30,18
08d08h20m-08d09h30m:42,08,42,15,47,15,47,27,55,27
08d10h34m-08d11h48m:05,20,05,35
08d11h23m-08d13h28m:25,45,45,45,45,40
08d12h06m-08d13h36m:25,45,45,45,45,40
08d12h29m-08d13h46m:15,40,27,40
08d12h46m-08d15h53m:17,15,25,15
08d14h29m-08d17h46m:15,10,30,10,30,18
08d14h40m-08d18h27m:50,10,55,10,55,25
08d14h59m-08d18h30m:15,03,22,03,22,08,37,08,37,12
08d15h13m-08d19h10m:15,25,15,30,20,30,20,35,30,35,30,40
08d15h27m-08d15h54m:42,08,42,15,47,15,47,27,55,27
08d15h52m-08d19h35m:60,10,60,25
08d16h03m-08d19h11m:57,30,57,45
08d16h05m-08d19h55m:42,08,42,15,47,15,47,27,55,27
08d18h14m-08d21h31m:67,37,67,22
08d19h32m-08d20h07m:50,10,55,10,55,25
08d19h33m-08d20h13m:17,15,25,15
08d19h39m-08d20h26m:57,30,57,45
08d19h42m-08d20h21m:15,10,30,10,30,18
08d21h31m-09d00h53m:50,10,55,10,55,25
08d23h14m-08d23h50m:15,10,30,10,30,18
08d23h18m-09d00h31m:08,03,08,23,20,23
09d00h28m-09d03h40m:57,30,57,45
09d00h38m-09d01h06m:50,10,55,10,55,25
09d01h05m-09d02h07m:42,08,42,15,47,15,47,27,55,27
09d02h39m-09d06h09m:25,25,30,25,30,30,35,30
09d03h03m-09d06h24m:08,03,08,23,20,23
09d03h26m-09d05h40m:08,03,08,23,20,23
09d04h07m-09d05h03m:42,08,42,15,47,15,47,27,55,27
09d08h37m-09d09h27m:25,25,30,25,30,30,35,30
09d08h46m-09d10h10m:15,03,22,03,22,08,37,08,37,12
09d08h50m-09d12h37m:10,20,40,20,40,35
09d17h40m-09d19h46m:25,45,45,45,45,40
09d18h14m-09d22h06m:50,10,55,10,55,25
09d20h42m-09d21h02m:15,25,15,30,20,30,20,35,30,35,30,40
09d22h37m-09d23h01m:15,10,30,10,30,18
10d00h31m-10d04h17m:05,20,05,35
10d02h24m-10d04h44m:50,10,55,10,55,25
10d03h10m-10d03h26m:10,20,40,20,40,35
10d04h03m-10d06h34m:15,40,27,40
10d04h53m-10d07h54m:08,03,08,23,20,23
10d05h43m-10d07h57m:05,20,05,35
10d08h17m-10d10h26m:67,37,67,22
10d10h50m-10d11h48m:15,40,27,40
10d11h16m-10d15h04m:57,30,57,45
10d11h17m-10d14h52m:17,15,25,15
10d15h07m-10d17h43m:15,25,15,30,20,30,20,35,30,35,30,40
10d15h10m-10d18h26m:60,10,60,25
10d15h41m-10d17h07m:67,37,67,22
10d15h45m-10d19h07m:10,20,40,20,40,35
10d18h33m-10d22h27m:67,37,67,22
10d18h43m-10d19h28m:17,15,25,15
10d19h06m-10d22h07m:57,30,57,45
10d20h22m-10d23h42m:15,25,15,30,20,30,20,35,30,35,30,40
10d20h27m-10d23h46m:57,30,57,45
10d21h06m-10d22h08m:15,25,15,30,20,30,20,35,30,35,30,40
10d21h47m-10d22h09m:08,03,08,23,20,23
10d22h31m-10d23h25m:10,20,40,20,40,35
10d22h53m-11d01h36m:15,40,27,40
10d22h53m-11d02h13m:25,45,45,45,45,40
10d23h23m-11d01h53m:42,08,42,15,47,15,47,27,55,27
10d23h32m-11d00h56m:67,37,67,22
11d01h54m-11d04h44m:50,10,55,10,55,25
11d02h47m-11d04h34m:25,45,45,45,45,40
11d02h50m-11d04h17m:25,45,45,45,45,40
11d03h15m-11d04h44m:08,03,08,23,20,23
11d04h21m-11d07h10m:08,03,08,23,20,23
11d04h41m-11d06h42m:08,03,08,23,20,23
11d04h46m-11d06h38m:15,10,30,10,30,18
11d05h02m-11d07h14m:25,25,30,25,30,30,35,30
11d08h38m-11d10h30m:15,03,22,03,22,08,37,08,37,12
11d08h39m-11d09h22m:10,20,40,20,40,35
11d10h37m-11d11h34m:42,08,42,15,47,15,47,27,55,27
11d12h08m-11d15h03m:42,08,42,15,47,15,47,27,55,27
11d12h31m-11d13h04m:42,08,42,15,47,15,47,27,55,27
11d13h03m-11d14h29m:15,40,27,40
11d15h17m-11d15h45m:15,25,15,30,20,30,20,35,30,35,30,40
11d15h18m-11d17h07m:15,25,15,30,20,30,20,35,30,35,30,40
11d15h29m-11d18h23m:67,37,67,22
11d15h56m-11d18h47m:25,25,30,25,30,30,35,30
11d15h57m-11d17h59m:25,25,30,25,30,30,35,30
11d17h52m-11d18h24m:10,20,40,20,40,35
11d18h10m-11d21h07m:25,45,45,45,45,40
11d18h26m-11d22h24m:17,15,25,15
11d21h11m-12d00h22m:25,25,30,25,30,30,35,30
11d21h18m-12d00h55m:15,10,30,10,30,18
11d21h31m-12d00h01m:50,10,55,10,55,25
11d21h33m-12d00h32m:15,10,30,10,30,18
11d21h49m-12d00h23m:10,20,40,20,40,35
11d23h11m-12d00h32m:10,20,40,20,40,35
12d00h48m-12d03h08m:15,25,15,30,20,30,20,35,30,35,30,40
12d01h06m-12d03h11m:15,25,15,30,20,30,20,35,30,35,30,40
12d01h09m-12d05h01m:15,25,15,30,20,30,20,35,30,35,30,40
12d01h43m-12d02h48m:05,20,05,35
12d02h12m-12d02h50m:25,25,30,25,30,30,35,30
12d03h28m-12d06h53m:15,40,27,40
12d06h37m-12d10h16m:17,15,25,15
12d10h22m-12d12h11m:57,30,57,45
12d11h00m-12d14h12m:15,40,27,40
12d12h08m-12d12h26m:67,37,67,22
12d12h44m-12d15h19m:67,37,67,22
12d12h58m-12d15h10m:05,20,05,35
12d13h27m-12d17h00m:15,25,15,30,20,30,20,35,30,35,30,40
12d13h53m-12d15h44m:15,25,15,30,20,30,20,35,30,35,30,40
12d13h56m-12d16h46m:42,08,42,15,47,15,47,27,55,27
12d14h46m-12d17h27m:67,37,67,22
12d17h57m-12d19h22m:15,03,22,03,22,08,37,08,37,12
12d18h04m-12d19h46m:15,10,30,10,30,18
12d22h10m-12d22h43m:15,40,27,40
12d22h13m-12d23h38m:17,15,25,15
12d23h02m-13d00h45m:15,25,15,30,20,30,20,35,30,35,30,40
13d00h01m-13d01h24m:05,20,05,35
13d00h09m-13d02h23m:57,30,57,45
13d01h06m-13d04h01m:57,30,57,45
13d01h18m-13d02h22m:08,03,08,23,20,23
13d01h22m-13d03h11m:15,10,30,10,30,18
13d01h22m-13d04h34m:25,45,45,45,45,40
13d01h50m-13d02h31m:57,30,57,45
13d02h15m-13d04h28m:42,08,42,15,47,15,47,27,55,27
13d02h20m-13d04h56m:67,37,67,22
13d03h56m-13d06h44m:25,25,30,25,30,30,35,30
13d04h15m-13d05h04m:60,10,60,25
13d06h41m-13d09h01m:15,25,15,30,20,30,20,35,30,35,30,40
13d12h45m-13d16h15m:25,25,30,25,30,30,35,30
13d13h11m-13d17h02m:15,03,22,03,22,08,37,08,37,12
13d13h26m-13d16h45m:08,03,08,23,20,23
13d16h30m-13d16h56m:25,45,45,45,45,40
13d19h01m-13d21h56m:25,45,45,45,45,40
13d20h48m-13d23h40m:15,03,22,03,22,08,37,08,37,12
13d22h53m-14d02h08m:67,37,67,22
13d23h12m-14d02h43m:15,40,27,40
13d23h43m-14d00h41m:25,25,30,25,30,30,35,30
14d00h42m-14d02h17m:15,40,27,40
14d01h09m-14d04h30m:05,20,05,35
14d04h00m-14d05h37m:57,30,57,45
14d06h19m-14d07h52m:67,37,67,22
14d06h20m-14d09h51m:17,15,25,15
14d07h29m-14d08h44m:08,03,08,23,20,23
14d08h57m-14d12h19m:08,03,08,23,20,23
14d09h21m-14d11h45m:57,30,57,45
14d09h52m-14d13h39m:10,20,40,20,40,35
14d10h45m-14d13h18m:15,10,30,10,30,18
14d11h16m-14d14h07m:60,10,60,25
14d11h29m-14d14h34m:05,20,05,35
14d12h36m-14d13h51m:05,20,05,35
14d12h46m-14d15h20m:57,30,57,45
14d15h37m-14d18h42m:15,03,22,03,22,08,37,08,37,12
14d17h00m-14d17h26m:50,10,55,10,55,25
14d17h01m-14d18h07m:15,40,27,40
14d18h01m-14d18h16m:15,10,30,10,30,18
14d18h04m-14d21h03m:15,25,15,30,20,30,20,35,30,35,30,40
14d18h50m-14d20h26m:57,30,57,45
14d19h24m-14d22h56m:15,25,15,30,20,30,20,35,30,35,30,40
14d21h32m-15d01h19m:15,25,15,30,20,30,20,35,30,35,30,40
14d21h43m-14d23h23m:25,25,30,25,30,30,35,30
15d02h22m-15d06h21m:67,37,67,22
15d04h01m-15d07h26m:57,30,57,45
15d04h06m-15d07h08m:50,10,55,10,55,25
15d06h03m-15d07h53m:10,20,40,20,40,35
15d07h06m-15d10h15m:15,25,15,30,20,30,20,35,30,35,30,40
15d07h49m-15d11h22m:15,10,30,10,30,18
15d10h59m-15d12h12m:25,25,30,25,30,30,35,30
15d11h21m-15d12h50m:15,40,27,40
15d11h50m-15d15h00m:10,20,40,20,40,35
15d12h00m-15d12h27m:50,10,55,10,55,25
15d14h40m-15d17h00m:17,15,25,15
15d14h44m-15d15h59m:57,30,57,45
15d17h24m-15d20h24m:60,10,60,25
15d18h59m-15d20h53m:15,10,30,10,30,18
15d21h07m-16d00h32m:67,37,67,22
15d21h19m-15d22h39m:15,40,27,40
15d21h47m-15d23h52m:42,08,42,15,47,15,47,27,55,27
15d21h54m-15d23h39m:50,10,55,10,55,25
15d21h55m-16d00h29m:42,08,42,15,47,15,47,27,55,27
15d22h11m-15d23h45m:57,30,57,45
15d22h33m-16d00h15m:42,08,42,15,47,15,47,27,55,27
16d00h29m-16d02h39m:15,10,30,10,30,18
16d00h31m-16d01h25m:25,45,45,45,45,40
16d01h16m-16d05h05m:50,10,55,10,55,25
16d01h56m-16d03h46m:05,20,05,35
16d02h38m-16d04h26m:60,10,60,25
16d03h05m-16d06h55m:15,25,15,30,20,30,20,35,30,35,30,40
16d04h03m-16d04h38m:50,10,55,10,55,25
16d04h24m-16d05h52m:25,25,30,25,30,30,35,30
16d05h11m-16d08h22m:15,03,22,03,22,08,37,08,37,12
16d06h29m-16d09h22m:42,08,42,15,47,15,47,27,55,27
16d07h25m-16d10h36m:50,10,55,10,55,25
16d08h49m-16d09h31m:15,03,22,03,22,08,37,08,37,12
16d10h09m-16d12h34m:15,03,22,03,22,08,37,08,37,12
16d10h26m-16d13h28m:05,20,05,35
16d10h47m-16d12h33m:67,37,67,22
16d11h04m-16d14h30m:15,25,15,30,20,30,20,35,30,35,30,40
16d11h42m-16d12h33m:10,20,40,20,40,35
16d11h45m-16d15h11m:15,03,22,03,22,08,37,08,37,12
16d13h05m-16d13h46m:10,20,40,20,40,35
16d15h55m-16d16h17m:15,10,30,10,30,18
16d16h10m-16d16h48m:05,20,05,35
16d16h17m-16d17h54m:25,45,45,45,45,40
16d17h11m-16d20h58m:10,20,40,20,40,35
16d18h19m-16d19h24m:67,37,67,22
16d19h59m-16d21h24m:17,15,25,15
16d21h05m-16d23h44m:10,20,40,20,40,35
16d21h29m-16d23h20m:08,03,08,23,20,23
16d21h30m-17d00h00m:15,40,27,40
16d23h05m-17d02h52m:25,45,45,45,45,40
16d23h16m-17d00h48m:08,03,08,23,20,23
17d00h38m-17d02h38m:15,03,22,03,22,08,37,08,37,12
17d00h45m-17d04h36m:25,45,45,45,45,40
17d02h09m-17d02h30m:67,37,67,22
17d06h13m-17d06h43m:50,10,55,10,55,25
17d06h21m-17d09h49m:17,15,25,15
17d09h07m-17d12h32m:60,10,60,25
17d09h32m-17d10h12m:15,25,15,30,20,30,20,35,30,35,30,40
17d10h14m-17d12h10m:57,30,57,45
17d10h50m-17d13h08m:60,10,60,25
17d13h44m-17d15h33m:15,10,30,10,30,18
17d15h28m-17d15h47m:15,03,22,03,22,08,37,08,37,12
17d19h10m-17d22h58m:17,15,25,15
17d19h20m-17d22h14m:60,10,60,25
17d22h11m-17d23h51m:42,08,42,15,47,15,47,27,55,27
17d22h20m-18d00h47m:17,15,25,15
17d22h54m-18d00h43m:17,15,25,15
18d00h39m-18d04h38m:17,15,25,15
18d02h21m-18d05h00m:25,25,30,25,30,30,35,30
18d04h07m-18d04h47m:05,20,05,35
18d06h44m-18d07h02m:25,25,30,25,30,30,35,30
18d07h30m-18d09h08m:10,20,40,20,40,35
18d07h46m-18d11h32m:42,08,42,15,47,15,47,27,55,27
18d08h18m-18d10h24m:42,08,42,15,47,15,47,27,55,27
18d08h48m-18d10h51m:15,10,30,10,30,18
18d09h12m-18d11h36m:15,40,27,40
18d11h05m-18d13h21m:60,10,60,25
18d11h48m-18d15h21m:67,37,67,22
18d13h40m-18d17h39m:67,37,67,22
18d14h39m-18d18h06m:42,08,42,15,47,15,47,27,55,27
18d15h01m-18d18h19m:10,20,40,20,40,35
18d16h09m-18d19h40m:60,10,60,25
18d16h14m-18d20h03m:17,15,25,15
18d17h50m-18d19h07m:05,20,05,35
18d18h08m-18d21h05m:10,20,40,20,40,35
18d18h29m-18d20h57m:15,10,30,10,30,18
18d18h37m-18d19h12m:25,25,30,25,30,30,35,30
18d19h08m-18d19h53m:67,37,67,22
18d19h27m-18d20h27m:50,10,55,10,55,25
18d22h07m-19d02h02m:15,03,22,03,22,08,37,08,37,12
18d22h47m-19d01h48m:67,37,67,22
19d01h54m-19d04h07m:15,25,15,30,20,30,20,35,30,35,30,40
19d02h18m-19d05h29m:15,25,15,30,20,30,20,35,30,35,30,40
19d03h13m-19d06h25m:17,15,25,15
19d07h23m-19d09h11m:60,10,60,25
19d08h54m-19d09h40m:57,30,57,45
19d09h03m-19d10h20m:15,25,15,30,20,30,20,35,30,35,30,40
19d09h13m-19d12h36m:08,03,08,23,20,23
19d12h33m-19d12h54m:67,37,67,22
19d13h52m-19d15h06m:25,25,30,25,30,30,35,30
19d14h24m-19d16h22m:15,25,15,30,20,30,20,35,30,35,30,40
19d14h35m-19d15h30m:15,40,27,40
19d15h13m-19d15h40m:25,25,30,25,30,30,35,30
19d16h33m-19d18h04m:05,20,05,35
19d17h36m-19d19h06m:10,20,40,20,40,35
19d18h33m-19d19h24m:15,25,15,30,20,30,20,35,30,35,30,40
19d20h53m-19d21h54m:25,25,30,25,30,30,35,30
19d21h32m-19d22h32m:60,10,60,25
20d01h11m-20d01h49m:57,30,57,45
20d01h59m-20d05h26m:42,08,42,15,47,15,47,27,55,27
20d04h04m-20d04h54m:15,10,30,10,30,18
20d04h24m-20d05h36m:05,20,05,35
20d07h24m-20d10h33m:57,30,57,45
20d08h02m-20d09h33m:15,03,22,03,22,08,37,08,37,12
20d09h23m-20d10h39m:42,08,42,15,47,15,47,27,55,27
20d10h13m-20d11h19m:08,03,08,23,20,23
20d10h33m-20d14h18m:25,45,45,45,45,40
20d12h31m-20d13h02m:15,40,27,40
20d12h52m-20d15h57m:60,10,60,25
20d13h33m-20d17h17m:60,10,60,25
20d14h57m-20d18h10m:05,20,05,35
20d22h07m-21d00h37m:67,37,67,22
20d22h10m-20d22h26m:15,03,22,03,22,08,37,08,37,12
21d01h29m-21d02h09m:50,10,55,10,55,25
21d01h47m-21d05h47m:15,10,30,10,30,18
21d04h12m-21d06h18m:15,10,30,10,30,18
21d05h43m-21d07h01m:25,25,30,25,30,30,35,30
21d06h13m-21d09h55m:50,10,55,10,55,25
21d07h49m-21d09h16m:50,10,55,10,55,25
21d08h28m-21d09h26m:57,30,57,45
21d11h19m-21d13h56m:17,15,25,15
21d12h42m-21d14h46m:57,30,57,45
21d13h33m-21d16h39m:15,25,15,30,20,30,20,35,30,35,30,40
21d13h59m-21d15h48m:67,37,67,22
21d14h10m-21d16h51m:17,15,25,15
21d14h23m-21d15h09m:67,37,67,22
21d14h46m-21d15h10m:50,10,55,10,55,25
21d15h17m-21d16h25m:60,10,60,25
21d16h36m-21d19h54m:67,37,67,22
21d17h02m-21d19h25m:15,03,22,03,22,08,37,08,37,12
21d18h14m-21d21h44m:15,03,22,03,22,08,37,08,37,12
21d18h15m-21d21h42m:67,37,67,22
21d19h40m-21d23h27m:15,03,22,03,22,08,37,08,37,12
21d19h43m-21d20h04m:60,10,60,25
21d22h26m-22d02h17m:05,20,05,35
21d23h37m-22d02h13m:17,15,25,15
22d00h18m-22d01h53m:15,40,27,40
22d01h25m-22d03h40m:60,10,60,25
22d01h44m-22d03h43m:50,10,55,10,55,25
22d01h56m-22d04h42m:15,03,22,03,22,08,37,08,37,12
22d02h15m-22d06h12m:08,03,08,23,20,23
22d04h14m-22d07h05m:50,10,55,10,55,25
22d04h55m-22d06h48m:10,20,40,20,40,35
22d05h02m-22d05h44m:05,20,05,35
22d05h03m-22d06h29m:08,03,08,23,20,23
22d06h35m-22d10h32m:57,30,57,45
22d10h05m-22d10h46m:17,15,25,15
22d10h23m-22d12h01m:15,10,30,10,30,18
22d10h47m-22d11h32m:17,15,25,15
22d12h01m-22d15h35m:67,37,67,22
22d14h40m-22d18h11m:15,40,27,40
22d14h54m-22d18h11m:50,10,55,10,55,25
22d14h58m-22d18h19m:50,10,55,10,55,25
22d16h00m-22d20h00m:15,03,22,03,22,08,37,08,37,12
22d17h22m-22d19h30m:60,10,60,25
22d17h32m-22d19h15m:15,10,30,10,30,18
22d18h25m-22d21h56m:42,08,42,15,47,15,47,27,55,27
22d19h52m-22d22h42m:15,40,27,40
22d19h56m-22d21h51m:10,20,40,20,40,35
22d20h25m-22d21h19m:50,10,55,10,55,25
22d20h45m-22d21h28m:57,30,57,45
22d22h50m-23d01h59m:15,40,27,40
23d01h20m-23d05h05m:05,20,05,35
23d03h13m-23d04h11m:15,03,22,03,22,08,37,08,37,12
23d06h59m-23d09h53m:60,10,60,25
23d11h35m-23d12h48m:67,37,67,22
23d14h42m-23d17h43m:05,20,05,35
23d15h18m-23d16h15m:15,03,22,03,22,08,37,08,37,12
23d17h43m-23d18h34m:10,20,40,20,40,35
23d20h00m-23d23h04m:60,10,60,25
23d21h36m-24d01h04m:25,45,45,45,45,40
23d21h45m-23d23h43m:42,08,42,15,47,15,47,27,55,27
23d22h28m-24d00h36m:42,08,42,15,47,15,47,27,55,27
24d00h17m-24d01h04m:25,45,45,45,45,40
24d01h57m-24d03h39m:05,20,05,35
24d06h54m-24d09h02m:50,10,55,10,55,25
24d07h03m-24d08h29m:60,10,60,25
24d07h36m-24d10h40m:05,20,05,35
24d07h36m-24d11h06m:60,10,60,25
24d07h46m-24d08h42m:10,20,40,20,40,35
24d07h51m-24d10h36m:08,03,08,23,20,23
24d08h35m-24d09h35m:10,20,40,20,40,35
24d09h28m-24d12h09m:17,15,25,15
24d11h09m-24d14h52m:17,15,25,15
24d12h20m-24d12h50m:42,08,42,15,47,15,47,27,55,27
24d12h52m-24d16h45m:67,37,67,22
24d13h51m-24d15h21m:08,03,08,23,20,23
24d14h10m-24d14h37m:50,10,55,10,55,25
24d16h25m-24d17h03m:15,03,22,03,22,08,37,08,37,12
24d17h37m-24d19h28m:10,20,40,20,40,35
24d17h44m-24d18h33m:60,10,60,25
24d18h17m-24d21h56m:10,20,40,20,40,35
24d19h15m-24d19h51m:15,03,22,03,22,08,37,08,37,12
24d19h27m-24d19h58m:15,25,15,30,20,30,20,35,30,35,30,40
24d19h41m-24d23h11m:17,15,25,15
24d21h08m-24d21h28m:50,10,55,10,55,25
24d22h47m-24d23h44m:50,10,55,10,55,25
24d22h56m-25d00h02m:05,20,05,35
24d23h28m-25d00h10m:15,25,15,30,20,30,20,35,30,35,30,40
25d01h40m-25d04h07m:50,10,55,10,55,25
25d02h41m-25d05h16m:10,20,40,20,40,35
25d03h27m-25d04h14m:60,10,60,25
25d04h00m-25d07h06m:60,10,60,25
25d04h18m-25d05h09m:10,20,40,20,40,35
25d12h37m-25d15h08m:42,08,42,15,47,15,47,27,55,27
25d12h58m-25d16h24m:15,10,30,10,30,18
25d18h54m-25d21h27m:15,25,15,30,20,30,20,35,30,35,30,40
25d23h04m-26d00h17m:42,08,42,15,47,15,47,27,55,27
25d23h51m-26d03h12m:25,45,45,45,45,40
26d00h12m-26d01h34m:15,25,15,30,20,30,20,35,30,35,30,40
26d00h13m-26d03h50m:25,45,45,45,45,40
26d00h14m-26d04h11m:15,03,22,03,22,08,37,08,37,12
26d02h33m-26d03h56m:15,10,30,10,30,18
26d03h15m-26d05h00m:15,40,27,40
26d03h28m-26d04h48m:25,25,30,25,30,30,35,30
26d04h19m-26d07h33m:05,20,05,35
26d04h47m-26d07h23m:60,10,60,25
26d05h05m-26d05h32m:15,40,27,40
26d05h47m-26d09h46m:10,20,40,20,40,35
26d06h50m-26d09h10m:08,03,08,23,20,23
26d07h29m-26d10h33m:15,03,22,03,22,08,37,08,37,12
26d09h09m-26d10h51m:57,30,57,45
26d10h50m-26d14h16m:60,10,60,25
26d11h46m-26d12h49m:25,25,30,25,30,30,35,30
26d12h34m-26d15h25m:05,20,05,35
26d13h00m-26d15h17m:67,37,67,22
26d13h19m-26d16h43m:25,45,45,45,45,40
26d14h00m-26d17h16m:15,25,15,30,20,30,20,35,30,35,30,40
26d14h13m-26d16h59m:15,40,27,40
26d14h33m-26d17h15m:25,25,30,25,30,30,35,30
26d15h28m-26d16h16m:15,25,15,30,20,30,20,35,30,35,30,40
26d15h54m-26d18h18m:67,37,67,22
26d16h51m-26d20h36m:50,10,55,10,55,25
26d18h07m-26d18h26m:42,08,42,15,47,15,47,27,55,27
26d18h10m-26d21h17m:25,45,45,45,45,40
26d21h06m-26d21h34m:42,08,42,15,47,15,47,27,55,27
26d21h38m-26d23h05m:50,10,55,10,55,25
27d02h25m-27d02h50m:57,30,57,45
27d05h49m-27d07h33m:15,03,22,03,22,08,37,08,37,12
27d06h15m-27d09h34m:15,03,22,03,22,08,37,08,37,12
27d07h24m-27d08h43m:15,40,27,40
27d11h28m-27d12h04m:57,30,57,45
27d11h39m-27d14h24m:60,10,60,25
27d13h10m-27d13h45m:17,15,25,15
27d16h29m-27d19h45m:25,25,30,25,30,30,35,30
27d21h07m-27d23h38m:57,30,57,45
27d22h19m-28d02h03m:57,30,57,45
27d23h59m-28d01h32m:50,10,55,10,55,25
28d01h20m-28d01h38m:25,25,30,25,30,30,35,30
28d02h45m-28d03h41m:25,45,45,45,45,40
28d03h23m-28d04h20m:17,15,25,15
28d03h38m-28d07h05m:10,20,40,20,40,35
28d03h57m-28d06h24m:25,45,45,45,45,40
28d04h27m-28d05h31m:15,03,22,03,22,08,37,08,37,12
28d05h19m-28d09h04m:57,30,57,45
28d05h26m-28d06h16m:10,20,40,20,40,35
28d06h27m-28d09h22m:60,10,60,25
28d07h50m-28d09h04m:42,08,42,15,47,15,47,27,55,27
28d09h33m-28d11h31m:15,40,27,40
28d10h37m-28d14h21m:42,08,42,15,47,15,47,27,55,27
28d11h19m-28d12h13m:25,45,45,45,45,40
28d11h35m-28d12h27m:15,25,15,30,20,30,20,35,30,35,30,40
28d11h46m-28d14h38m:60,10,60,25
28d12h32m-28d14h03m:42,08,42,15,47,15,47,27,55,27
28d17h09m-28d19h16m:60,10,60,25
28d17h56m-28d20h43m:15,03,22,03,22,08,37,08,37,12
28d20h04m-28d21h24m:15,03,22,03,22,08,37,08,37,12
28d21h33m-28d23h59m:17,15,25,15
28d21h42m-28d23h59m:25,45,45,45,45,40
28d22h58m-28d23h59m:42,08,42,15,47,15,47,27,55,27
28d23h00m-28d23h59m:57,30,57,45
28d23h25m-28d23h59m:25,45,45,45,45,40
28d23h52m-28d23h59m:17,15,25,15
