01d01h00m-01d01h34m:15,40,27,40
01d01h22m-01d03h53m:15,40,27,40
01d04h50m-01d05h41m:10,20,40,20,40,35
01d04h55m-01d07h13m:57,30,57,45
01d05h26m-01d06h33m:15,40,27,40
01d05h29m-01d08h20m:08,03,08,23,20,23
01d05h41m-01d06h27m:60,10,60,25
01d06h30m-01d07h06m:42,08,42,15,47,15,47,27,55,27
01d06h36m-01d09h36m:50,10,55,10,55,25
01d07h45m-01d11h15m:15,40,27,40
01d08h11m-01d12h04m:17,15,25,15
01d11h17m-01d12h04m:05,20,05,35
01d12h02m-01d12h22m:25,25,30,25,30,30,35,30
01d12h29m-01d14h47m:25,25,30,25,30,30,35,30
01d13h45m-01d17h25m:57,30,57,45
01d14h14m-01d16h40m:50,10,55,10,55,25
01d14h14m-01d18h12m:05,20,05,35
01d14h38m-01d18h02m:15,10,30,10,30,18
01d14h58m-01d18h54m:15,10,30,10,30,18
01d16h38m-01d18h56m:50,10,55,10,55,25
01d19h14m-01d20h10m:08,03,08,23,20,23
01d19h37m-01d20h25m:42,08,42,15,47,15,47,27,55,27
01d20h22m-01d20h39m:50,10,55,10,55,25
01d20h56m-01d21h56m:25,25,30,25,30,30,35,30
01d21h34m-01d23h25m:25,45,45,45,45,40
01d21h39m-01d21h57m:08,03,08,23,20,23
01d23h33m-01d23h58m:60,10,60,25
01d23h44m-02d01h36m:05,20,05,35
02d02h27m-02d03h38m:15,40,27,40
02d04h18m-02d06h02m:57,30,57,45
02d04h42m-02d05h26m:67,37,67,22
02d06h04m-02d08h50m:15,25,15,30,20,30,20,35,30,35,30,40
02d07h25m-02d09h53m:08,03,08,23,20,23
02d11h05m-02d13h40m:25,25,30,25,30,30,35,30
02d13h26m-02d15h54m:57,30,57,45
02d13h51m-02d14h47m:67,37,67,22
02d15h08m-02d18h47m:15,03,22,03,22,08,37,08,37,12
02d17h57m-02d21h50m:08,03,08,23,20,23
02d18h35m-02d20h02m:50,10,55,10,55,25
02d19h51m-02d22h11m:50,10,55,10,55,25
02d23h40m-03d01h32m:57,30,57,45
03d03h33m-03d06h34m:67,37,67,22
03d03h56m-03d07h16m:17,15,25,15
03d03h59m-03d04h53m:57,30,57,45
03d04h03m-03d05h29m:25,25,30,25,30,30,35,30
03d09h50m-03d12h29m:42,08,42,15,47,15,47,27,55,27
03d09h57m-03d13h22m:42,08,42,15,47,15,47,27,55,27
03d10h26m-03d13h25m:25,45,45,45,45,40
03d10h44m-03d14h20m:15,10,30,10,30,18
03d14h57m-03d18h01m:08,03,08,23,20,23
03d16h44m-03d18h57m:15,03,22,03,22,08,37,08,37,12
03d16h53m-03d17h28m:15,40,27,40
03d19h01m-03d22h34m:50,10,55,10,55,25
04d00h03m-04d02h57m:60,10,60,25
04d00h17m-04d03h36m:25,25,30,25,30,30,35,30
04d03h48m-04d07h45m:25,25,30,25,30,30,35,30
04d03h50m-04d04h05m:08,03,08,23,20,23
04d03h56m-04d07h53m:15,10,30,10,30,18
04d04h34m-04d08h02m:25,45,45,45,45,40
04d04h53m-04d06h59m:25,25,30,25,30,30,35,30
04d09h43m-04d12h07m:60,10,60,25
04d09h58m-04d10h24m:05,20,05,35
04d10h36m-04d14h30m:15,10,30,10,30,18
04d11h55m-04d13h03m:25,25,30,25,30,30,35,30
04d12h24m-04d15h02m:17,15,25,15
04d12h47m-04d16h06m:15,10,30,10,30,18
04d14h00m-04d14h42m:05,20,05,35
04d15h09m-04d16h26m:17,15,25,15
04d17h41m-04d21h17m:25,25,30,25,30,30,35,30
04d17h44m-04d19h53m:17,15,25,15
04d18h53m-04d20h58m:57,30,57,45
04d19h17m-04d22h47m:60,10,60,25
04d19h17m-04d22h49m:08,03,08,23,20,23
04d19h47m-04d21h06m:15,40,27,40
04d21h47m-05d00h48m:15,40,27,40
04d21h59m-04d23h29m:25,25,30,25,30,30,35,30
04d22h56m-05d01h43m:10,20,40,20,40,35
04d23h53m-05d00h17m:10,20,40,20,40,35
05d02h17m-05d02h44m:60,10,60,25
05d04h53m-05d06h33m:10,20,40,20,40,35
05d06h14m-05d09h38m:42,08,42,15,47,15,47,27,55,27
05d07h26m-05d10h02m:60,10,60,25
05d08h34m-05d11h04m:50,10,55,10,55,25
05d10h30m-05d11h26m:17,15,25,15
05d10h37m-05d13h29m:05,20,05,35
05d11h40m-05d14h03m:60,10,60,25
05d11h41m-05d14h42m:15,10,30,10,30,18
05d13h47m-05d17h41m:25,45,45,45,45,40
05d13h52m-05d15h15m:15,25,15,30,20,30,20,35,30,35,30,40
05d16h07m-05d17h06m:25,45,45,45,45,40
05d16h34m-05d20h29m:15,25,15,30,20,30,20,35,30,35,30,40
05d17h08m-05d20h20m:57,30,57,45
05d18h26m-05d19h36m:25,25,30,25,30,30,35,30
05d18h26m-05d21h05m:15,03,22,03,22,08,37,08,37,12
05d19h10m-05d20h33m:15,25,15,30,20,30,20,35,30,35,30,40
05d20h45m-05d23h40m:67,37,67,22
05d21h22m-05d22h27m:15,25,15,30,20,30,20,35,30,35,30,40
05d21h57m-06d00h51m:10,20,40,20,40,35
06d00h21m-06d01h19m:15,40,27,40
06d00h27m-06d04h20m:60,10,60,25
06d00h54m-06d02h12m:15,10,30,10,30,18
06d03h04m-06d06h33m:15,03,22,03,22,08,37,08,37,12
06d03h33m-06d06h09m:57,30,57,45
06d04h24m-06d06h50m:57,30,57,45
06d06h10m-06d10h01m:08,03,08,23,20,23
06d06h49m-06d10h12m:17,15,25,15
06d07h55m-06d11h47m:08,03,08,23,20,23
06d10h11m-06d10h59m:57,30,57,45
06d10h56m-06d12h54m:15,03,22,03,22,08,37,08,37,12
06d16h40m-06d19h54m:42,08,42,15,47,15,47,27,55,27
06d17h51m-06d19h54m:25,25,30,25,30,30,35,30
06d21h37m-06d22h43m:15,40,27,40
07d00h16m-07d00h41m:17,15,25,15
07d02h35m-07d05h23m:50,10,55,10,55,25
07d03h02m-07d04h51m:15,40,27,40
07d04h12m-07d05h48m:67,37,67,22
07d04h36m-07d07h18m:15,03,22,03,22,08,37,08,37,12
07d06h11m-07d09h19m:15,40,27,40
07d06h29m-07d06h51m:15,10,30,10,30,18
07d06h48m-07d10h10m:15,10,30,10,30,18
07d07h58m-07d11h37m:15,40,27,40
07d09h16m-07d10h17m:50,10,55,10,55,25
07d09h24m-07d12h31m:15,25,15,30,20,30,20,35,30,35,30,40
07d10h04m-07d12h33m:10,20,40,20,40,35
07d10h11m-07d10h36m:15,10,30,10,30,18
07d10h18m-07d10h44m:25,45,45,45,45,40
07d11h44m-07d13h30m:17,15,25,15
07d12h02m-07d15h06m:50,10,55,10,55,25
07d12h20m-07d13h18m:57,30,57,45
07d14h10m-07d15h34m:15,10,30,10,30,18
07d14h12m-07d16h13m:08,03,08,23,20,23
07d16h12m-07d20h04m:60,10,60,25
07d18h06m-07d21h19m:05,20,05,35
07d18h18m-07d20h21m:15,10,30,10,30,18
07d19h11m-07d19h53m:50,10,55,10,55,25
07d19h46m-07d22h54m:15,10,30,10,30,18
07d20h22m-07d23h15m:15,25,15,30,20,30,20,35,30,35,30,40
07d20h43m-07d23h56m:17,15,25,15
07d20h51m-07d22h36m:15,03,22,03,22,08,37,08,37,12
07d21h25m-07d21h44m:15,40,27,40
07d21h29m-07d21h46m:17,15,25,15
08d00h02m-08d03h03m:08,03,08,23,20,23
08d00h22m-08d02h30m:15,10,30,10,30,18
08d01h32m-08d04h57m:50,10,55,10,55,25
08d05h38m-08d07h48m:15,25,15,30,20,30,20,35,30,35,30,40
08d07h14m-08d09h44m:57,30,57,45
08d10h07m-08d14h07m:57,30,57,45
08d10h15m-08d10h53m:25,45,45,45,45,40
08d11h11m-08d13h21m:25,25,30,25,30,30,35,30
08d12h37m-08d12h57m:67,37,67,22
08d13h48m-08d14h16m:15,40,27,40
08d14h03m-08d16h40m:17,15,25,15
08d14h12m-08d16h17m:15,10,30,10,30,18
08d16h21m-08d18h33m:57,30,57,45
08d16h22m-08d18h13m:42,08,42,15,47,15,47,27,55,27
08d16h53m-08d20h39m:10,20,40,20,40,35
08d17h55m-08d20h50m:10,20,40,20,40,35
08d18h47m-08d19h57m:57,30,57,45
09d02h19m-09d04h19m:08,03,08,23,20,23
09d03h55m-09d04h40m:57,30,57,45
09d05h17m-09d07h10m:17,15,25,15
09d09h01m-09d11h49m:05,20,05,35
09d09h55m-09d10h29m:05,20,05,35
09d10h16m-09d11h03m:50,10,55,10,55,25
09d13h40m-09d14h29m:15,03,22,03,22,08,37,08,37,12
09d19h51m-09d23h47m:15,40,27,40
09d21h28m-09d23h57m:17,15,25,15
09d21h32m-09d23h51m:15,03,22,03,22,08,37,08,37,12
09d23h42m-10d01h10m:42,08,42,15,47,15,47,27,55,27
10d00h29m-10d00h48m:10,20,40,20,40,35
10d01h56m-10d02h54m:08,03,08,23,20,23
10d02h22m-10d05h56m:50,10,55,10,55,25
10d03h09m-10d03h49m:25,25,30,25,30,30,35,30
10d03h46m-10d07h35m:05,20,05,35
10d07h53m-10d11h16m:60,10,60,25
10d08h07m-10d11h19m:50,10,55,10,55,25
10d08h09m-10d09h52m:15,40,27,40
10d08h14m-10d10h06m:25,25,30,25,30,30,35,30
10d09h45m-10d12h29m:60,10,60,25
10d09h46m-10d11h07m:15,10,30,10,30,18
10d10h10m-10d12h02m:42,08,42,15,47,15,47,27,55,27
10d10h10m-10d12h46m:25,25,30,25,30,30,35,30
10d11h33m-10d15h21m:50,10,55,10,55,25
10d12h44m-10d15h45m:15,40,27,40
10d13h34m-10d13h59m:08,03,08,23,20,23
10d14h06m-10d14h53m:10,20,40,20,40,35
10d17h27m-10d18h26m:25,45,45,45,45,40
10d18h16m-10d20h41m:50,10,55,10,55,25
10d18h32m-10d20h16m:25,45,45,45,45,40
10d19h07m-10d20h41m:57,30,57,45
10d19h47m-10d23h18m:42,08,42,15,47,15,47,27,55,27
10d19h55m-10d23h49m:17,15,25,15
10d19h58m-10d21h12m:42,08,42,15,47,15,47,27,55,27
10d20h11m-10d22h27m:25,45,45,45,45,40
10d20h19m-10d21h26m:50,10,55,10,55,25
10d22h02m-10d23h01m:60,10,60,25
10d22h48m-10d23h52m:10,20,40,20,40,35
11d00h20m-11d03h10m:25,25,30,25,30,30,35,30
11d00h28m-11d02h19m:10,20,40,20,40,35
11d05h34m-11d06h06m:60,10,60,25
11d05h43m-11d07h48m:15,25,15,30,20,30,20,35,30,35,30,40
11d07h15m-11d09h17m:15,03,22,03,22,08,37,08,37,12
11d07h38m-11d09h50m:15,40,27,40
11d07h56m-11d08h31m:05,20,05,35
11d08h15m-11d09h17m:67,37,67,22
11d09h46m-11d13h25m:60,10,60,25
11d10h23m-11d12h54m:57,30,57,45
11d13h30m-11d16h00m:25,25,30,25,30,30,35,30
11d14h35m-11d17h21m:57,30,57,45
11d14h53m-11d18h17m:42,08,42,15,47,15,47,27,55,27
11d15h07m-11d18h14m:57,30,57,45
11d15h25m-11d17h31m:10,20,40,20,40,35
11d15h51m-11d16h56m:15,40,27,40
11d15h59m-11d17h42m:25,25,30,25,30,30,35,30
11d16h26m-11d19h14m:57,30,57,45
11d17h10m-11d18h35m:15,10,30,10,30,18
11d17h18m-11d20h42m:42,08,42,15,47,15,47,27,55,27
11d20h53m-11d21h10m:42,08,42,15,47,15,47,27,55,27
11d23h05m-12d00h06m:15,25,15,30,20,30,20,35,30,35,30,40
12d01h45m-12d04h53m:25,45,45,45,45,40
12d03h40m-12d06h19m:15,10,30,10,30,18
12d04h02m-12d05h51m:15,10,30,10,30,18
12d07h28m-12d08h15m:60,10,60,25
12d07h31m-12d10h35m:17,15,25,15
12d07h33m-12d08h50m:10,20,40,20,40,35
12d08h19m-12d09h34m:42,08,42,15,47,15,47,27,55,27
12d09h19m-12d10h32m:67,37,67,22
12d11h58m-12d15h03m:05,20,05,35
12d12h00m-12d13h22m:25,45,45,45,45,40
12d12h02m-12d13h13m:15,40,27,40
12d12h05m-12d13h01m:08,03,08,23,20,23
12d13h03m-12d13h48m:25,25,30,25,30,30,35,30
12d13h16m-12d15h18m:15,25,15,30,20,30,20,35,30,35,30,40
12d14h06m-12d16h55m:17,15,25,15
12d14h30m-12d18h25m:42,08,42,15,47,15,47,27,55,27
12d14h35m-12d18h23m:10,20,40,20,40,35
12d14h39m-12d15h58m:05,20,05,35
12d14h56m-12d16h16m:25,25,30,25,30,30,35,30
12d15h46m-12d16h14m:42,08,42,15,47,15,47,27,55,27
12d17h00m-12d18h34m:08,03,08,23,20,23
12d18h31m-12d21h27m:15,40,27,40
12d20h07m-12d23h27m:42,08,42,15,47,15,47,27,55,27
12d20h28m-12d21h52m:42,08,42,15,47,15,47,27,55,27
12d20h58m-13d00h07m:15,10,30,10,30,18
12d22h12m-12d23h13m:08,03,08,23,20,23
12d22h24m-12d22h39m:42,08,42,15,47,15,47,27,55,27
12d22h50m-12d23h16m:25,25,30,25,30,30,35,30
12d23h17m-13d01h58m:50,10,55,10,55,25
13d00h55m-13d03h18m:08,03,08,23,20,23
13d04h59m-13d05h42m:10,20,40,20,40,35
13d06h10m-13d06h53m:15,03,22,03,22,08,37,08,37,12
13d09h49m-13d11h21m:25,45,45,45,45,40
13d13h12m-13d14h18m:15,40,27,40
13d13h18m-13d15h55m:57,30,57,45
13d15h18m-13d18h47m:08,03,08,23,20,23
13d15h28m-13d19h22m:42,08,42,15,47,15,47,27,55,27
13d18h47m-13d22h14m:17,15,25,15
13d19h43m-13d23h05m:57,30,57,45
13d23h05m-14d02h29m:05,20,05,35
14d04h09m-14d07h43m:17,15,25,15
14d06h03m-14d09h03m:15,25,15,30,20,30,20,35,30,35,30,40
14d09h03m-14d11h27m:15,40,27,40
14d09h06m-14d11h43m:15,25,15,30,20,30,20,35,30,35,30,40
14d09h23m-14d09h50m:10,20,40,20,40,35
14d09h57m-14d13h07m:50,10,55,10,55,25
14d10h44m-14d13h50m:60,10,60,25
14d11h01m-14d11h57m:15,40,27,40
14d12h04m-14d14h28m:67,37,67,22
14d14h36m-14d18h01m:25,25,30,25,30,30,35,30
14d15h14m-14d16h51m:60,10,60,25
14d15h57m-14d17h36m:25,25,30,25,30,30,35,30
14d16h03m-14d19h09m:17,15,25,15
14d17h22m-14d19h59m:08,03,08,23,20,23
14d19h43m-14d22h41m:15,10,30,10,30,18
14d20h12m-14d22h52m:60,10,60,25
14d21h33m-14d22h33m:25,25,30,25,30,30,35,30
14d21h34m-14d22h52m:15,03,22,03,22,08,37,08,37,12
14d21h53m-14d22h24m:15,40,27,40
14d23h46m-15d02h22m:57,30,57,45
15d02h57m-15d04h08m:25,25,30,25,30,30,35,30
15d03h19m-15d06h51m:08,03,08,23,20,23
15d04h12m-15d07h01m:25,25,30,25,30,30,35,30
15d04h19m-15d07h48m:17,15,25,15
15d04h32m-15d08h14m:10,20,40,20,40,35
15d04h40m-15d07h13m:10,20,40,20,40,35
15d05h23m-15d05h51m:67,37,67,22
15d05h48m-15d06h11m:60,10,60,25
15d06h40m-15d08h00m:05,20,05,35
15d07h04m-15d07h24m:15,25,15,30,20,30,20,35,30,35,30,40
15d08h03m-15d08h20m:50,10,55,10,55,25
15d08h04m-15d10h51m:15,25,15,30,20,30,20,35,30,35,30,40
15d10h07m-15d12h09m:15,40,27,40
15d10h51m-15d12h30m:50,10,55,10,55,25
15d12h07m-15d15h17m:08,03,08,23,20,23
15d15h30m-15d18h28m:08,03,08,23,20,23
15d17h49m-15d18h52m:08,03,08,23,20,23
15d18h51m-15d19h06m:05,20,05,35
15d22h21m-16d01h44m:15,03,22,03,22,08,37,08,37,12
16d01h57m-16d05h48m:25,45,45,45,45,40
16d02h48m-16d04h22m:15,40,27,40
16d05h40m-16d06h32m:25,25,30,25,30,30,35,30
16d07h31m-16d10h48m:10,20,40,20,40,35
16d08h11m-16d08h32m:57,30,57,45
16d08h19m-16d12h04m:05,20,05,35
16d11h58m-16d12h18m:15,25,15,30,20,30,20,35,30,35,30,40
16d14h31m-16d15h33m:50,10,55,10,55,25
16d14h55m-16d17h34m:60,10,60,25
16d15h50m-16d16h58m:15,10,30,10,30,18
16d16h25m-16d19h52m:25,45,45,45,45,40
16d17h41m-16d21h14m:10,20,40,20,40,35
16d18h42m-16d18h57m:15,10,30,10,30,18
16d21h45m-16d23h27m:42,08,42,15,47,15,47,27,55,27
16d21h47m-17d01h18m:25,45,45,45,45,40
17d00h20m-17d04h11m:25,45,45,45,45,40
17d01h14m-17d02h53m:17,15,25,15
17d01h33m-17d04h17m:17,15,25,15
17d02h09m-17d04h10m:60,10,60,25
17d02h41m-17d03h40m:57,30,57,45
17d03h26m-17d04h29m:15,03,22,03,22,08,37,08,37,12
17d04h53m-17d05h32m:25,25,30,25,30,30,35,30
17d06h41m-17d08h25m:15,10,30,10,30,18
17d08h03m-17d10h10m:05,20,05,35
17d09h01m-17d10h23m:10,20,40,20,40,35
17d10h39m-17d11h25m:67,37,67,22
17d11h52m-17d13h25m:67,37,67,22
17d12h12m-17d14h18m:15,25,15,30,20,30,20,35,30,35,30,40
17d12h24m-17d12h39m:50,10,55,10,55,25
17d14h32m-17d17h59m:50,10,55,10,55,25
17d18h34m-17d21h14m:17,15,25,15
17d20h40m-17d22h38m:15,03,22,03,22,08,37,08,37,12
17d21h46m-18d00h13m:50,10,55,10,55,25
17d21h53m-17d22h29m:60,10,60,25
17d23h07m-18d03h05m:50,10,55,10,55,25
17d23h40m-18d01h34m:15,03,22,03,22,08,37,08,37,12
18d00h03m-18d03h45m:05,20,05,35
18d01h42m-18d05h34m:10,20,40,20,40,35
18d02h23m-18d03h22m:60,10,60,25
18d05h54m-18d07h16m:57,30,57,45
18d06h04m-18d09h05m:17,15,25,15
18d06h15m-18d08h57m:08,03,08,23,20,23
18d07h04m-18d07h30m:17,15,25,15
18d07h17m-18d09h32m:60,10,60,25
18d08h14m-18d11h34m:15,25,15,30,20,30,20,35,30,35,30,40
18d09h04m-18d10h02m:05,20,05,35
18d09h08m-18d12h14m:08,03,08,23,20,23
18d10h00m-18d13h58m:15,10,30,10,30,18
18d12h06m-18d12h43m:57,30,57,45
18d12h18m-18d14h29m:08,03,08,23,20,23
18d12h34m-18d14h36m:60,10,60,25
18d12h52m-18d15h01m:57,30,57,45
18d13h33m-18d17h29m:08,03,08,23,20,23
18d16h02m-18d20h01m:05,20,05,35
18d16h38m-18d20h35m:42,08,42,15,47,15,47,27,55,27
18d20h03m-18d20h46m:25,45,45,45,45,40
18d22h49m-19d01h36m:50,10,55,10,55,25
18d23h36m-19d03h07m:25,25,30,25,30,30,35,30
18d23h42m-19d02h34m:15,03,22,03,22,08,37,08,37,12
18d23h50m-19d03h44m:15,40,27,40
19d00h20m-19d03h29m:15,03,22,03,22,08,37,08,37,12
19d01h32m-19d03h18m:25,45,45,45,45,40
19d02h48m-19d06h48m:25,25,30,25,30,30,35,30
19d03h40m-19d04h05m:08,03,08,23,20,23
19d03h57m-19d04h25m:25,45,45,45,45,40
19d05h14m-19d07h30m:15,03,22,03,22,08,37,08,37,12
19d05h58m-19d07h06m:15,10,30,10,30,18
19d06h40m-19d08h32m:57,30,57,45
19d06h56m-19d07h14m:60,10,60,25
19d06h58m-19d08h47m:15,03,22,03,22,08,37,08,37,12
19d07h16m-19d08h49m:60,10,60,25
19d08h14m-19d11h16m:15,10,30,10,30,18
19d08h38m-19d12h13m:10,20,40,20,40,35
19d09h51m-19d12h26m:05,20,05,35
19d10h01m-19d12h45m:57,30,57,45
19d10h58m-19d11h13m:15,03,22,03,22,08,37,08,37,12
19d11h27m-19d12h32m:25,25,30,25,30,30,35,30
19d12h24m-19d14h06m:25,45,45,45,45,40
19d13h01m-19d15h06m:05,20,05,35
19d14h55m-19d18h10m:50,10,55,10,55,25
19d15h20m-19d18h57m:17,15,25,15
19d15h54m-19d18h47m:25,25,30,25,30,30,35,30
19d16h47m-19d18h35m:60,10,60,25
19d17h18m-19d18h38m:67,37,67,22
19d18h53m-19d20h37m:15,25,15,30,20,30,20,35,30,35,30,40
19d19h19m-19d21h55m:15,10,30,10,30,18
19d19h58m-19d23h46m:10,20,40,20,40,35
19d21h02m-19d21h22m:25,45,45,45,45,40
19d21h37m-20d00h56m:15,10,30,10,30,18
20d02h35m-20d03h09m:60,10,60,25
20d02h53m-20d04h49m:10,20,40,20,40,35
20d03h12m-20d05h46m:42,08,42,15,47,15,47,27,55,27
20d05h00m-20d06h17m:15,10,30,10,30,18
20d05h18m-20d05h35m:15,03,22,03,22,08,37,08,37,12
20d05h38m-20d08h49m:67,37,67,22
20d07h27m-20d08h23m:08,03,08,23,20,23
20d08h23m-20d09h00m:05,20,05,35
20d08h25m-20d11h46m:25,25,30,25,30,30,35,30
20d08h39m-20d08h55m:05,20,05,35
20d08h46m-20d09h37m:25,45,45,45,45,40
20d12h01m-20d13h09m:17,15,25,15
20d12h40m-20d15h14m:05,20,05,35
20d12h46m-20d15h05m:15,40,27,40
20d13h01m-20d15h48m:15,03,22,03,22,08,37,08,37,12
20d13h57m-20d16h47m:05,20,05,35
20d15h10m-20d16h40m:50,10,55,10,55,25
20d15h47m-20d16h37m:08,03,08,23,20,23
20d17h22m-20d18h26m:25,45,45,45,45,40
20d17h30m-20d21h27m:67,37,67,22
20d17h39m-20d21h19m:05,20,05,35
20d18h15m-20d20h32m:15,10,30,10,30,18
20d18h48m-20d20h52m:08,03,08,23,20,23
20d18h48m-20d21h40m:10,20,40,20,40,35
20d19h22m-20d21h09m:57,30,57,45
20d19h26m-20d21h58m:08,03,08,23,20,23
20d20h17m-20d21h50m:57,30,57,45
20d21h03m-21d00h11m:15,10,30,10,30,18
21d00h15m-21d00h51m:57,30,57,45
21d02h12m-21d02h45m:25,25,30,25,30,30,35,30
21d04h10m-21d07h09m:10,20,40,20,40,35
21d06h45m-21d07h22m:15,03,22,03,22,08,37,08,37,12
21d08h06m-21d08h54m:05,20,05,35
21d08h25m-21d10h27m:57,30,57,45
21d09h18m-21d12h16m:60,10,60,25
21d10h23m-21d12h15m:57,30,57,45
21d13h18m-21d15h37m:57,30,57,45
21d14h33m-21d14h59m:15,25,15,30,20,30,20,35,30,35,30,40
21d15h31m-21d17h23m:10,20,40,20,40,35
21d15h49m-21d16h32m:15,25,15,30,20,30,20,35,30,35,30,40
21d16h23m-21d20h06m:15,40,27,40
21d19h24m-21d22h41m:17,15,25,15
21d21h30m-22d00h58m:50,10,55,10,55,25
21d21h32m-22d00h51m:25,25,30,25,30,30,35,30
21d23h21m-22d00h53m:08,03,08,23,20,23
22d01h15m-22d02h38m:15,40,27,40
22d02h22m-22d04h25m:42,08,42,15,47,15,47,27,55,27
22d02h29m-22d05h26m:15,03,22,03,22,08,37,08,37,12
22d02h44m-22d06h11m:15,03,22,03,22,08,37,08,37,12
22d03h50m-22d04h56m:08,03,08,23,20,23
22d04h30m-22d06h41m:60,10,60,25
22d04h46m-22d06h02m:15,03,22,03,22,08,37,08,37,12
22d05h08m-22d07h50m:05,20,05,35
22d07h07m-22d10h47m:60,10,60,25
22d08h58m-22d11h39m:08,03,08,23,20,23
22d10h54m-22d14h29m:50,10,55,10,55,25
22d11h14m-22d11h31m:17,15,25,15
22d11h24m-22d13h46m:25,45,45,45,45,40
22d12h23m-22d16h05m:05,20,05,35
22d14h09m-22d17h59m:67,37,67,22
22d14h15m-22d16h49m:15,25,15,30,20,30,20,35,30,35,30,40
22d14h41m-22d15h00m:17,15,25,15
22d16h17m-22d17h20m:60,10,60,25
22d17h36m-22d19h45m:08,03,08,23,20,23
22d17h59m-22d21h49m:10,20,40,20,40,35
22d18h03m-22d19h00m:15,10,30,10,30,18
22d18h49m-22d19h27m:25,25,30,25,30,30,35,30
22d20h05m-22d22h42m:57,30,57,45
22d20h06m-22d23h41m:57,30,57,45
22d20h26m-22d23h01m:67,37,67,22
22d20h31m-22d20h58m:17,15,25,15
22d22h03m-22d22h29m:25,25,30,25,30,30,35,30
22d22h59m-23d01h05m:15,25,15,30,20,30,20,35,30,35,30,40
22d23h15m-23d03h07m:60,10,60,25
23d00h03m-23d03h27m:08,03,08,23,20,23
23d00h12m-23d01h11m:10,20,40,20,40,35
23d01h39m-23d04h52m:10,20,40,20,40,35
23d03h04m-23d03h56m:15,03,22,03,22,08,37,08,37,12
23d03h49m-23d06h22m:10,20,40,20,40,35
23d04h25m-23d07h15m:15,25,15,30,20,30,20,35,30,35,30,40
23d04h40m-23d07h08m:57,30,57,45
23d04h47m-23d08h05m:50,10,55,10,55,25
23d06h34m-23d08h25m:08,03,08,23,20,23
23d06h41m-23d08h36m:67,37,67,22
23d08h02m-23d10h55m:15,40,27,40
23d10h19m-23d14h05m:15,40,27,40
23d11h08m-23d13h46m:25,25,30,25,30,30,35,30
23d11h37m-23d12h50m:15,03,22,03,22,08,37,08,37,12
23d17h08m-23d20h17m:25,45,45,45,45,40
23d17h26m-23d19h10m:50,10,55,10,55,25
23d18h26m-23d19h31m:10,20,40,20,40,35
23d19h57m-23d21h10m:15,10,30,10,30,18
23d20h01m-23d23h56m:25,45,45,45,45,40
24d00h08m-24d01h22m:57,30,57,45
24d02h12m-24d04h22m:15,10,30,10,30,18
24d02h24m-24d02h40m:57,30,57,45
24d02h32m-24d05h13m:10,20,40,20,40,35
24d02h34m-24d05h12m:57,30,57,45
24d02h42m-24d06h37m:15,25,15,30,20,30,20,35,30,35,30,40
24d05h51m-24d08h29m:15,40,27,40
24d06h30m-24d09h46m:17,15,25,15
24d07h41m-24d11h04m:25,45,45,45,45,40
24d10h27m-24d14h05m:57,30,57,45
24d12h05m-24d15h40m:08,03,08,23,20,23
24d12h53m-24d14h06m:57,30,57,45
24d13h02m-24d15h02m:42,08,42,15,47,15,47,27,55,27
24d13h21m-24d16h07m:67,37,67,22
24d16h53m-24d20h52m:42,08,42,15,47,15,47,27,55,27
24d19h25m-24d21h38m:15,40,27,40
24d23h29m-25d00h09m:15,40,27,40
24d23h36m-25d02h08m:25,45,45,45,45,40
25d01h11m-25d01h56m:67,37,67,22
25d04h20m-25d05h18m:25,45,45,45,45,40
25d06h25m-25d09h19m:17,15,25,15
25d07h21m-25d09h00m:25,45,45,45,45,40
25d07h52m-25d08h11m:15,40,27,40
25d08h42m-25d09h43m:17,15,25,15
25d09h27m-25d13h23m:05,20,05,35
25d10h42m-25d14h29m:67,37,67,22
25d11h58m-25d14h19m:25,25,30,25,30,30,35,30
25d12h40m-25d13h41m:10,20,40,20,40,35
25d13h21m-25d16h46m:10,20,40,20,40,35
25d15h14m-25d16h51m:15,03,22,03,22,08,37,08,37,12
25d15h39m-25d16h41m:25,25,30,25,30,30,35,30
25d15h49m-25d18h06m:50,10,55,10,55,25
25d16h18m-25d17h45m:25,45,45,45,45,40
25d23h42m-25d23h57m:67,37,67,22
26d03h42m-26d05h43m:15,25,15,30,20,30,20,35,30,35,30,40
26d03h49m-26d05h44m:67,37,67,22
26d04h12m-26d07h57m:60,10,60,25
26d04h25m-26d08h21m:25,45,45,45,45,40
26d05h01m-26d06h43m:42,08,42,15,47,15,47,27,55,27
26d05h02m-26d05h24m:25,25,30,25,30,30,35,30
26d06h16m-26d08h39m:05,20,05,35
26d09h13m-26d10h14m:15,03,22,03,22,08,37,08,37,12
26d09h52m-26d10h08m:15,10,30,10,30,18
26d10h46m-26d12h34m:15,40,27,40
26d10h59m-26d12h19m:17,15,25,15
26d12h14m-26d14h54m:60,10,60,25
26d14h04m-26d16h08m:67,37,67,22
26d15h59m-26d16h56m:15,10,30,10,30,18
26d16h19m-26d19h48m:15,40,27,40
26d18h31m-26d19h45m:25,45,45,45,45,40
26d18h35m-26d19h19m:08,03,08,23,20,23
26d18h49m-26d21h18m:15,40,27,40
26d20h47m-26d23h27m:08,03,08,23,20,23
26d20h52m-27d00h44m:67,37,67,22
26d21h28m-26d22h20m:25,25,30,25,30,30,35,30
26d22h09m-26d23h27m:42,08,42,15,47,15,47,27,55,27
26d22h44m-27d01h37m:15,03,22,03,22,08,37,08,37,12
27d01h33m-27d03h12m:15,10,30,10,30,18
27d01h42m-27d04h07m:10,20,40,20,40,35
27d01h43m-27d04h29m:15,25,15,30,20,30,20,35,30,35,30,40
27d01h54m-27d03h01m:25,45,45,45,45,40
27d01h59m-27d05h03m:15,25,15,30,20,30,20,35,30,35,30,40
27d02h29m-27d04h54m:60,10,60,25
27d02h52m-27d04h54m:50,10,55,10,55,25
27d04h58m-27d06h18m:15,10,30,10,30,18
27d05h09m-27d06h17m:08,03,08,23,20,23
27d05h18m-27d07h01m:17,15,25,15
27d06h22m-27d06h58m:25,45,45,45,45,40
27d06h50m-27d09h24m:42,08,42,15,47,15,47,27,55,27
27d07h14m-27d09h44m:25,45,45,45,45,40
27d08h17m-27d11h50m:42,08,42,15,47,15,47,27,55,27
27d08h49m-27d10h15m:15,25,15,30,20,30,20,35,30,35,30,40
27d09h14m-27d12h32m:15,25,15,30,20,30,20,35,30,35,30,40
27d09h38m-27d13h26m:10,20,40,20,40,35
27d10h15m-27d12h05m:15,10,30,10,30,18
27d10h22m-27d14h04m:25,45,45,45,45,40
27d11h54m-27d14h13m:25,45,45,45,45,40
27d12h17m-27d13h36m:05,20,05,35
27d15h03m-27d16h37m:50,10,55,10,55,25
27d15h44m-27d16h35m:25,25,30,25,30,30,35,30
27d16h25m-27d18h13m:60,10,60,25
27d17h10m-27d19h26m:15,10,30,10,30,18
27d17h24m-27d21h00m:15,40,27,40
27d17h40m-27d20h30m:67,37,67,22
27d18h56m-27d19h30m:15,25,15,30,20,30,20,35,30,35,30,40
27d22h48m-27d23h58m:57,30,57,45
28d03h31m-28d04h38m:50,10,55,10,55,25
28d03h34m-28d05h34m:42,08,42,15,47,15,47,27,55,27
28d04h12m-28d04h48m:17,15,25,15
28d07h06m-28d07h45m:10,20,40,20,40,35
28d07h30m-28d11h07m:25,45,45,45,45,40
28d07h52m-28d11h52m:57,30,57,45
28d08h45m-28d12h26m:08,03,08,23,20,23
28d10h37m-28d11h16m:42,08,42,15,47,15,47,27,55,27
28d12h26m-28d12h58m:25,25,30,25,30,30,35,30
28d17h05m-28d18h41m:08,03,08,23,20,23
28d19h28m-28d20h23m:15,25,15,30,20,30,20,35,30,35,30,40
28d20h06m-28d23h24m:60,10,60,25
28d20h40m-28d22h21m:05,20,05,35
28d23h53m-29d01h19m:05,20,05,35
29d00h07m-29d02h25m:67,37,67,22
29d00h19m-29d04h19m:67,37,67,22
29d01h26m-29d04h56m:10,20,40,20,40,35
29d01h49m-29d02h07m:60,10,60,25
29d05h19m-29d07h36m:67,37,67,22
29d05h51m-29d09h29m:15,25,15,30,20,30,20,35,30,35,30,40
29d06h22m-29d10h17m:10,20,40,20,40,35
29d06h36m-29d07h54m:17,15,25,15
29d08h33m-29d10h38m:10,20,40,20,40,35
29d09h13m-29d10h26m:57,30,57,45
29d09h47m-29d10h27m:05,20,05,35
29d10h20m-29d13h03m:15,40,27,40
29d10h43m-29d14h31m:42,08,42,15,47,15,47,27,55,27
29d10h46m-29d14h37m:15,25,15,30,20,30,20,35,30,35,30,40
29d11h14m-29d13h33m:25,25,30,25,30,30,35,30
29d11h32m-29d14h52m:42,08,42,15,47,15,47,27,55,27
29d11h50m-29d13h16m:67,37,67,22
29d12h24m-29d13h58m:25,25,30,25,30,30,35,30
29d12h36m-29d14h44m:60,10,60,25
29d12h47m-29d16h17m:05,20,05,35
29d13h34m-29d16h11m:25,45,45,45,45,40
29d13h55m-29d14h29m:15,10,30,10,30,18
29d15h14m-29d16h36m:05,20,05,35
29d16h48m-29d19h58m:15,03,22,03,22,08,37,08,37,12
29d20h54m-30d00h20m:08,03,08,23,20,23
29d21h37m-30d00h59m:15,40,27,40
30d03h49m-30d06h53m:10,20,40,20,40,35
30d07h44m-30d09h39m:25,45,45,45,45,40
30d08h25m-30d10h33m:08,03,08,23,20,23
30d09h39m-30d11h59m:15,03,22,03,22,08,37,08,37,12
30d09h43m-30d11h10m:15,10,30,10,30,18
30d10h05m-30d10h35m:60,10,60,25
30d10h19m-30d11h00m:42,08,42,15,47,15,47,27,55,27
30d10h29m-30d12h52m:17,15,25,15
30d11h33m-30d12h55m:42,08,42,15,47,15,47,27,55,27
30d11h49m-30d14h02m:25,45,45,45,45,40
30d13h13m-30d15h38m:42,08,42,15,47,15,47,27,55,27
30d14h11m-30d15h15m:15,10,30,10,30,18
30d17h08m-30d19h15m:25,25,30,25,30,30,35,30
30d18h10m-30d20h58m:15,03,22,03,22,08,37,08,37,12
30d18h42m-30d19h09m:42,08,42,15,47,15,47,27,55,27
30d19h31m-30d22h29m:25,45,45,45,45,40
30d21h12m-30d23h26m:25,25,30,25,30,30,35,30
30d23h30m-30d23h50m:42,08,42,15,47,15,47,27,55,27
30d23h44m-31d00h45m:05,20,05,35
30d23h46m-31d03h34m:67,37,67,22
31d00h26m-31d01h49m:25,45,45,45,45,40
31d00h45m-31d04h21m:57,30,57,45
31d00h54m-31d02h26m:50,10,55,10,55,25
31d01h16m-31d01h58m:67,37,67,22
31d01h57m-31d04h46m:15,03,22,03,22,08,37,08,37,12
31d02h57m-31d05h22m:10,20,40,20,40,35
31d03h17m-31d06h22m:42,08,42,15,47,15,47,27,55,27
31d03h41m-31d05h45m:08,03,08,23,20,23
31d04h22m-31d07h00m:17,15,25,15
31d05h17m-31d06h06m:67,37,67,22
31d06h25m-31d09h11m:05,20,05,35
31d09h05m-31d11h07m:25,25,30,25,30,30,35,30
31d11h37m-31d15h19m:25,45,45,45,45,40
31d12h39m-31d14h46m:67,37,67,22
31d12h50m-31d15h35m:67,37,67,22
31d14h07m-31d17h51m:57,30,57,45
31d14h13m-31d17h50m:67,37,67,22
31d16h48m-31d20h19m:57,30,57,45
31d17h29m-31d17h53m:15,03,22,03,22,08,37,08,37,12
31d18h37m-31d19h51m:15,10,30,10,30,18
31d21h14m-31d22h57m:15,10,30,10,30,18
31d22h20m-31d22h42m:57,30,57,45
31d22h45m-31d23h59m:67,37,67,22
31d22h58m-31d23h31m:60,10,60,25
