01d00h11m-01d00h39m:17,15,25,15
01d05h30m-01d07h45m:60,10,60,25
01d07h03m-01d07h22m:05,20,05,35
01d12h29m-01d15h26m:57,30,57,45
01d12h31m-01d15h40m:25,25,30,25,30,30,35,30
01d14h09m-01d14h51m:15,40,27,40
01d15h49m-01d16h15m:60,10,60,25
01d15h51m-01d17h08m:15,03,22,03,22,08,37,08,37,12
01d17h35m-01d20h07m:15,40,27,40
01d19h54m-01d22h04m:15,03,22,03,22,08,37,08,37,12
02d01h20m-02d04h47m:25,25,30,25,30,30,35,30
02d02h57m-02d03h47m:15,03,22,03,22,08,37,08,37,12
02d04h13m-02d07h31m:57,30,57,45
02d05h40m-02d07h33m:25,45,45,45,45,40
02d06h03m-02d08h20m:67,37,67,22
02d08h36m-02d12h28m:08,03,08,23,20,23
02d09h28m-02d11h29m:05,20,05,35
02d09h33m-02d10h50m:17,15,25,15
02d10h37m-02d11h36m:17,15,25,15
02d10h55m-02d14h55m:15,10,30,10,30,18
02d11h22m-02d14h25m:15,40,27,40
02d11h41m-02d13h27m:17,15,25,15
02d13h10m-02d14h45m:17,15,25,15
02d13h14m-02d13h32m:57,30,57,45
02d14h10m-02d17h07m:15,10,30,10,30,18
02d14h13m-02d16h22m:50,10,55,10,55,25
02d14h50m-02d18h15m:17,15,25,15
02d14h56m-02d15h29m:50,10,55,10,55,25
02d15h29m-02d16h35m:15,10,30,10,30,18
02d15h48m-02d18h48m:25,45,45,45,45,40
02d18h12m-02d18h51m:17,15,25,15
02d18h54m-02d22h49m:57,30,57,45
02d19h20m-02d20h11m:05,20,05,35
02d21h15m-02d21h49m:15,10,30,10,30,18
02d21h32m-02d21h47m:25,45,45,45,45,40
02d21h55m-02d23h50m:25,25,30,25,30,30,35,30
02d22h50m-03d02h34m:17,15,25,15
03d00h15m-03d03h10m:10,20,40,20,40,35
03d00h30m-03d03h56m:15,03,22,03,22,08,37,08,37,12
03d01h40m-03d03h24m:42,08,42,15,47,15,47,27,55,27
03d01h45m-03d04h12m:25,45,45,45,45,40
03d03h24m-03d04h21m:25,45,45,45,45,40
03d03h52m-03d06h36m:05,20,05,35
03d05h56m-03d06h32m:05,20,05,35
03d06h25m-03d09h59m:57,30,57,45
03d07h20m-03d08h11m:15,10,30,10,30,18
03d08h16m-03d10h08m:67,37,67,22
03d10h07m-03d12h45m:50,10,55,10,55,25
03d13h02m-03d14h58m:15,25,15,30,20,30,20,35,30,35,30,40
03d13h25m-03d17h00m:57,30,57,45
03d13h41m-03d14h01m:25,25,30,25,30,30,35,30
03d15h05m-03d15h37m:05,20,05,35
03d15h40m-03d19h12m:60,10,60,25
03d16h32m-03d18h01m:15,03,22,03,22,08,37,08,37,12
03d19h30m-03d23h16m:05,20,05,35
03d20h03m-03d22h30m:25,45,45,45,45,40
03d20h15m-03d23h53m:15,10,30,10,30,18
03d23h26m-04d01h57m:25,45,45,45,45,40
03d23h32m-04d00h30m:25,25,30,25,30,30,35,30
04d00h17m-04d03h27m:15,03,22,03,22,08,37,08,37,12
04d00h38m-04d01h01m:10,20,40,20,40,35
04d04h24m-04d05h02m:15,03,22,03,22,08,37,08,37,12
04d05h13m-04d08h47m:10,20,40,20,40,35
04d05h50m-04d08h02m:50,10,55,10,55,25
04d05h53m-04d08h00m:15,25,15,30,20,30,20,35,30,35,30,40
04d07h58m-04d08h45m:15,40,27,40
04d08h34m-04d10h32m:10,20,40,20,40,35
04d12h44m-04d14h08m:15,40,27,40
04d14h01m-04d15h51m:25,45,45,45,45,40
04d14h55m-04d17h51m:08,03,08,23,20,23
04d19h13m-04d19h50m:08,03,08,23,20,23
04d21h13m-04d23h11m:15,25,15,30,20,30,20,35,30,35,30,40
04d21h29m-05d01h25m:17,15,25,15
04d23h57m-05d01h02m:25,25,30,25,30,30,35,30
05d01h44m-05d03h11m:10,20,40,20,40,35
05d03h48m-05d06h34m:10,20,40,20,40,35
05d05h18m-05d08h43m:15,25,15,30,20,30,20,35,30,35,30,40
05d05h47m-05d07h17m:67,37,67,22
05d06h04m-05d06h35m:05,20,05,35
05d08h25m-05d10h04m:05,20,05,35
05d09h41m-05d11h24m:25,25,30,25,30,30,35,30
05d10h20m-05d11h39m:10,20,40,20,40,35
05d10h56m-05d12h07m:57,30,57,45
05d11h12m-05d11h27m:57,30,57,45
05d11h51m-05d12h09m:42,08,42,15,47,15,47,27,55,27
05d12h59m-05d14h20m:25,25,30,25,30,30,35,30
05d13h12m-05d16h56m:25,25,30,25,30,30,35,30
05d14h34m-05d17h49m:50,10,55,10,55,25
05d16h07m-05d16h29m:50,10,55,10,55,25
05d16h47m-05d20h08m:08,03,08,23,20,23
05d16h59m-05d18h53m:25,25,30,25,30,30,35,30
05d16h59m-05d20h54m:05,20,05,35
05d17h17m-05d20h01m:15,03,22,03,22,08,37,08,37,12
05d17h41m-05d21h14m:05,20,05,35
05d18h27m-05d19h46m:25,45,45,45,45,40
05d18h42m-05d19h05m:50,10,55,10,55,25
05d20h29m-05d22h02m:15,40,27,40
05d22h12m-06d01h11m:08,03,08,23,20,23
05d22h40m-06d01h42m:25,45,45,45,45,40
06d00h40m-06d02h19m:42,08,42,15,47,15,47,27,55,27
06d01h31m-06d03h25m:67,37,67,22
06d06h46m-06d10h36m:15,10,30,10,30,18
06d07h41m-06d10h04m:15,03,22,03,22,08,37,08,37,12
06d07h58m-06d11h06m:42,08,42,15,47,15,47,27,55,27
06d08h27m-06d11h20m:42,08,42,15,47,15,47,27,55,27
06d10h02m-06d11h54m:15,03,22,03,22,08,37,08,37,12
06d10h28m-06d11h59m:57,30,57,45
06d10h33m-06d14h09m:15,03,22,03,22,08,37,08,37,12
06d10h44m-06d12h14m:08,03,08,23,20,23
06d12h19m-06d13h51m:10,20,40,20,40,35
06d13h37m-06d17h34m:60,10,60,25
06d14h19m-06d15h49m:10,20,40,20,40,35
06d15h23m-06d17h41m:57,30,57,45
06d15h52m-06d19h27m:08,03,08,23,20,23
06d15h59m-06d19h46m:15,40,27,40
06d19h58m-06d20h43m:15,40,27,40
06d23h04m-07d00h52m:15,40,27,40
07d00h38m-07d04h17m:15,03,22,03,22,08,37,08,37,12
07d02h05m-07d05h50m:42,08,42,15,47,15,47,27,55,27
07d03h12m-07d06h15m:15,10,30,10,30,18
07d04h29m-07d07h24m:05,20,05,35
07d06h10m-07d07h28m:57,30,57,45
07d07h10m-07d09h02m:15,40,27,40
07d08h41m-07d09h17m:57,30,57,45
07d09h52m-07d12h01m:50,10,55,10,55,25
07d11h21m-07d15h18m:05,20,05,35
07d11h27m-07d14h20m:67,37,67,22
07d12h56m-07d16h06m:25,45,45,45,45,40
07d13h27m-07d16h45m:15,25,15,30,20,30,20,35,30,35,30,40
07d14h04m-07d16h10m:60,10,60,25
07d14h35m-07d17h30m:60,10,60,25
07d14h46m-07d18h23m:15,03,22,03,22,08,37,08,37,12
07d14h55m-07d15h10m:15,10,30,10,30,18
07d15h07m-07d15h52m:17,15,25,15
07d15h17m-07d18h55m:10,20,40,20,40,35
07d15h28m-07d16h51m:15,25,15,30,20,30,20,35,30,35,30,40
07d17h09m-07d19h02m:05,20,05,35
07d17h24m-07d17h45m:57,30,57,45
07d18h07m-07d18h25m:08,03,08,23,20,23
07d18h08m-07d21h20m:60,10,60,25
07d19h13m-07d19h52m:15,25,15,30,20,30,20,35,30,35,30,40
07d19h21m-07d20h52m:15,10,30,10,30,18
07d21h21m-07d23h01m:60,10,60,25
07d22h12m-08d02h10m:08,03,08,23,20,23
07d22h57m-07d23h16m:60,10,60,25
07d23h25m-08d00h35m:17,15,25,15
07d23h35m-08d00h48m:17,15,25,15
08d04h13m-08d05h00m:17,15,25,15
08d05h01m-08d07h26m:15,40,27,40
08d06h12m-08d08h17m:10,20,40,20,40,35
08d07h48m-08d08h25m:67,37,67,22
08d09h00m-08d12h05m:25,45,45,45,45,40
08d09h25m-08d10h40m:10,20,40,20,40,35
08d10h27m-08d12h19m:05,20,05,35
08d11h27m-08d11h57m:60,10,60,25
08d11h49m-08d12h40m:50,10,55,10,55,25
08d12h01m-08d14h30m:25,45,45,45,45,40
08d12h30m-08d13h01m:50,10,55,10,55,25
08d13h11m-08d14h42m:25,25,30,25,30,30,35,30
08d13h21m-08d16h39m:50,10,55,10,55,25
08d14h59m-08d18h12m:25,45,45,45,45,40
08d16h36m-08d17h08m:15,10,30,10,30,18
08d17h10m-08d19h32m:42,08,42,15,47,15,47,27,55,27
08d17h33m-08d18h02m:05,20,05,35
08d17h35m-08d21h16m:10,20,40,20,40,35
08d17h53m-08d19h34m:15,10,30,10,30,18
08d18h52m-08d22h15m:05,20,05,35
08d21h32m-08d23h13m:05,20,05,35
08d22h22m-09d01h58m:05,20,05,35
08d22h27m-08d23h10m:15,03,22,03,22,08,37,08,37,12
08d23h56m-09d01h13m:17,15,25,15
09d01h07m-09d02h48m:42,08,42,15,47,15,47,27,55,27
09d02h25m-09d04h12m:50,10,55,10,55,25
09d03h05m-09d06h55m:15,25,15,30,20,30,20,35,30,35,30,40
09d04h05m-09d07h34m:15,10,30,10,30,18
09d05h39m-09d06h59m:42,08,42,15,47,15,47,27,55,27
09d07h22m-09d10h24m:15,40,27,40
09d07h56m-09d08h12m:08,03,08,23,20,23
09d08h09m-09d09h14m:57,30,57,45
09d10h19m-09d10h59m:15,25,15,30,20,30,20,35,30,35,30,40
09d10h59m-09d14h18m:25,45,45,45,45,40
09d12h48m-09d15h11m:42,08,42,15,47,15,47,27,55,27
09d13h02m-09d14h54m:15,10,30,10,30,18
09d14h09m-09d17h32m:67,37,67,22
09d15h36m-09d16h53m:67,37,67,22
09d15h59m-09d19h30m:15,10,30,10,30,18
09d19h40m-09d21h19m:10,20,40,20,40,35
09d19h46m-09d22h28m:60,10,60,25
09d19h57m-09d23h36m:15,10,30,10,30,18
09d21h46m-09d23h57m:15,10,30,10,30,18
09d22h30m-09d23h25m:05,20,05,35
10d02h31m-10d06h27m:25,45,45,45,45,40
10d03h13m-10d06h35m:08,03,08,23,20,23
10d03h22m-10d06h54m:42,08,42,15,47,15,47,27,55,27
10d04h05m-10d05h22m:57,30,57,45
10d04h24m-10d06h43m:08,03,08,23,20,23
10d06h36m-10d09h32m:67,37,67,22
10d06h59m-10d10h37m:42,08,42,15,47,15,47,27,55,27
10d07h22m-10d09h16m:15,25,15,30,20,30,20,35,30,35,30,40
10d07h48m-10d10h42m:15,25,15,30,20,30,20,35,30,35,30,40
10d08h16m-10d10h20m:57,30,57,45
10d09h03m-10d10h15m:60,10,60,25
10d09h05m-10d10h25m:50,10,55,10,55,25
10d09h16m-10d09h35m:42,08,42,15,47,15,47,27,55,27
10d09h20m-10d12h44m:42,08,42,15,47,15,47,27,55,27
10d10h59m-10d13h49m:15,10,30,10,30,18
10d12h33m-10d13h39m:57,30,57,45
10d12h35m-10d16h04m:15,03,22,03,22,08,37,08,37,12
10d12h44m-10d14h16m:25,25,30,25,30,30,35,30
10d12h56m-10d14h18m:60,10,60,25
10d15h32m-10d16h10m:25,45,45,45,45,40
10d16h29m-10d16h57m:25,25,30,25,30,30,35,30
10d18h09m-10d19h01m:50,10,55,10,55,25
10d18h36m-10d19h46m:57,30,57,45
10d21h05m-10d23h28m:60,10,60,25
10d21h22m-10d23h51m:42,08,42,15,47,15,47,27,55,27
10d22h09m-11d01h16m:25,45,45,45,45,40
11d02h23m-11d03h18m:17,15,25,15
11d04h55m-11d06h17m:10,20,40,20,40,35
11d07h56m-11d09h42m:15,03,22,03,22,08,37,08,37,12
11d08h18m-11d10h50m:15,25,15,30,20,30,20,35,30,35,30,40
11d08h30m-11d10h08m:15,03,22,03,22,08,37,08,37,12
11d09h30m-11d10h56m:15,40,27,40
11d11h16m-11d14h29m:15,40,27,40
11d13h46m-11d15h00m:15,25,15,30,20,30,20,35,30,35,30,40
11d13h59m-11d17h25m:67,37,67,22
11d15h20m-11d18h29m:50,10,55,10,55,25
11d17h07m-11d17h38m:15,03,22,03,22,08,37,08,37,12
11d17h18m-11d20h15m:15,03,22,03,22,08,37,08,37,12
11d17h31m-11d18h43m:25,25,30,25,30,30,35,30
11d18h11m-11d21h18m:42,08,42,15,47,15,47,27,55,27
11d18h33m-11d21h51m:57,30,57,45
11d18h41m-11d21h52m:15,10,30,10,30,18
11d21h34m-12d01h17m:57,30,57,45
11d22h20m-11d22h44m:17,15,25,15
11d22h51m-12d02h04m:50,10,55,10,55,25
11d23h02m-12d02h51m:60,10,60,25
11d23h13m-12d01h14m:10,20,40,20,40,35
12d00h26m-12d03h22m:10,20,40,20,40,35
12d00h42m-12d03h57m:25,45,45,45,45,40
12d02h16m-12d04h29m:25,45,45,45,45,40
12d03h31m-12d06h27m:05,20,05,35
12d06h54m-12d10h39m:67,37,67,22
12d10h54m-12d12h13m:67,37,67,22
12d12h13m-12d14h34m:25,25,30,25,30,30,35,30
12d13h06m-12d15h49m:60,10,60,25
12d16h34m-12d19h39m:15,25,15,30,20,30,20,35,30,35,30,40
12d20h23m-13d00h18m:25,45,45,45,45,40
13d06h00m-13d06h41m:60,10,60,25
13d06h50m-13d09h36m:10,20,40,20,40,35
13d07h20m-13d10h05m:50,10,55,10,55,25
13d07h32m-13d10h31m:15,03,22,03,22,08,37,08,37,12
13d12h49m-13d16h43m:17,15,25,15
13d14h37m-13d17h06m:42,08,42,15,47,15,47,27,55,27
13d15h00m-13d17h33m:25,25,30,25,30,30,35,30
13d16h07m-13d19h55m:42,08,42,15,47,15,47,27,55,27
13d19h08m-13d21h30m:50,10,55,10,55,25
13d20h17m-13d20h46m:15,25,15,30,20,30,20,35,30,35,30,40
14d00h31m-14d01h39m:60,10,60,25
14d03h47m-14d05h56m:15,40,27,40
14d04h13m-14d07h02m:17,15,25,15
14d05h11m-14d08h55m:15,03,22,03,22,08,37,08,37,12
14d06h18m-14d07h10m:17,15,25,15
14d07h43m-14d08h28m:15,40,27,40
14d08h19m-14d08h56m:50,10,55,10,55,25
14d08h44m-14d10h24m:15,03,22,03,22,08,37,08,37,12
14d09h34m-14d11h58m:42,08,42,15,47,15,47,27,55,27
14d09h35m-14d12h45m:15,10,30,10,30,18
14d10h46m-14d12h18m:17,15,25,15
14d11h02m-14d12h00m:08,03,08,23,20,23
14d12h16m-14d15h29m:08,03,08,23,20,23
14d12h50m-14d13h55m:05,20,05,35
14d13h06m-14d15h26m:10,20,40,20,40,35
14d14h35m-14d14h55m:15,03,22,03,22,08,37,08,37,12
14d18h54m-14d22h51m:42,08,42,15,47,15,47,27,55,27
14d19h06m-14d21h40m:25,45,45,45,45,40
14d19h41m-14d21h49m:15,10,30,10,30,18
14d20h34m-14d23h37m:15,03,22,03,22,08,37,08,37,12
14d21h31m-15d00h46m:10,20,40,20,40,35
14d21h40m-14d23h05m:25,45,45,45,45,40
14d22h14m-14d23h20m:50,10,55,10,55,25
15d00h15m-15d01h40m:57,30,57,45
15d02h52m-15d06h37m:67,37,67,22
15d04h35m-15d07h03m:17,15,25,15
15d04h43m-15d08h39m:10,20,40,20,40,35
15d05h42m-15d08h18m:60,10,60,25
15d06h18m-15d06h57m:08,03,08,23,20,23
15d06h19m-15d07h29m:50,10,55,10,55,25
15d06h32m-15d09h34m:57,30,57,45
15d06h52m-15d09h14m:15,40,27,40
15d06h58m-15d09h42m:42,08,42,15,47,15,47,27,55,27
15d07h38m-15d08h31m:60,10,60,25
15d08h38m-15d12h05m:67,37,67,22
15d09h04m-15d10h17m:60,10,60,25
15d10h02m-15d13h14m:25,45,45,45,45,40
15d11h02m-15d14h00m:15,25,15,30,20,30,20,35,30,35,30,40
15d11h34m-15d14h46m:10,20,40,20,40,35
15d13h41m-15d14h14m:25,25,30,25,30,30,35,30
15d14h10m-15d16h49m:15,03,22,03,22,08,37,08,37,12
15d14h18m-15d16h27m:15,40,27,40
15d14h20m-15d18h13m:42,08,42,15,47,15,47,27,55,27
15d15h15m-15d16h20m:25,25,30,25,30,30,35,30
15d17h11m-15d18h52m:15,10,30,10,30,18
15d18h04m-15d21h57m:17,15,25,15
15d18h27m-15d18h52m:08,03,08,23,20,23
15d18h30m-15d22h24m:15,40,27,40
15d18h32m-15d20h58m:15,03,22,03,22,08,37,08,37,12
15d23h20m-16d01h23m:25,25,30,25,30,30,35,30
15d23h34m-16d00h00m:15,40,27,40
16d01h59m-16d03h48m:25,25,30,25,30,30,35,30
16d05h27m-16d06h40m:50,10,55,10,55,25
16d06h42m-16d08h13m:57,30,57,45
16d10h41m-16d13h47m:15,10,30,10,30,18
16d14h35m-16d15h23m:08,03,08,23,20,23
16d15h07m-16d18h46m:10,20,40,20,40,35
16d15h13m-16d15h57m:08,03,08,23,20,23
16d16h52m-16d17h30m:15,40,27,40
16d17h55m-16d18h50m:15,10,30,10,30,18
16d20h51m-17d00h27m:15,03,22,03,22,08,37,08,37,12
16d21h55m-16d23h14m:10,20,40,20,40,35
16d23h00m-17d00h58m:08,03,08,23,20,23
17d00h23m-17d01h37m:08,03,08,23,20,23
17d01h24m-17d03h23m:42,08,42,15,47,15,47,27,55,27
17d02h19m-17d04h20m:05,20,05,35
17d02h22m-17d05h21m:15,10,30,10,30,18
17d02h29m-17d05h35m:67,37,67,22
17d02h51m-17d06h51m:42,08,42,15,47,15,47,27,55,27
17d03h07m-17d03h36m:67,37,67,22
17d03h28m-17d05h43m:15,10,30,10,30,18
17d04h31m-17d06h41m:17,15,25,15
17d06h19m-17d09h27m:17,15,25,15
17d06h23m-17d07h54m:42,08,42,15,47,15,47,27,55,27
17d08h41m-17d11h13m:25,45,45,45,45,40
17d09h12m-17d11h46m:10,20,40,20,40,35
17d09h43m-17d10h24m:50,10,55,10,55,25
17d09h45m-17d12h14m:67,37,67,22
17d10h10m-17d10h31m:15,40,27,40
17d10h24m-17d10h39m:25,25,30,25,30,30,35,30
17d10h53m-17d13h12m:50,10,55,10,55,25
17d13h20m-17d13h59m:15,10,30,10,30,18
17d20h11m-17d23h01m:42,08,42,15,47,15,47,27,55,27
17d20h47m-17d22h27m:42,08,42,15,47,15,47,27,55,27
17d21h51m-18d01h19m:67,37,67,22
17d21h55m-18d00h21m:25,25,30,25,30,30,35,30
17d22h10m-17d23h04m:60,10,60,25
18d01h15m-18d03h11m:15,10,30,10,30,18
18d03h03m-18d06h24m:10,20,40,20,40,35
18d04h05m-18d05h19m:67,37,67,22
18d07h31m-18d08h15m:25,45,45,45,45,40
18d07h31m-18d08h20m:17,15,25,15
18d11h22m-18d11h56m:15,25,15,30,20,30,20,35,30,35,30,40
18d14h54m-18d16h23m:08,03,08,23,20,23
18d16h14m-18d16h55m:15,10,30,10,30,18
18d16h58m-18d17h15m:25,25,30,25,30,30,35,30
18d17h13m-18d21h00m:17,15,25,15
18d17h26m-18d18h24m:67,37,67,22
18d20h47m-19d00h15m:60,10,60,25
18d21h41m-19d01h39m:15,40,27,40
18d22h26m-18d22h59m:25,25,30,25,30,30,35,30
19d00h10m-19d02h04m:10,20,40,20,40,35
19d01h14m-19d01h29m:15,03,22,03,22,08,37,08,37,12
19d01h20m-19d04h51m:05,20,05,35
19d02h14m-19d05h01m:42,08,42,15,47,15,47,27,55,27
19d04h40m-19d06h33m:08,03,08,23,20,23
19d07h24m-19d08h45m:15,03,22,03,22,08,37,08,37,12
19d08h39m-19d09h49m:08,03,08,23,20,23
19d09h46m-19d10h51m:05,20,05,35
19d12h50m-19d15h13m:15,25,15,30,20,30,20,35,30,35,30,40
19d14h14m-19d15h32m:15,03,22,03,22,08,37,08,37,12
19d15h37m-19d17h38m:42,08,42,15,47,15,47,27,55,27
19d19h05m-19d22h20m:15,03,22,03,22,08,37,08,37,12
19d22h24m-19d23h56m:57,30,57,45
19d22h56m-20d02h10m:08,03,08,23,20,23
19d23h07m-20d01h05m:25,45,45,45,45,40
20d03h13m-20d05h33m:15,03,22,03,22,08,37,08,37,12
20d04h27m-20d08h27m:10,20,40,20,40,35
20d05h28m-20d07h22m:15,25,15,30,20,30,20,35,30,35,30,40
20d06h59m-20d07h53m:50,10,55,10,55,25
20d07h35m-20d08h12m:17,15,25,15
20d11h30m-20d13h15m:08,03,08,23,20,23
20d11h56m-20d13h26m:60,10,60,25
20d11h57m-20d14h38m:50,10,55,10,55,25
20d14h14m-20d14h56m:60,10,60,25
20d16h40m-20d18h59m:15,40,27,40
20d17h08m-20d19h06m:60,10,60,25
20d17h15m-20d20h49m:15,40,27,40
20d18h01m-20d19h09m:42,08,42,15,47,15,47,27,55,27
20d20h20m-20d21h25m:57,30,57,45
20d22h03m-20d23h06m:17,15,25,15
21d03h53m-21d06h31m:25,45,45,45,45,40
21d04h04m-21d07h36m:05,20,05,35
21d05h33m-21d07h58m:60,10,60,25
21d07h06m-21d10h32m:67,37,67,22
21d08h22m-21d10h57m:67,37,67,22
21d09h09m-21d09h48m:10,20,40,20,40,35
21d11h41m-21d12h14m:15,10,30,10,30,18
21d12h23m-21d14h43m:17,15,25,15
21d16h35m-21d19h42m:25,45,45,45,45,40
21d17h56m-21d19h08m:42,08,42,15,47,15,47,27,55,27
21d21h18m-22d00h10m:60,10,60,25
22d00h14m-22d00h33m:60,10,60,25
22d02h08m-22d04h09m:50,10,55,10,55,25
22d02h18m-22d05h11m:10,20,40,20,40,35
22d04h04m-22d06h41m:10,20,40,20,40,35
22d05h44m-22d07h20m:08,03,08,23,20,23
22d05h46m-22d08h45m:67,37,67,22
22d09h49m-22d11h41m:10,20,40,20,40,35
22d10h01m-22d11h06m:15,03,22,03,22,08,37,08,37,12
22d11h37m-22d12h58m:25,25,30,25,30,30,35,30
22d11h39m-22d14h14m:15,03,22,03,22,08,37,08,37,12
22d11h42m-22d14h50m:15,40,27,40
22d11h46m-22d15h38m:60,10,60,25
22d13h43m-22d15h56m:15,10,30,10,30,18
22d16h36m-22d18h29m:05,20,05,35
22d16h49m-22d19h46m:05,20,05,35
22d17h33m-22d21h21m:15,03,22,03,22,08,37,08,37,12
22d18h00m-22d20h55m:42,08,42,15,47,15,47,27,55,27
22d19h52m-22d22h06m:50,10,55,10,55,25
22d20h29m-23d00h01m:10,20,40,20,40,35
22d21h56m-23d01h28m:57,30,57,45
22d22h04m-22d23h59m:17,15,25,15
22d22h26m-22d23h13m:67,37,67,22
22d22h52m-23d02h35m:15,25,15,30,20,30,20,35,30,35,30,40
22d23h02m-23d02h55m:60,10,60,25
22d23h25m-23d03h20m:05,20,05,35
22d23h44m-23d00h40m:05,20,05,35
23d00h23m-23d02h27m:67,37,67,22
23d03h21m-23d05h02m:17,15,25,15
23d03h21m-23d05h28m:60,10,60,25
23d04h29m-23d07h00m:10,20,40,20,40,35
23d04h39m-23d06h54m:15,40,27,40
23d05h09m-23d06h06m:15,40,27,40
23d05h17m-23d07h29m:42,08,42,15,47,15,47,27,55,27
23d05h33m-23d09h24m:42,08,42,15,47,15,47,27,55,27
23d05h56m-23d07h14m:15,25,15,30,20,30,20,35,30,35,30,40
23d05h56m-23d07h59m:17,15,25,15
23d08h05m-23d09h28m:57,30,57,45
23d08h06m-23d10h22m:50,10,55,10,55,25
23d09h33m-23d12h13m:60,10,60,25
23d10h12m-23d12h30m:60,10,60,25
23d11h19m-23d14h06m:25,45,45,45,45,40
23d14h09m-23d17h29m:57,30,57,45
23d14h32m-23d17h14m:15,40,27,40
23d14h36m-23d18h07m:57,30,57,45
23d14h52m-23d18h21m:08,03,08,23,20,23
23d15h22m-23d16h26m:25,45,45,45,45,40
23d16h06m-23d16h35m:15,10,30,10,30,18
23d20h20m-23d23h47m:15,03,22,03,22,08,37,08,37,12
23d23h27m-24d00h26m:15,25,15,30,20,30,20,35,30,35,30,40
24d00h03m-24d00h43m:25,25,30,25,30,30,35,30
24d00h15m-24d03h01m:15,40,27,40
24d01h15m-24d01h48m:15,40,27,40
24d02h54m-24d03h46m:08,03,08,23,20,23
24d04h02m-24d05h36m:67,37,67,22
24d04h02m-24d06h54m:15,10,30,10,30,18
24d04h16m-24d06h08m:15,10,30,10,30,18
24d06h12m-24d10h00m:05,20,05,35
24d06h26m-24d06h43m:15,03,22,03,22,08,37,08,37,12
24d07h20m-24d11h10m:05,20,05,35
24d07h36m-24d10h05m:15,40,27,40
24d07h51m-24d11h45m:25,25,30,25,30,30,35,30
24d08h46m-24d09h29m:25,45,45,45,45,40
24d09h07m-24d12h42m:15,25,15,30,20,30,20,35,30,35,30,40
24d09h32m-24d13h08m:10,20,40,20,40,35
24d09h59m-24d12h54m:10,20,40,20,40,35
24d10h37m-24d12h04m:15,25,15,30,20,30,20,35,30,35,30,40
24d12h41m-24d14h01m:15,10,30,10,30,18
24d15h07m-24d16h05m:60,10,60,25
24d15h25m-24d16h48m:05,20,05,35
24d15h54m-24d17h07m:15,10,30,10,30,18
24d16h29m-24d19h01m:15,10,30,10,30,18
24d17h38m-24d18h25m:57,30,57,45
24d19h00m-24d20h13m:15,25,15,30,20,30,20,35,30,35,30,40
24d21h19m-24d23h05m:60,10,60,25
24d21h31m-25d00h16m:15,10,30,10,30,18
24d22h46m-25d00h53m:67,37,67,22
24d23h50m-25d02h22m:42,08,42,15,47,15,47,27,55,27
25d00h04m-25d01h57m:42,08,42,15,47,15,47,27,55,27
25d00h12m-25d03h24m:57,30,57,45
25d00h25m-25d02h23m:08,03,08,23,20,23
25d01h39m-25d02h48m:08,03,08,23,20,23
25d02h41m-25d03h08m:15,25,15,30,20,30,20,35,30,35,30,40
25d04h12m-25d08h12m:57,30,57,45
25d07h02m-25d10h13m:10,20,40,20,40,35
25d08h32m-25d09h00m:15,40,27,40
25d09h31m-25d12h07m:08,03,08,23,20,23
25d10h39m-25d12h07m:15,03,22,03,22,08,37,08,37,12
25d10h45m-25d13h25m:60,10,60,25
25d10h55m-25d11h24m:15,10,30,10,30,18
25d12h49m-25d13h42m:50,10,55,10,55,25
25d12h50m-25d14h11m:42,08,42,15,47,15,47,27,55,27
25d13h42m-25d14h44m:60,10,60,25
25d15h06m-25d15h55m:50,10,55,10,55,25
25d18h11m-25d18h43m:08,03,08,23,20,23
25d18h31m-25d21h32m:08,03,08,23,20,23
25d21h00m-25d23h32m:10,20,40,20,40,35
25d23h32m-26d03h21m:25,25,30,25,30,30,35,30
26d00h50m-26d01h54m:15,10,30,10,30,18
26d01h46m-26d05h02m:60,10,60,25
26d03h12m-26d03h56m:10,20,40,20,40,35
26d03h28m-26d07h14m:08,03,08,23,20,23
26d03h39m-26d07h33m:50,10,55,10,55,25
26d06h38m-26d10h13m:15,10,30,10,30,18
26d08h44m-26d09h53m:25,45,45,45,45,40
26d12h26m-26d13h06m:67,37,67,22
26d12h31m-26d15h15m:17,15,25,15
26d13h24m-26d16h05m:42,08,42,15,47,15,47,27,55,27
26d13h42m-26d14h05m:15,40,27,40
26d14h57m-26d17h16m:25,25,30,25,30,30,35,30
26d16h09m-26d19h31m:25,45,45,45,45,40
26d16h55m-26d20h49m:08,03,08,23,20,23
26d17h10m-26d18h01m:15,10,30,10,30,18
26d17h20m-26d19h40m:67,37,67,22
26d17h38m-26d19h34m:15,40,27,40
26d17h43m-26d19h57m:25,25,30,25,30,30,35,30
26d18h58m-26d21h44m:60,10,60,25
26d20h15m-26d21h05m:17,15,25,15
26d22h57m-27d01h21m:57,30,57,45
26d23h37m-27d03h14m:17,15,25,15
26d23h38m-27d02h07m:15,10,30,10,30,18
27d00h13m-27d04h03m:57,30,57,45
27d00h30m-27d04h17m:17,15,25,15
27d04h02m-27d04h40m:57,30,57,45
27d04h13m-27d08h11m:15,40,27,40
27d04h52m-27d05h26m:05,20,05,35
27d04h53m-27d07h13m:25,25,30,25,30,30,35,30
27d06h08m-27d07h16m:15,40,27,40
27d06h28m-27d07h07m:15,40,27,40
27d06h31m-27d08h33m:50,10,55,10,55,25
27d07h37m-27d11h26m:15,40,27,40
27d08h27m-27d10h36m:57,30,57,45
27d09h23m-27d13h22m:17,15,25,15
27d10h02m-27d11h48m:67,37,67,22
27d14h24m-27d18h02m:10,20,40,20,40,35
27d16h33m-27d17h05m:17,15,25,15
27d18h02m-27d20h02m:05,20,05,35
27d19h02m-27d19h35m:05,20,05,35
27d20h18m-27d21h37m:08,03,08,23,20,23
27d21h58m-27d23h21m:15,25,15,30,20,30,20,35,30,35,30,40
27d22h22m-28d01h27m:15,03,22,03,22,08,37,08,37,12
27d22h49m-28d01h16m:50,10,55,10,55,25
27d22h53m-28d02h41m:60,10,60,25
28d01h26m-28d02h44m:15,03,22,03,22,08,37,08,37,12
28d02h35m-28d03h58m:60,10,60,25
28d02h50m-28d04h30m:15,40,27,40
28d02h56m-28d04h05m:25,25,30,25,30,30,35,30
28d03h58m-28d04h22m:08,03,08,23,20,23
28d04h31m-28d07h59m:10,20,40,20,40,35
28d13h18m-28d13h39m:08,03,08,23,20,23
28d14h29m-28d14h53m:05,20,05,35
28d15h21m-28d16h13m:50,10,55,10,55,25
28d17h09m-28d19h28m:15,40,27,40
28d17h49m-28d19h06m:67,37,67,22
28d17h53m-28d20h04m:50,10,55,10,55,25
28d19h39m-28d22h29m:15,40,27,40
28d19h59m-28d21h09m:15,25,15,30,20,30,20,35,30,35,30,40
28d20h03m-28d22h55m:15,25,15,30,20,30,20,35,30,35,30,40
28d20h22m-28d23h07m:15,40,27,40
28d20h47m-28d23h18m:25,45,45,45,45,40
28d20h52m-28d23h43m:67,37,67,22
28d20h55m-29d00h46m:10,20,40,20,40,35
28d23h23m-29d00h09m:67,37,67,22
29d00h30m-29d04h18m:10,20,40,20,40,35
29d01h59m-29d02h33m:17,15,25,15
29d03h02m-29d03h46m:57,30,57,45
29d03h20m-29d03h57m:60,10,60,25
29d04h53m-29d08h39m:25,45,45,45,45,40
29d05h44m-29d09h19m:57,30,57,45
29d06h11m-29d08h51m:25,45,45,45,45,40
29d06h47m-29d08h07m:15,40,27,40
29d08h16m-29d09h14m:15,40,27,40
29d11h31m-29d12h55m:15,25,15,30,20,30,20,35,30,35,30,40
29d13h10m-29d14h41m:60,10,60,25
29d15h14m-29d16h01m:17,15,25,15
29d15h21m-29d16h10m:17,15,25,15
29d15h58m-29d19h05m:05,20,05,35
29d16h15m-29d17h41m:57,30,57,45
29d16h24m-29d18h05m:10,20,40,20,40,35
29d17h39m-29d19h30m:15,10,30,10,30,18
29d22h26m-30d01h11m:25,25,30,25,30,30,35,30
29d22h58m-29d23h20m:15,03,22,03,22,08,37,08,37,12
30d01h16m-30d04h00m:42,08,42,15,47,15,47,27,55,27
30d01h16m-30d05h07m:15,25,15,30,20,30,20,35,30,35,30,40
30d04h06m-30d07h29m:25,25,30,25,30,30,35,30
30d05h12m-30d05h28m:25,45,45,45,45,40
30d05h26m-30d05h45m:15,40,27,40
30d05h33m-30d08h39m:15,25,15,30,20,30,20,35,30,35,30,40
30d06h00m-30d08h23m:08,03,08,23,20,23
30d07h14m-30d09h39m:60,10,60,25
30d07h47m-30d10h37m:05,20,05,35
30d10h55m-30d11h35m:42,08,42,15,47,15,47,27,55,27
30d10h57m-30d13h15m:42,08,42,15,47,15,47,27,55,27
30d11h42m-30d15h02m:25,45,45,45,45,40
30d12h00m-30d13h14m:15,40,27,40
30d12h03m-30d15h09m:15,10,30,10,30,18
30d12h35m-30d14h08m:25,25,30,25,30,30,35,30
30d14h29m-30d17h58m:15,25,15,30,20,30,20,35,30,35,30,40
30d15h14m-30d16h58m:05,20,05,35
30d15h21m-30d16h14m:15,40,27,40
30d17h02m-30d17h40m:05,20,05,35
30d19h52m-30d23h46m:15,25,15,30,20,30,20,35,30,35,30,40
30d20h51m-30d22h43m:15,25,15,30,20,30,20,35,30,35,30,40
30d22h25m-31d00h49m:42,08,42,15,47,15,47,27,55,27
30d22h26m-31d00h10m:67,37,67,22
30d22h32m-30d23h34m:08,03,08,23,20,23
30d23h10m-31d00h33m:17,15,25,15
31d02h08m-31d05h02m:67,37,67,22
31d02h34m-31d04h32m:05,20,05,35
31d04h20m-31d06h01m:67,37,67,22
31d04h38m-31d07h24m:15,10,30,10,30,18
31d05h35m-31d08h22m:10,20,40,20,40,35
31d06h20m-31d07h40m:42,08,42,15,47,15,47,27,55,27
31d06h27m-31d09h30m:15,03,22,03,22,08,37,08,37,12
31d10h02m-31d13h20m:05,20,05,35
31d11h47m-31d12h44m:10,20,40,20,40,35
31d12h47m-31d13h50m:15,10,30,10,30,18
31d14h22m-31d17h04m:25,45,45,45,45,40
31d15h32m-31d16h42m:25,25,30,25,30,30,35,30
31d15h54m-31d17h03m:50,10,55,10,55,25
31d17h13m-31d20h26m:25,25,30,25,30,30,35,30
31d21h16m-31d23h59m:15,10,30,10,30,18
31d21h44m-31d22h00m:67,37,67,22
