01d00h00m-01d03h43m:67,37,67,22
01d02h23m-01d03h09m:15,03,22,03,22,08,37,08,37,12
01d02h38m-01d04h28m:67,37,67,22
01d05h35m-01d08h03m:67,37,67,22
01d06h06m-01d07h48m:67,37,67,22
01d06h47m-01d09h29m:67,37,67,22
01d07h12m-01d07h37m:25,45,45,45,45,40
01d07h35m-01d10h37m:15,40,27,40
01d09h35m-01d11h21m:25,25,30,25,30,30,35,30
01d09h45m-01d12h03m:25,45,45,45,45,40
01d11h50m-01d15h15m:15,03,22,03,22,08,37,08,37,12
01d12h29m-01d13h24m:42,08,42,15,47,15,47,27,55,27
01d12h33m-01d13h24m:57,30,57,45
01d12h57m-01d13h38m:25,45,45,45,45,40
01d13h08m-01d15h58m:05,20,05,35
01d13h44m-01d16h36m:15,25,15,30,20,30,20,35,30,35,30,40
01d14h06m-01d15h51m:25,25,30,25,30,30,35,30
01d14h51m-01d18h12m:10,20,40,20,40,35
01d15h36m-01d19h34m:42,08,42,15,47,15,47,27,55,27
01d15h38m-01d18h59m:05,20,05,35
01d16h14m-01d18h21m:15,25,15,30,20,30,20,35,30,35,30,40
01d18h04m-01d18h39m:15,25,15,30,20,30,20,35,30,35,30,40
01d20h02m-01d21h27m:57,30,57,45
01d22h02m-01d23h09m:10,20,40,20,40,35
02d00h20m-02d01h58m:15,40,27,40
02d06h40m-02d07h54m:05,20,05,35
02d07h21m-02d09h26m:25,25,30,25,30,30,35,30
02d10h00m-02d12h55m:25,45,45,45,45,40
02d12h13m-02d14h50m:50,10,55,10,55,25
02d13h02m-02d16h29m:15,25,15,30,20,30,20,35,30,35,30,40
02d13h37m-02d15h14m:57,30,57,45
02d19h02m-02d20h13m:17,15,25,15
02d21h11m-02d23h40m:25,25,30,25,30,30,35,30
02d22h59m-03d00h12m:15,03,22,03,22,08,37,08,37,12
03d00h29m-03d02h55m:67,37,67,22
03d00h44m-03d02h50m:25,25,30,25,30,30,35,30
03d01h49m-03d02h19m:15,10,30,10,30,18
03d03h21m-03d04h34m:25,25,30,25,30,30,35,30
03d04h15m-03d04h35m:05,20,05,35
03d04h37m-03d05h08m:42,08,42,15,47,15,47,27,55,27
03d05h02m-03d08h13m:10,20,40,20,40,35
03d06h32m-03d07h42m:50,10,55,10,55,25
03d07h33m-03d08h29m:15,25,15,30,20,30,20,35,30,35,30,40
03d12h54m-03d14h28m:50,10,55,10,55,25
03d13h45m-03d16h51m:42,08,42,15,47,15,47,27,55,27
03d14h01m-03d15h36m:60,10,60,25
03d14h19m-03d15h17m:15,40,27,40
03d15h18m-03d16h45m:25,25,30,25,30,30,35,30
03d16h28m-03d17h44m:60,10,60,25
03d16h42m-03d18h39m:25,25,30,25,30,30,35,30
03d18h33m-03d20h44m:25,25,30,25,30,30,35,30
04d00h12m-04d01h37m:15,25,15,30,20,30,20,35,30,35,30,40
04d04h02m-04d04h52m:05,20,05,35
04d05h24m-04d07h17m:17,15,25,15
04d05h34m-04d08h18m:15,25,15,30,20,30,20,35,30,35,30,40
04d06h55m-04d10h19m:15,25,15,30,20,30,20,35,30,35,30,40
04d06h59m-04d08h34m:60,10,60,25
04d07h12m-04d08h45m:50,10,55,10,55,25
04d08h25m-04d09h22m:67,37,67,22
04d10h45m-04d11h07m:15,10,30,10,30,18
04d15h18m-04d15h55m:60,10,60,25
04d15h30m-04d18h16m:25,25,30,25,30,30,35,30
04d15h39m-04d17h39m:25,45,45,45,45,40
04d15h42m-04d19h23m:17,15,25,15
04d16h58m-04d19h48m:57,30,57,45
04d16h59m-04d19h27m:17,15,25,15
04d17h13m-04d19h13m:50,10,55,10,55,25
04d17h55m-04d20h20m:67,37,67,22
04d19h45m-04d20h01m:15,03,22,03,22,08,37,08,37,12
04d20h13m-04d20h39m:57,30,57,45
04d20h52m-04d21h18m:15,03,22,03,22,08,37,08,37,12
05d01h50m-05d04h41m:15,10,30,10,30,18
05d05h01m-05d05h37m:60,10,60,25
05d06h58m-05d09h34m:05,20,05,35
05d09h24m-05d09h59m:25,25,30,25,30,30,35,30
05d10h11m-05d13h36m:67,37,67,22
05d10h36m-05d11h39m:60,10,60,25
05d11h01m-05d12h30m:10,20,40,20,40,35
05d12h00m-05d15h31m:67,37,67,22
05d12h46m-05d16h38m:25,25,30,25,30,30,35,30
05d14h29m-05d17h02m:25,25,30,25,30,30,35,30
05d15h19m-05d18h51m:05,20,05,35
05d15h22m-05d17h50m:15,25,15,30,20,30,20,35,30,35,30,40
05d21h45m-05d22h57m:57,30,57,45
05d23h48m-06d00h52m:67,37,67,22
06d01h03m-06d02h21m:42,08,42,15,47,15,47,27,55,27
06d01h25m-06d02h43m:15,25,15,30,20,30,20,35,30,35,30,40
06d01h38m-06d04h14m:17,15,25,15
06d02h56m-06d05h50m:08,03,08,23,20,23
06d03h08m-06d06h55m:42,08,42,15,47,15,47,27,55,27
06d05h29m-06d09h04m:15,03,22,03,22,08,37,08,37,12
06d06h12m-06d08h55m:42,08,42,15,47,15,47,27,55,27
06d12h01m-06d14h01m:15,25,15,30,20,30,20,35,30,35,30,40
06d12h23m-06d15h58m:10,20,40,20,40,35
06d12h41m-06d16h05m:05,20,05,35
06d18h21m-06d20h20m:67,37,67,22
06d23h41m-07d02h39m:17,15,25,15
07d00h14m-07d02h45m:25,45,45,45,45,40
07d00h18m-07d02h11m:60,10,60,25
07d01h18m-07d02h19m:15,10,30,10,30,18
07d01h53m-07d03h31m:10,20,40,20,40,35
07d03h43m-07d05h47m:42,08,42,15,47,15,47,27,55,27
07d03h59m-07d06h39m:25,25,30,25,30,30,35,30
07d06h29m-07d10h01m:15,10,30,10,30,18
07d09h01m-07d10h34m:42,08,42,15,47,15,47,27,55,27
07d09h16m-07d12h12m:15,10,30,10,30,18
07d10h04m-07d14h03m:67,37,67,22
07d10h12m-07d13h35m:25,25,30,25,30,30,35,30
07d12h04m-07d14h21m:17,15,25,15
07d12h25m-07d14h15m:17,15,25,15
07d13h03m-07d13h18m:10,20,40,20,40,35
07d13h37m-07d15h44m:08,03,08,23,20,23
07d16h23m-07d16h52m:67,37,67,22
07d16h43m-07d18h11m:50,10,55,10,55,25
07d17h01m-07d20h10m:42,08,42,15,47,15,47,27,55,27
07d18h53m-07d20h01m:15,40,27,40
08d01h32m-08d02h13m:17,15,25,15
08d03h56m-08d07h37m:25,45,45,45,45,40
08d04h51m-08d07h15m:17,15,25,15
08d07h16m-08d08h39m:15,10,30,10,30,18
08d07h52m-08d11h16m:50,10,55,10,55,25
08d07h52m-08d11h38m:15,40,27,40
08d08h47m-08d10h02m:57,30,57,45
08d09h57m-08d10h36m:50,10,55,10,55,25
08d10h00m-08d13h15m:60,10,60,25
08d10h09m-08d13h43m:15,40,27,40
08d10h54m-08d12h52m:15,10,30,10,30,18
08d11h09m-08d13h55m:08,03,08,23,20,23
08d11h49m-08d13h31m:10,20,40,20,40,35
08d12h27m-08d13h41m:15,10,30,10,30,18
08d13h00m-08d14h54m:15,25,15,30,20,30,20,35,30,35,30,40
08d14h31m-08d15h58m:08,03,08,23,20,23
08d15h04m-08d17h07m:05,20,05,35
08d16h02m-08d19h29m:15,25,15,30,20,30,20,35,30,35,30,40
08d18h06m-08d20h47m:10,20,40,20,40,35
08d18h40m-08d19h30m:67,37,67,22
08d21h16m-08d22h04m:25,45,45,45,45,40
09d00h25m-09d00h53m:10,20,40,20,40,35
09d01h36m-09d05h34m:15,03,22,03,22,08,37,08,37,12
09d02h50m-09d06h19m:50,10,55,10,55,25
09d05h35m-09d09h12m:08,03,08,23,20,23
09d07h06m-09d09h35m:15,40,27,40
09d07h39m-09d09h04m:42,08,42,15,47,15,47,27,55,27
09d08h09m-09d11h01m:10,20,40,20,40,35
09d09h23m-09d12h41m:60,10,60,25
09d11h01m-09d12h25m:15,40,27,40
09d19h25m-09d23h09m:25,45,45,45,45,40
09d19h58m-09d22h48m:15,03,22,03,22,08,37,08,37,12
09d22h41m-09d23h45m:50,10,55,10,55,25
10d03h01m-10d04h35m:10,20,40,20,40,35
10d06h22m-10d09h56m:17,15,25,15
10d06h29m-10d08h12m:57,30,57,45
10d08h18m-10d10h39m:25,45,45,45,45,40
10d09h57m-10d10h44m:50,10,55,10,55,25
10d10h37m-10d13h19m:05,20,05,35
10d11h43m-10d13h22m:25,25,30,25,30,30,35,30
10d16h13m-10d18h05m:17,15,25,15
10d16h17m-10d19h41m:15,40,27,40
10d20h03m-10d23h49m:15,25,15,30,20,30,20,35,30,35,30,40
10d22h19m-11d01h00m:15,25,15,30,20,30,20,35,30,35,30,40
10d23h00m-11d01h45m:15,40,27,40
11d00h01m-11d01h14m:15,03,22,03,22,08,37,08,37,12
11d01h28m-11d05h23m:67,37,67,22
11d01h44m-11d04h54m:15,03,22,03,22,08,37,08,37,12
11d03h20m-11d03h47m:60,10,60,25
11d03h28m-11d06h30m:25,25,30,25,30,30,35,30
11d05h13m-11d06h44m:25,25,30,25,30,30,35,30
11d09h05m-11d10h17m:05,20,05,35
11d09h28m-11d09h51m:08,03,08,23,20,23
11d12h49m-11d14h52m:50,10,55,10,55,25
11d14h41m-11d16h19m:15,40,27,40
11d18h27m-11d22h06m:57,30,57,45
11d20h12m-11d23h41m:25,45,45,45,45,40
11d21h03m-12d00h45m:15,25,15,30,20,30,20,35,30,35,30,40
11d22h15m-12d02h13m:67,37,67,22
11d22h50m-11d23h25m:57,30,57,45
11d22h54m-12d01h35m:10,20,40,20,40,35
12d00h26m-12d01h24m:15,25,15,30,20,30,20,35,30,35,30,40
12d03h38m-12d06h40m:15,10,30,10,30,18
12d03h40m-12d07h09m:67,37,67,22
12d07h10m-12d07h59m:15,25,15,30,20,30,20,35,30,35,30,40
12d07h46m-12d10h04m:57,30,57,45
12d08h46m-12d11h29m:15,10,30,10,30,18
12d12h32m-12d16h02m:17,15,25,15
12d12h52m-12d13h12m:15,40,27,40
12d13h39m-12d15h28m:15,10,30,10,30,18
12d14h04m-12d16h53m:15,10,30,10,30,18
12d17h28m-12d19h55m:50,10,55,10,55,25
12d19h08m-12d21h48m:05,20,05,35
12d20h13m-12d23h22m:15,10,30,10,30,18
12d20h24m-12d22h43m:67,37,67,22
12d20h31m-13d00h17m:57,30,57,45
12d20h37m-12d23h22m:60,10,60,25
12d20h49m-12d22h16m:25,25,30,25,30,30,35,30
12d22h20m-13d01h40m:15,40,27,40
13d03h12m-13d06h46m:17,15,25,15
13d03h16m-13d05h19m:57,30,57,45
13d03h44m-13d07h44m:50,10,55,10,55,25
13d06h42m-13d08h27m:15,40,27,40
13d09h12m-13d11h35m:10,20,40,20,40,35
13d09h17m-13d10h44m:15,40,27,40
13d09h39m-13d11h10m:05,20,05,35
13d09h51m-13d10h44m:17,15,25,15
13d10h02m-13d13h02m:10,20,40,20,40,35
13d10h37m-13d14h11m:15,25,15,30,20,30,20,35,30,35,30,40
13d12h33m-13d16h28m:15,40,27,40
13d13h07m-13d15h20m:25,25,30,25,30,30,35,30
13d13h32m-13d14h59m:25,45,45,45,45,40
13d13h49m-13d16h02m:57,30,57,45
13d15h20m-13d15h36m:25,25,30,25,30,30,35,30
13d15h35m-13d16h29m:15,40,27,40
13d16h22m-13d17h21m:15,03,22,03,22,08,37,08,37,12
13d17h12m-13d20h02m:15,10,30,10,30,18
13d17h15m-13d17h30m:25,45,45,45,45,40
13d18h02m-13d19h19m:10,20,40,20,40,35
13d18h43m-13d21h25m:60,10,60,25
13d20h04m-13d23h30m:17,15,25,15
13d20h05m-13d22h59m:42,08,42,15,47,15,47,27,55,27
13d20h16m-13d20h34m:42,08,42,15,47,15,47,27,55,27
13d20h23m-14d00h07m:05,20,05,35
13d20h57m-14d00h24m:10,20,40,20,40,35
13d21h45m-13d23h43m:15,25,15,30,20,30,20,35,30,35,30,40
13d21h52m-13d23h52m:15,10,30,10,30,18
13d22h32m-14d00h55m:25,45,45,45,45,40
14d00h25m-14d03h19m:25,45,45,45,45,40
14d00h57m-14d02h04m:50,10,55,10,55,25
14d00h59m-14d03h17m:42,08,42,15,47,15,47,27,55,27
14d01h10m-14d05h06m:15,10,30,10,30,18
14d03h11m-14d03h56m:25,25,30,25,30,30,35,30
14d04h56m-14d05h48m:08,03,08,23,20,23
14d04h57m-14d05h50m:50,10,55,10,55,25
14d06h11m-14d08h25m:15,10,30,10,30,18
14d07h07m-14d10h35m:60,10,60,25
14d07h33m-14d10h28m:05,20,05,35
14d07h38m-14d08h22m:17,15,25,15
14d08h02m-14d09h37m:10,20,40,20,40,35
14d08h23m-14d09h52m:15,03,22,03,22,08,37,08,37,12
14d09h31m-14d11h28m:25,45,45,45,45,40
14d10h16m-14d10h53m:67,37,67,22
14d11h51m-14d15h30m:15,03,22,03,22,08,37,08,37,12
14d12h24m-14d16h21m:60,10,60,25
14d13h43m-14d15h13m:15,40,27,40
14d14h07m-14d14h22m:25,25,30,25,30,30,35,30
14d14h11m-14d14h39m:50,10,55,10,55,25
14d15h08m-14d16h22m:05,20,05,35
14d16h31m-14d20h23m:05,20,05,35
14d17h35m-14d20h48m:05,20,05,35
14d18h22m-14d22h22m:15,10,30,10,30,18
14d19h36m-14d20h27m:25,25,30,25,30,30,35,30
14d20h17m-14d21h10m:15,03,22,03,22,08,37,08,37,12
14d21h09m-15d00h47m:25,25,30,25,30,30,35,30
14d21h49m-14d23h00m:08,03,08,23,20,23
14d23h08m-15d00h37m:15,25,15,30,20,30,20,35,30,35,30,40
15d01h21m-15d01h51m:15,25,15,30,20,30,20,35,30,35,30,40
15d05h17m-15d09h06m:25,25,30,25,30,30,35,30
15d05h25m-15d06h06m:57,30,57,45
15d06h39m-15d08h20m:50,10,55,10,55,25
15d07h00m-15d08h42m:05,20,05,35
15d07h03m-15d08h44m:05,20,05,35
15d07h40m-15d09h48m:15,40,27,40
15d09h39m-15d12h42m:67,37,67,22
15d11h15m-15d14h17m:57,30,57,45
15d13h33m-15d16h59m:50,10,55,10,55,25
15d14h51m-15d15h59m:15,10,30,10,30,18
15d19h49m-15d20h33m:15,40,27,40
16d03h58m-16d06h51m:67,37,67,22
16d05h10m-16d07h23m:05,20,05,35
16d05h39m-16d06h10m:67,37,67,22
16d06h26m-16d09h52m:42,08,42,15,47,15,47,27,55,27
16d06h59m-16d07h33m:15,25,15,30,20,30,20,35,30,35,30,40
16d07h19m-16d10h33m:10,20,40,20,40,35
16d07h42m-16d09h00m:15,10,30,10,30,18
16d08h57m-16d12h10m:57,30,57,45
16d09h59m-16d12h21m:60,10,60,25
16d15h43m-16d17h44m:10,20,40,20,40,35
16d19h15m-16d21h58m:10,20,40,20,40,35
16d21h04m-16d23h04m:25,45,45,45,45,40
17d03h49m-17d04h54m:15,40,27,40
17d07h25m-17d10h21m:15,25,15,30,20,30,20,35,30,35,30,40
17d12h19m-17d15h09m:57,30,57,45
17d13h10m-17d16h51m:42,08,42,15,47,15,47,27,55,27
17d16h02m-17d19h39m:67,37,67,22
17d16h17m-17d19h22m:05,20,05,35
17d18h52m-17d20h01m:15,03,22,03,22,08,37,08,37,12
17d19h54m-17d22h41m:57,30,57,45
17d20h13m-17d22h58m:15,10,30,10,30,18
17d21h28m-18d00h48m:10,20,40,20,40,35
17d21h37m-18d00h23m:17,15,25,15
17d21h45m-18d00h59m:25,45,45,45,45,40
17d21h56m-17d22h41m:08,03,08,23,20,23
18d00h00m-18d02h12m:15,10,30,10,30,18
18d00h12m-18d02h53m:67,37,67,22
18d00h27m-18d01h46m:17,15,25,15
18d02h21m-18d02h41m:50,10,55,10,55,25
18d02h52m-18d03h21m:15,25,15,30,20,30,20,35,30,35,30,40
18d03h33m-18d06h19m:15,10,30,10,30,18
18d04h17m-18d06h43m:17,15,25,15
18d05h50m-18d08h30m:50,10,55,10,55,25
18d06h26m-18d08h39m:15,10,30,10,30,18
18d07h36m-18d08h31m:67,37,67,22
18d07h50m-18d11h20m:05,20,05,35
18d07h56m-18d08h45m:15,25,15,30,20,30,20,35,30,35,30,40
18d08h19m-18d09h50m:17,15,25,15
18d09h38m-18d11h03m:15,25,15,30,20,30,20,35,30,35,30,40
18d09h59m-18d13h30m:08,03,08,23,20,23
18d10h08m-18d13h12m:42,08,42,15,47,15,47,27,55,27
18d11h31m-18d14h13m:67,37,67,22
18d12h09m-18d14h27m:15,25,15,30,20,30,20,35,30,35,30,40
18d13h26m-18d15h58m:10,20,40,20,40,35
18d14h06m-18d16h23m:15,10,30,10,30,18
18d15h41m-18d16h08m:10,20,40,20,40,35
18d16h44m-18d19h37m:10,20,40,20,40,35
18d16h58m-18d17h34m:25,25,30,25,30,30,35,30
18d17h18m-18d20h18m:05,20,05,35
18d17h30m-18d21h12m:15,03,22,03,22,08,37,08,37,12
18d17h42m-18d18h28m:17,15,25,15
18d19h02m-18d20h17m:08,03,08,23,20,23
18d19h40m-18d21h15m:50,10,55,10,55,25
18d19h43m-18d21h24m:15,03,22,03,22,08,37,08,37,12
19d03h08m-19d07h07m:15,40,27,40
19d04h17m-19d06h26m:15,03,22,03,22,08,37,08,37,12
19d04h18m-19d08h03m:60,10,60,25
19d06h34m-19d07h55m:15,40,27,40
19d07h39m-19d11h03m:42,08,42,15,47,15,47,27,55,27
19d07h59m-19d09h53m:15,03,22,03,22,08,37,08,37,12
19d10h06m-19d11h15m:25,45,45,45,45,40
19d11h33m-19d12h57m:15,40,27,40
19d14h06m-19d14h45m:15,40,27,40
19d14h22m-19d15h44m:25,45,45,45,45,40
19d14h36m-19d16h05m:15,10,30,10,30,18
19d18h43m-19d22h02m:15,25,15,30,20,30,20,35,30,35,30,40
19d20h38m-19d22h47m:15,40,27,40
19d23h08m-20d00h36m:50,10,55,10,55,25
20d00h53m-20d01h41m:15,25,15,30,20,30,20,35,30,35,30,40
20d01h35m-20d03h20m:15,10,30,10,30,18
20d02h17m-20d03h12m:15,40,27,40
20d03h47m-20d06h00m:17,15,25,15
20d04h22m-20d06h31m:67,37,67,22
20d04h38m-20d07h45m:05,20,05,35
20d05h28m-20d06h19m:08,03,08,23,20,23
20d05h33m-20d06h39m:05,20,05,35
20d09h04m-20d10h33m:08,03,08,23,20,23
20d10h21m-20d13h09m:05,20,05,35
20d11h34m-20d14h02m:57,30,57,45
20d12h07m-20d15h08m:15,10,30,10,30,18
20d12h14m-20d14h05m:10,20,40,20,40,35
20d14h12m-20d15h34m:15,40,27,40
20d14h45m-20d18h43m:10,20,40,20,40,35
20d15h21m-20d19h10m:08,03,08,23,20,23
20d15h41m-20d17h23m:50,10,55,10,55,25
20d16h40m-20d20h35m:25,45,45,45,45,40
20d17h27m-20d18h16m:57,30,57,45
20d18h01m-20d18h37m:15,10,30,10,30,18
20d19h01m-20d19h21m:15,10,30,10,30,18
20d19h09m-20d21h14m:10,20,40,20,40,35
20d19h47m-20d23h25m:15,40,27,40
20d19h49m-20d20h35m:10,20,40,20,40,35
20d20h18m-20d21h00m:60,10,60,25
20d20h29m-20d21h52m:15,03,22,03,22,08,37,08,37,12
20d20h52m-20d22h39m:10,20,40,20,40,35
20d22h25m-20d23h04m:10,20,40,20,40,35
20d23h58m-21d03h32m:17,15,25,15
21d01h50m-21d02h06m:08,03,08,23,20,23
21d04h37m-21d06h17m:10,20,40,20,40,35
21d04h46m-21d06h55m:57,30,57,45
21d10h02m-21d12h08m:10,20,40,20,40,35
21d11h19m-21d12h25m:15,25,15,30,20,30,20,35,30,35,30,40
21d12h53m-21d15h48m:15,03,22,03,22,08,37,08,37,12
21d15h40m-21d19h23m:25,25,30,25,30,30,35,30
21d18h31m-21d18h52m:67,37,67,22
21d19h23m-21d23h13m:60,10,60,25
21d22h16m-22d01h51m:57,30,57,45
21d22h36m-22d00h08m:15,25,15,30,20,30,20,35,30,35,30,40
22d00h10m-22d03h15m:15,25,15,30,20,30,20,35,30,35,30,40
22d01h31m-22d05h05m:57,30,57,45
22d01h56m-22d02h18m:42,08,42,15,47,15,47,27,55,27
22d02h33m-22d03h04m:50,10,55,10,55,25
22d03h10m-22d03h58m:10,20,40,20,40,35
22d03h37m-22d05h32m:05,20,05,35
22d04h13m-22d05h31m:60,10,60,25
22d05h46m-22d08h18m:60,10,60,25
22d06h07m-22d08h39m:10,20,40,20,40,35
22d09h18m-22d10h09m:15,40,27,40
22d10h15m-22d12h27m:10,20,40,20,40,35
22d11h29m-22d13h27m:25,25,30,25,30,30,35,30
22d12h02m-22d16h02m:67,37,67,22
22d12h18m-22d13h38m:05,20,05,35
22d12h43m-22d16h36m:67,37,67,22
22d13h24m-22d14h21m:17,15,25,15
22d13h28m-22d14h00m:15,25,15,30,20,30,20,35,30,35,30,40
22d14h08m-22d18h00m:08,03,08,23,20,23
22d14h46m-22d15h01m:15,25,15,30,20,30,20,35,30,35,30,40
22d17h35m-22d20h57m:15,40,27,40
22d17h39m-22d21h07m:57,30,57,45
22d18h38m-22d21h31m:15,03,22,03,22,08,37,08,37,12
22d19h04m-22d23h04m:67,37,67,22
22d19h08m-22d19h43m:15,03,22,03,22,08,37,08,37,12
22d21h28m-23d01h22m:25,45,45,45,45,40
22d22h33m-23d02h00m:15,03,22,03,22,08,37,08,37,12
22d23h32m-23d00h44m:50,10,55,10,55,25
22d23h48m-23d03h46m:25,45,45,45,45,40
22d23h58m-23d01h12m:10,20,40,20,40,35
23d02h03m-23d04h19m:25,45,45,45,45,40
23d05h54m-23d06h44m:57,30,57,45
23d07h06m-23d10h01m:25,45,45,45,45,40
23d07h24m-23d09h47m:25,25,30,25,30,30,35,30
23d09h39m-23d10h02m:15,03,22,03,22,08,37,08,37,12
23d10h09m-23d11h13m:15,40,27,40
23d12h18m-23d15h36m:17,15,25,15
23d12h23m-23d12h41m:15,40,27,40
23d14h42m-23d18h12m:57,30,57,45
23d17h33m-23d20h09m:15,25,15,30,20,30,20,35,30,35,30,40
23d18h02m-23d20h10m:42,08,42,15,47,15,47,27,55,27
23d18h19m-23d21h18m:15,40,27,40
23d19h39m-23d22h30m:05,20,05,35
23d19h50m-23d22h28m:08,03,08,23,20,23
23d19h53m-23d22h05m:10,20,40,20,40,35
23d21h42m-23d22h52m:50,10,55,10,55,25
23d22h06m-23d23h49m:15,10,30,10,30,18
24d01h22m-24d03h47m:15,40,27,40
24d01h43m-24d03h08m:10,20,40,20,40,35
24d02h24m-24d06h04m:17,15,25,15
24d04h08m-24d06h19m:08,03,08,23,20,23
24d05h10m-24d06h30m:05,20,05,35
24d05h15m-24d06h16m:57,30,57,45
24d06h56m-24d09h04m:10,20,40,20,40,35
24d09h03m-24d12h52m:67,37,67,22
24d09h50m-24d10h19m:10,20,40,20,40,35
24d11h25m-24d14h50m:57,30,57,45
24d14h48m-24d15h37m:10,20,40,20,40,35
24d14h50m-24d16h32m:15,40,27,40
24d15h36m-24d16h09m:15,10,30,10,30,18
24d16h10m-24d18h04m:08,03,08,23,20,23
24d16h50m-24d18h05m:25,45,45,45,45,40
24d17h59m-24d18h39m:08,03,08,23,20,23
24d19h12m-24d20h17m:60,10,60,25
24d19h47m-24d20h22m:25,25,30,25,30,30,35,30
24d20h47m-24d23h05m:17,15,25,15
24d21h11m-24d22h14m:17,15,25,15
24d22h04m-25d00h39m:57,30,57,45
25d00h48m-25d01h47m:57,30,57,45
25d01h47m-25d03h11m:15,10,30,10,30,18
25d01h57m-25d05h54m:25,45,45,45,45,40
25d03h11m-25d07h03m:50,10,55,10,55,25
25d03h43m-25d07h23m:17,15,25,15
25d05h15m-25d06h45m:50,10,55,10,55,25
25d05h36m-25d08h51m:25,45,45,45,45,40
25d05h37m-25d05h52m:15,03,22,03,22,08,37,08,37,12
25d06h37m-25d09h22m:15,10,30,10,30,18
25d07h04m-25d09h57m:57,30,57,45
25d08h11m-25d11h55m:60,10,60,25
25d09h03m-25d10h29m:15,03,22,03,22,08,37,08,37,12
25d12h11m-25d15h36m:57,30,57,45
25d13h53m-25d14h36m:60,10,60,25
25d14h10m-25d15h38m:05,20,05,35
25d14h13m-25d14h58m:50,10,55,10,55,25
25d14h35m-25d15h48m:17,15,25,15
25d14h57m-25d15h29m:57,30,57,45
25d15h48m-25d17h41m:50,10,55,10,55,25
25d15h56m-25d17h38m:25,25,30,25,30,30,35,30
25d16h26m-25d18h44m:67,37,67,22
25d17h30m-25d18h53m:15,10,30,10,30,18
25d19h05m-25d19h39m:15,40,27,40
25d19h59m-25d21h13m:57,30,57,45
25d21h02m-26d00h28m:05,20,05,35
25d21h35m-25d21h55m:17,15,25,15
25d21h52m-26d00h42m:25,25,30,25,30,30,35,30
25d22h42m-26d02h12m:60,10,60,25
26d01h37m-26d05h10m:10,20,40,20,40,35
26d07h02m-26d08h33m:08,03,08,23,20,23
26d07h56m-26d09h47m:08,03,08,23,20,23
26d08h23m-26d11h18m:17,15,25,15
26d12h57m-26d16h40m:50,10,55,10,55,25
26d13h19m-26d14h56m:15,40,27,40
26d13h19m-26d16h45m:25,45,45,45,45,40
26d14h16m-26d16h08m:50,10,55,10,55,25
26d15h30m-26d19h06m:50,10,55,10,55,25
26d16h40m-26d19h25m:57,30,57,45
26d20h38m-26d22h17m:15,40,27,40
26d21h12m-26d23h41m:15,25,15,30,20,30,20,35,30,35,30,40
27d00h22m-27d03h39m:10,20,40,20,40,35
27d04h03m-27d07h40m:50,10,55,10,55,25
27d04h09m-27d05h13m:60,10,60,25
27d05h41m-27d09h07m:25,45,45,45,45,40
27d08h56m-27d11h02m:17,15,25,15
27d10h46m-27d14h00m:05,20,05,35
27d17h17m-27d18h16m:60,10,60,25
27d19h38m-27d21h47m:25,45,45,45,45,40
27d22h02m-27d22h54m:08,03,08,23,20,23
27d22h21m-28d01h29m:15,40,27,40
28d00h01m-28d00h56m:17,15,25,15
28d01h05m-28d02h23m:57,30,57,45
28d01h14m-28d03h30m:42,08,42,15,47,15,47,27,55,27
28d01h36m-28d05h09m:05,20,05,35
28d02h32m-28d03h22m:25,25,30,25,30,30,35,30
28d06h27m-28d08h56m:25,25,30,25,30,30,35,30
28d07h07m-28d09h09m:42,08,42,15,47,15,47,27,55,27
28d09h05m-28d10h51m:15,25,15,30,20,30,20,35,30,35,30,40
28d09h37m-28d12h21m:25,45,45,45,45,40
28d12h10m-28d14h20m:15,03,22,03,22,08,37,08,37,12
28d12h19m-28d12h56m:15,10,30,10,30,18
28d13h07m-28d14h55m:42,08,42,15,47,15,47,27,55,27
28d13h47m-28d16h57m:10,20,40,20,40,35
28d15h19m-28d18h53m:50,10,55,10,55,25
28d23h03m-28d23h19m:42,08,42,15,47,15,47,27,55,27
29d02h13m-29d05h59m:15,03,22,03,22,08,37,08,37,12
29d02h29m-29d03h35m:17,15,25,15
29d06h41m-29d07h59m:50,10,55,10,55,25
29d07h34m-29d11h16m:42,08,42,15,47,15,47,27,55,27
29d10h33m-29d14h21m:25,45,45,45,45,40
29d12h51m-29d14h38m:67,37,67,22
29d13h02m-29d14h43m:17,15,25,15
29d13h06m-29d15h44m:08,03,08,23,20,23
29d14h23m-29d16h30m:25,25,30,25,30,30,35,30
29d15h39m-29d15h58m:05,20,05,35
29d19h41m-29d20h40m:25,25,30,25,30,30,35,30
29d23h57m-30d00h32m:67,37,67,22
30d00h01m-30d02h29m:17,15,25,15
30d02h43m-30d04h43m:60,10,60,25
30d03h12m-30d06h50m:50,10,55,10,55,25
30d04h02m-30d06h00m:25,25,30,25,30,30,35,30
30d06h00m-30d06h46m:50,10,55,10,55,25
30d07h01m-30d08h54m:08,03,08,23,20,23
30d09h36m-30d10h50m:05,20,05,35
30d10h53m-30d14h44m:42,08,42,15,47,15,47,27,55,27
30d12h36m-30d15h36m:67,37,67,22
30d13h23m-30d17h14m:05,20,05,35
30d14h09m-30d15h04m:50,10,55,10,55,25
30d14h41m-30d18h01m:25,25,30,25,30,30,35,30
30d15h11m-30d16h44m:08,03,08,23,20,23
30d15h48m-30d16h55m:60,10,60,25
30d16h26m-30d20h10m:15,40,27,40
30d18h12m-30d18h35m:15,40,27,40
30d18h14m-30d20h09m:15,10,30,10,30,18
30d18h27m-30d21h54m:67,37,67,22
30d23h53m-30d23h59m:50,10,55,10,55,25
