01d01h12m-01d04h47m:50,10,55,10,55,25
01d03h22m-01d05h54m:57,30,57,45
01d04h39m-01d07h53m:08,03,08,23,20,23
01d04h46m-01d07h23m:05,20,05,35
01d10h23m-01d13h37m:50,10,55,10,55,25
01d10h37m-01d12h57m:57,30,57,45
01d12h48m-01d13h23m:25,25,30,25,30,30,35,30
01d13h49m-01d15h32m:25,25,30,25,30,30,35,30
01d16h54m-01d18h59m:05,20,05,35
01d17h30m-01d20h14m:57,30,57,45
01d19h14m-01d22h26m:17,15,25,15
01d19h48m-01d23h23m:67,37,67,22
01d20h47m-01d22h19m:10,20,40,20,40,35
01d21h13m-01d21h52m:05,20,05,35
01d21h20m-01d21h52m:17,15,25,15
01d21h27m-01d21h44m:15,40,27,40
02d00h36m-02d03h45m:42,08,42,15,47,15,47,27,55,27
02d02h31m-02d04h37m:15,03,22,03,22,08,37,08,37,12
02d02h46m-02d03h11m:15,25,15,30,20,30,20,35,30,35,30,40
02d04h04m-02d06h14m:05,20,05,35
02d07h08m-02d10h03m:25,45,45,45,45,40
02d07h26m-02d08h50m:15,25,15,30,20,30,20,35,30,35,30,40
02d08h14m-02d09h03m:05,20,05,35
02d09h21m-02d12h55m:10,20,40,20,40,35
02d16h30m-02d18h01m:60,10,60,25
02d18h12m-02d20h33m:25,25,30,25,30,30,35,30
02d20h33m-02d21h10m:15,10,30,10,30,18
02d20h37m-03d00h03m:15,03,22,03,22,08,37,08,37,12
02d22h58m-02d23h58m:15,03,22,03,22,08,37,08,37,12
02d23h49m-03d02h52m:15,25,15,30,20,30,20,35,30,35,30,40
03d00h02m-03d01h42m:67,37,67,22
03d00h24m-03d03h32m:15,25,15,30,20,30,20,35,30,35,30,40
03d01h40m-03d03h38m:60,10,60,25
03d02h48m-03d03h45m:25,45,45,45,45,40
03d03h18m-03d03h34m:10,20,40,20,40,35
03d03h18m-03d05h07m:57,30,57,45
03d04h35m-03d06h12m:10,20,40,20,40,35
03d04h37m-03d06h00m:67,37,67,22
03d05h23m-03d08h07m:67,37,67,22
03d07h19m-03d08h26m:08,03,08,23,20,23
03d09h02m-03d11h17m:15,03,22,03,22,08,37,08,37,12
03d09h42m-03d10h43m:10,20,40,20,40,35
03d10h02m-03d11h10m:15,25,15,30,20,30,20,35,30,35,30,40
03d11h50m-03d15h35m:15,03,22,03,22,08,37,08,37,12
03d13h16m-03d16h41m:15,03,22,03,22,08,37,08,37,12
03d13h46m-03d16h47m:50,10,55,10,55,25
03d16h06m-03d17h13m:25,45,45,45,45,40
03d16h52m-03d19h49m:25,45,45,45,45,40
03d18h35m-03d18h56m:50,10,55,10,55,25
03d19h35m-03d20h36m:05,20,05,35
03d20h35m-03d22h12m:67,37,67,22
03d21h47m-03d22h51m:25,25,30,25,30,30,35,30
03d23h01m-04d01h39m:15,25,15,30,20,30,20,35,30,35,30,40
03d23h08m-03d23h46m:17,15,25,15
04d02h21m-04d04h04m:50,10,55,10,55,25
04d03h06m-04d06h32m:57,30,57,45
04d04h40m-04d06h41m:25,25,30,25,30,30,35,30
04d04h41m-04d06h02m:15,10,30,10,30,18
04d04h49m-04d08h33m:17,15,25,15
04d06h02m-04d08h11m:25,45,45,45,45,40
04d06h59m-04d08h30m:50,10,55,10,55,25
04d07h42m-04d08h17m:17,15,25,15
04d08h49m-04d10h33m:57,30,57,45
04d09h06m-04d11h20m:15,10,30,10,30,18
04d09h15m-04d11h12m:25,25,30,25,30,30,35,30
04d17h31m-04d21h08m:10,20,40,20,40,35
04d21h26m-05d00h16m:15,40,27,40
04d23h00m-04d23h40m:67,37,67,22
04d23h39m-04d23h56m:08,03,08,23,20,23
05d00h03m-05d03h39m:57,30,57,45
05d00h38m-05d02h19m:50,10,55,10,55,25
05d03h08m-05d06h37m:10,20,40,20,40,35
05d09h44m-05d12h09m:15,40,27,40
05d10h12m-05d13h00m:15,25,15,30,20,30,20,35,30,35,30,40
05d10h13m-05d13h01m:15,03,22,03,22,08,37,08,37,12
05d13h20m-05d14h14m:08,03,08,23,20,23
05d14h15m-05d17h05m:17,15,25,15
05d16h59m-05d19h15m:25,25,30,25,30,30,35,30
05d17h06m-05d18h36m:17,15,25,15
05d17h15m-05d20h05m:67,37,67,22
05d18h38m-05d19h39m:15,40,27,40
05d23h12m-06d01h00m:15,25,15,30,20,30,20,35,30,35,30,40
05d23h41m-05d23h56m:67,37,67,22
06d00h39m-06d03h12m:15,25,15,30,20,30,20,35,30,35,30,40
06d02h32m-06d04h06m:25,45,45,45,45,40
06d04h14m-06d07h26m:15,25,15,30,20,30,20,35,30,35,30,40
06d04h59m-06d05h53m:05,20,05,35
06d05h49m-06d09h20m:42,08,42,15,47,15,47,27,55,27
06d07h24m-06d10h57m:05,20,05,35
06d08h35m-06d12h32m:17,15,25,15
06d14h15m-06d17h57m:17,15,25,15
06d14h34m-06d18h02m:67,37,67,22
06d15h08m-06d16h25m:25,45,45,45,45,40
06d15h56m-06d18h05m:50,10,55,10,55,25
06d16h52m-06d20h37m:15,03,22,03,22,08,37,08,37,12
06d17h23m-06d20h52m:67,37,67,22
06d18h24m-06d20h08m:05,20,05,35
06d18h59m-06d21h57m:15,10,30,10,30,18
06d20h45m-06d22h56m:25,45,45,45,45,40
06d21h10m-07d00h34m:67,37,67,22
06d21h28m-06d23h18m:60,10,60,25
06d22h39m-07d02h06m:57,30,57,45
06d22h40m-06d23h55m:25,45,45,45,45,40
07d02h29m-07d06h04m:15,03,22,03,22,08,37,08,37,12
07d02h51m-07d05h38m:15,03,22,03,22,08,37,08,37,12
07d03h22m-07d04h12m:67,37,67,22
07d04h29m-07d07h35m:60,10,60,25
07d05h33m-07d09h09m:67,37,67,22
07d06h01m-07d07h08m:15,03,22,03,22,08,37,08,37,12
07d06h52m-07d10h12m:25,25,30,25,30,30,35,30
07d07h04m-07d10h36m:05,20,05,35
07d07h40m-07d11h21m:08,03,08,23,20,23
07d07h52m-07d11h40m:60,10,60,25
07d09h00m-07d10h09m:67,37,67,22
07d10h40m-07d13h39m:17,15,25,15
07d11h21m-07d14h16m:05,20,05,35
07d12h22m-07d13h12m:60,10,60,25
07d13h12m-07d15h10m:25,45,45,45,45,40
07d16h20m-07d17h08m:25,25,30,25,30,30,35,30
07d16h48m-07d17h07m:67,37,67,22
07d18h47m-07d20h14m:17,15,25,15
07d21h46m-07d22h04m:15,03,22,03,22,08,37,08,37,12
07d22h01m-08d00h58m:57,30,57,45
08d07h53m-08d08h40m:25,25,30,25,30,30,35,30
08d10h43m-08d13h02m:08,03,08,23,20,23
08d13h57m-08d15h53m:05,20,05,35
08d17h10m-08d19h10m:15,40,27,40
08d18h29m-08d21h02m:67,37,67,22
08d19h42m-08d22h05m:17,15,25,15
08d20h14m-08d22h46m:15,03,22,03,22,08,37,08,37,12
08d22h21m-09d01h45m:67,37,67,22
08d22h36m-08d23h51m:60,10,60,25
08d23h19m-09d01h41m:15,03,22,03,22,08,37,08,37,12
09d02h51m-09d04h02m:60,10,60,25
09d03h59m-09d05h09m:25,45,45,45,45,40
09d04h51m-09d06h04m:60,10,60,25
09d05h28m-09d07h24m:15,10,30,10,30,18
09d05h47m-09d08h10m:50,10,55,10,55,25
09d05h52m-09d06h17m:15,25,15,30,20,30,20,35,30,35,30,40
09d07h28m-09d10h21m:50,10,55,10,55,25
09d08h33m-09d11h48m:15,25,15,30,20,30,20,35,30,35,30,40
09d10h57m-09d11h12m:17,15,25,15
09d11h42m-09d15h22m:08,03,08,23,20,23
09d12h05m-09d12h54m:05,20,05,35
09d13h12m-09d13h49m:57,30,57,45
09d14h32m-09d17h17m:15,10,30,10,30,18
09d14h33m-09d17h41m:05,20,05,35
09d14h54m-09d17h35m:05,20,05,35
09d15h28m-09d16h21m:60,10,60,25
09d16h11m-09d18h11m:57,30,57,45
09d17h50m-09d18h16m:15,25,15,30,20,30,20,35,30,35,30,40
09d18h44m-09d19h22m:50,10,55,10,55,25
09d19h26m-09d22h45m:15,25,15,30,20,30,20,35,30,35,30,40
09d19h52m-09d22h39m:15,03,22,03,22,08,37,08,37,12
09d21h56m-10d01h35m:15,40,27,40
09d22h15m-10d02h08m:15,25,15,30,20,30,20,35,30,35,30,40
09d23h10m-10d00h54m:08,03,08,23,20,23
10d03h10m-10d03h30m:25,25,30,25,30,30,35,30
10d06h14m-10d08h10m:17,15,25,15
10d07h32m-10d08h33m:25,25,30,25,30,30,35,30
10d07h35m-10d09h23m:17,15,25,15
10d08h09m-10d12h03m:15,03,22,03,22,08,37,08,37,12
10d08h42m-10d10h08m:15,40,27,40
10d09h21m-10d10h19m:15,10,30,10,30,18
10d09h22m-10d12h23m:50,10,55,10,55,25
10d14h28m-10d15h41m:25,45,45,45,45,40
10d15h09m-10d15h31m:42,08,42,15,47,15,47,27,55,27
10d15h27m-10d19h11m:15,10,30,10,30,18
10d15h38m-10d17h52m:60,10,60,25
10d17h43m-10d21h14m:15,25,15,30,20,30,20,35,30,35,30,40
10d18h38m-10d21h58m:50,10,55,10,55,25
10d20h20m-10d21h46m:25,25,30,25,30,30,35,30
10d20h33m-10d23h16m:10,20,40,20,40,35
10d20h38m-10d21h21m:67,37,67,22
10d23h55m-11d00h39m:15,25,15,30,20,30,20,35,30,35,30,40
11d03h59m-11d05h59m:15,40,27,40
11d05h30m-11d06h58m:17,15,25,15
11d11h13m-11d14h12m:15,10,30,10,30,18
11d12h28m-11d15h50m:50,10,55,10,55,25
11d12h52m-11d16h08m:17,15,25,15
11d13h15m-11d14h47m:42,08,42,15,47,15,47,27,55,27
11d13h21m-11d15h13m:57,30,57,45
11d14h25m-11d17h22m:15,03,22,03,22,08,37,08,37,12
11d15h09m-11d16h54m:60,10,60,25
11d16h16m-11d19h46m:67,37,67,22
11d16h19m-11d19h17m:57,30,57,45
11d20h23m-11d23h24m:17,15,25,15
12d00h19m-12d01h58m:05,20,05,35
12d04h01m-12d05h44m:15,10,30,10,30,18
12d04h36m-12d07h48m:60,10,60,25
12d05h17m-12d06h09m:15,10,30,10,30,18
12d05h52m-12d07h09m:15,25,15,30,20,30,20,35,30,35,30,40
12d07h10m-12d09h46m:08,03,08,23,20,23
12d07h25m-12d09h08m:25,45,45,45,45,40
12d07h28m-12d08h52m:08,03,08,23,20,23
12d10h10m-12d10h49m:17,15,25,15
12d10h34m-12d13h45m:25,25,30,25,30,30,35,30
12d11h27m-12d12h20m:15,10,30,10,30,18
12d13h22m-12d15h34m:08,03,08,23,20,23
12d16h43m-12d17h32m:25,45,45,45,45,40
12d17h15m-12d20h22m:67,37,67,22
12d20h52m-12d22h14m:25,25,30,25,30,30,35,30
12d22h02m-13d00h14m:17,15,25,15
12d22h06m-13d01h06m:10,20,40,20,40,35
13d02h20m-13d05h39m:08,03,08,23,20,23
13d02h30m-13d04h29m:42,08,42,15,47,15,47,27,55,27
13d02h59m-13d03h18m:57,30,57,45
13d05h19m-13d05h37m:25,25,30,25,30,30,35,30
13d05h23m-13d08h09m:57,30,57,45
13d05h56m-13d07h28m:67,37,67,22
13d06h37m-13d10h00m:15,40,27,40
13d06h47m-13d10h15m:15,40,27,40
13d07h07m-13d07h58m:57,30,57,45
13d07h19m-13d09h56m:08,03,08,23,20,23
13d07h34m-13d08h22m:15,25,15,30,20,30,20,35,30,35,30,40
13d07h46m-13d09h04m:17,15,25,15
13d08h17m-13d09h04m:05,20,05,35
13d09h04m-13d10h13m:42,08,42,15,47,15,47,27,55,27
13d10h09m-13d11h47m:42,08,42,15,47,15,47,27,55,27
13d10h28m-13d13h22m:15,25,15,30,20,30,20,35,30,35,30,40
13d13h56m-13d16h15m:15,25,15,30,20,30,20,35,30,35,30,40
13d14h56m-13d18h40m:15,25,15,30,20,30,20,35,30,35,30,40
13d15h51m-13d18h34m:08,03,08,23,20,23
13d16h49m-13d19h03m:10,20,40,20,40,35
13d17h12m-13d20h43m:15,10,30,10,30,18
13d18h31m-13d21h46m:42,08,42,15,47,15,47,27,55,27
13d18h42m-13d22h31m:10,20,40,20,40,35
13d18h59m-13d21h17m:42,08,42,15,47,15,47,27,55,27
13d19h32m-13d23h16m:08,03,08,23,20,23
13d20h20m-13d22h04m:08,03,08,23,20,23
13d20h38m-13d21h18m:50,10,55,10,55,25
13d20h48m-13d22h19m:17,15,25,15
13d21h53m-14d00h33m:25,25,30,25,30,30,35,30
13d23h37m-14d00h24m:17,15,25,15
14d00h53m-14d02h16m:50,10,55,10,55,25
14d02h11m-14d03h43m:25,45,45,45,45,40
14d02h15m-14d03h05m:15,10,30,10,30,18
14d02h46m-14d05h10m:08,03,08,23,20,23
14d05h17m-14d08h13m:60,10,60,25
14d06h03m-14d07h54m:15,10,30,10,30,18
14d06h24m-14d09h04m:25,25,30,25,30,30,35,30
14d06h32m-14d08h16m:08,03,08,23,20,23
14d06h53m-14d09h11m:15,03,22,03,22,08,37,08,37,12
14d07h10m-14d08h33m:15,10,30,10,30,18
14d07h57m-14d11h00m:50,10,55,10,55,25
14d08h45m-14d11h03m:50,10,55,10,55,25
14d09h40m-14d11h21m:57,30,57,45
14d10h02m-14d11h41m:15,40,27,40
14d10h02m-14d12h38m:17,15,25,15
14d10h32m-14d12h46m:15,03,22,03,22,08,37,08,37,12
14d10h56m-14d11h31m:15,10,30,10,30,18
14d11h31m-14d12h36m:15,40,27,40
14d11h48m-14d13h22m:05,20,05,35
14d11h55m-14d15h14m:15,03,22,03,22,08,37,08,37,12
14d15h15m-14d17h20m:25,25,30,25,30,30,35,30
14d16h10m-14d18h38m:25,45,45,45,45,40
14d16h30m-14d19h27m:42,08,42,15,47,15,47,27,55,27
14d18h12m-14d20h16m:60,10,60,25
14d19h35m-14d19h55m:67,37,67,22
14d23h44m-15d00h09m:57,30,57,45
15d02h24m-15d02h45m:15,10,30,10,30,18
15d03h53m-15d05h20m:08,03,08,23,20,23
15d05h13m-15d08h49m:57,30,57,45
15d05h18m-15d08h27m:10,20,40,20,40,35
15d05h35m-15d08h03m:25,25,30,25,30,30,35,30
15d05h38m-15d08h28m:05,20,05,35
15d07h00m-15d07h51m:42,08,42,15,47,15,47,27,55,27
15d07h38m-15d10h28m:08,03,08,23,20,23
15d10h49m-15d14h28m:08,03,08,23,20,23
15d12h43m-15d14h28m:17,15,25,15
15d12h48m-15d13h06m:15,25,15,30,20,30,20,35,30,35,30,40
15d13h07m-15d13h35m:15,03,22,03,22,08,37,08,37,12
15d13h14m-15d16h30m:50,10,55,10,55,25
15d13h33m-15d15h07m:60,10,60,25
15d13h47m-15d15h34m:42,08,42,15,47,15,47,27,55,27
15d14h18m-15d16h03m:10,20,40,20,40,35
15d14h21m-15d16h15m:17,15,25,15
15d16h02m-15d19h50m:17,15,25,15
15d16h24m-15d19h34m:60,10,60,25
15d18h09m-15d21h06m:05,20,05,35
15d18h40m-15d22h10m:25,45,45,45,45,40
15d19h24m-15d22h33m:10,20,40,20,40,35
15d22h44m-15d23h22m:17,15,25,15
15d22h45m-16d02h14m:15,03,22,03,22,08,37,08,37,12
15d23h11m-16d01h51m:10,20,40,20,40,35
16d02h26m-16d04h41m:17,15,25,15
16d02h30m-16d04h12m:10,20,40,20,40,35
16d04h26m-16d06h30m:25,25,30,25,30,30,35,30
16d07h20m-16d08h41m:15,25,15,30,20,30,20,35,30,35,30,40
16d12h14m-16d15h10m:05,20,05,35
16d12h33m-16d13h03m:60,10,60,25
16d14h53m-16d15h55m:08,03,08,23,20,23
16d18h21m-16d22h13m:15,03,22,03,22,08,37,08,37,12
16d19h11m-16d22h16m:15,10,30,10,30,18
16d19h33m-16d22h27m:17,15,25,15
16d20h58m-16d22h36m:15,25,15,30,20,30,20,35,30,35,30,40
16d21h40m-16d23h08m:67,37,67,22
17d03h18m-17d06h28m:50,10,55,10,55,25
17d04h53m-17d05h35m:25,45,45,45,45,40
17d05h07m-17d08h16m:08,03,08,23,20,23
17d05h54m-17d08h15m:42,08,42,15,47,15,47,27,55,27
17d06h40m-17d07h29m:25,25,30,25,30,30,35,30
17d07h48m-17d09h02m:25,45,45,45,45,40
17d08h40m-17d12h09m:15,03,22,03,22,08,37,08,37,12
17d10h05m-17d12h27m:25,25,30,25,30,30,35,30
17d11h25m-17d14h57m:42,08,42,15,47,15,47,27,55,27
17d12h26m-17d14h53m:67,37,67,22
17d12h36m-17d13h00m:25,25,30,25,30,30,35,30
17d15h32m-17d17h20m:15,40,27,40
17d16h17m-17d19h53m:15,03,22,03,22,08,37,08,37,12
17d17h14m-17d20h50m:05,20,05,35
17d18h08m-17d20h58m:25,45,45,45,45,40
17d19h24m-17d21h57m:15,25,15,30,20,30,20,35,30,35,30,40
17d20h10m-17d23h49m:25,25,30,25,30,30,35,30
17d21h50m-18d00h00m:57,30,57,45
17d23h19m-18d01h15m:60,10,60,25
18d02h16m-18d03h09m:08,03,08,23,20,23
18d07h23m-18d10h18m:05,20,05,35
18d08h05m-18d09h53m:50,10,55,10,55,25
18d08h22m-18d09h08m:50,10,55,10,55,25
18d08h41m-18d10h28m:10,20,40,20,40,35
18d09h47m-18d10h14m:05,20,05,35
18d10h24m-18d12h52m:15,10,30,10,30,18
18d16h35m-18d18h19m:42,08,42,15,47,15,47,27,55,27
18d18h08m-18d18h42m:10,20,40,20,40,35
18d18h41m-18d21h04m:15,25,15,30,20,30,20,35,30,35,30,40
18d18h44m-18d21h37m:15,03,22,03,22,08,37,08,37,12
18d23h26m-19d00h27m:25,25,30,25,30,30,35,30
19d00h56m-19d03h22m:57,30,57,45
19d05h24m-19d06h17m:08,03,08,23,20,23
19d08h25m-19d10h05m:57,30,57,45
19d10h30m-19d11h09m:15,10,30,10,30,18
19d14h50m-19d17h40m:17,15,25,15
19d18h37m-19d21h39m:15,25,15,30,20,30,20,35,30,35,30,40
19d19h40m-19d20h06m:60,10,60,25
19d20h34m-19d23h14m:50,10,55,10,55,25
19d20h50m-20d00h13m:42,08,42,15,47,15,47,27,55,27
19d23h33m-20d03h01m:67,37,67,22
19d23h59m-20d00h48m:05,20,05,35
20d01h15m-20d05h11m:05,20,05,35
20d01h20m-20d04h37m:15,10,30,10,30,18
20d02h42m-20d06h14m:50,10,55,10,55,25
20d03h10m-20d03h56m:17,15,25,15
20d03h58m-20d04h28m:25,25,30,25,30,30,35,30
20d06h49m-20d10h39m:57,30,57,45
20d07h50m-20d09h31m:10,20,40,20,40,35
20d07h50m-20d10h03m:50,10,55,10,55,25
20d09h37m-20d10h58m:15,10,30,10,30,18
20d09h57m-20d11h23m:25,45,45,45,45,40
20d12h38m-20d16h20m:15,40,27,40
20d12h48m-20d16h48m:57,30,57,45
20d14h06m-20d17h37m:15,25,15,30,20,30,20,35,30,35,30,40
20d14h30m-20d14h54m:25,25,30,25,30,30,35,30
20d20h14m-20d22h40m:15,25,15,30,20,30,20,35,30,35,30,40
20d20h23m-20d22h41m:15,40,27,40
20d20h28m-20d21h44m:15,40,27,40
20d21h10m-20d21h30m:42,08,42,15,47,15,47,27,55,27
20d23h01m-21d02h04m:08,03,08,23,20,23
20d23h28m-20d23h47m:57,30,57,45
20d23h32m-21d01h14m:57,30,57,45
21d01h18m-21d03h39m:25,25,30,25,30,30,35,30
21d03h15m-21d04h36m:05,20,05,35
21d03h41m-21d07h31m:25,25,30,25,30,30,35,30
21d06h15m-21d06h30m:57,30,57,45
21d07h45m-21d09h04m:57,30,57,45
21d09h07m-21d12h30m:05,20,05,35
21d10h38m-21d11h38m:15,25,15,30,20,30,20,35,30,35,30,40
21d12h09m-21d14h11m:15,25,15,30,20,30,20,35,30,35,30,40
21d12h59m-21d14h29m:10,20,40,20,40,35
21d13h34m-21d16h30m:50,10,55,10,55,25
21d16h12m-21d19h12m:10,20,40,20,40,35
21d16h39m-21d20h23m:08,03,08,23,20,23
21d16h53m-21d20h53m:42,08,42,15,47,15,47,27,55,27
21d17h50m-21d19h16m:57,30,57,45
21d19h24m-21d23h08m:67,37,67,22
21d20h47m-21d23h07m:60,10,60,25
21d21h53m-22d00h39m:50,10,55,10,55,25
21d22h31m-21d23h33m:50,10,55,10,55,25
22d01h44m-22d03h35m:42,08,42,15,47,15,47,27,55,27
22d06h47m-22d10h37m:15,10,30,10,30,18
22d06h53m-22d07h49m:67,37,67,22
22d07h26m-22d07h42m:17,15,25,15
22d09h44m-22d12h28m:50,10,55,10,55,25
22d11h43m-22d15h11m:57,30,57,45
22d13h18m-22d16h37m:10,20,40,20,40,35
22d13h46m-22d16h21m:50,10,55,10,55,25
22d13h47m-22d17h24m:50,10,55,10,55,25
22d14h24m-22d15h23m:15,40,27,40
22d16h06m-22d16h37m:57,30,57,45
22d17h14m-22d21h04m:42,08,42,15,47,15,47,27,55,27
22d17h33m-22d17h48m:42,08,42,15,47,15,47,27,55,27
22d19h00m-22d20h47m:17,15,25,15
22d21h48m-23d00h31m:67,37,67,22
23d00h26m-23d00h42m:15,03,22,03,22,08,37,08,37,12
23d00h58m-23d02h19m:60,10,60,25
23d01h00m-23d03h21m:08,03,08,23,20,23
23d02h44m-23d04h16m:15,10,30,10,30,18
23d03h02m-23d06h58m:05,20,05,35
23d03h09m-23d06h28m:25,45,45,45,45,40
23d03h26m-23d06h05m:25,45,45,45,45,40
23d05h01m-23d08h40m:60,10,60,25
23d05h24m-23d06h52m:67,37,67,22
23d05h49m-23d07h17m:42,08,42,15,47,15,47,27,55,27
23d05h55m-23d06h30m:25,25,30,25,30,30,35,30
23d06h14m-23d08h58m:15,03,22,03,22,08,37,08,37,12
23d09h48m-23d11h39m:10,20,40,20,40,35
23d10h21m-23d13h46m:25,45,45,45,45,40
23d15h08m-23d17h25m:08,03,08,23,20,23
23d16h49m-23d20h26m:15,10,30,10,30,18
23d17h08m-23d20h45m:60,10,60,25
23d18h04m-23d21h28m:42,08,42,15,47,15,47,27,55,27
23d18h50m-23d19h17m:15,03,22,03,22,08,37,08,37,12
23d18h57m-23d22h43m:17,15,25,15
23d21h08m-23d22h20m:17,15,25,15
23d21h39m-23d23h20m:08,03,08,23,20,23
23d22h06m-23d23h06m:15,25,15,30,20,30,20,35,30,35,30,40
23d22h10m-24d02h04m:15,25,15,30,20,30,20,35,30,35,30,40
23d23h04m-24d01h55m:42,08,42,15,47,15,47,27,55,27
23d23h06m-24d02h15m:25,25,30,25,30,30,35,30
24d01h06m-24d01h23m:15,25,15,30,20,30,20,35,30,35,30,40
24d03h02m-24d03h49m:17,15,25,15
24d03h17m-24d05h49m:17,15,25,15
24d04h13m-24d08h13m:60,10,60,25
24d04h43m-24d07h33m:25,25,30,25,30,30,35,30
24d06h37m-24d10h28m:57,30,57,45
24d07h42m-24d11h26m:25,25,30,25,30,30,35,30
24d09h39m-24d10h35m:15,03,22,03,22,08,37,08,37,12
24d09h39m-24d12h30m:15,10,30,10,30,18
24d12h41m-24d16h28m:17,15,25,15
24d13h11m-24d13h44m:05,20,05,35
24d13h13m-24d16h51m:10,20,40,20,40,35
24d14h43m-24d16h18m:17,15,25,15
24d15h21m-24d16h18m:15,10,30,10,30,18
24d15h34m-24d18h30m:60,10,60,25
24d16h13m-24d16h40m:42,08,42,15,47,15,47,27,55,27
24d16h49m-24d20h15m:05,20,05,35
24d17h06m-24d19h27m:15,40,27,40
24d18h22m-24d21h44m:42,08,42,15,47,15,47,27,55,27
24d19h11m-24d19h56m:25,25,30,25,30,30,35,30
24d21h12m-24d22h20m:57,30,57,45
24d21h24m-24d21h44m:17,15,25,15
24d23h45m-25d03h17m:17,15,25,15
25d01h58m-25d04h32m:10,20,40,20,40,35
25d05h13m-25d07h52m:67,37,67,22
25d06h11m-25d06h42m:60,10,60,25
25d08h32m-25d10h56m:67,37,67,22
25d12h23m-25d12h49m:50,10,55,10,55,25
25d12h32m-25d15h38m:17,15,25,15
25d19h31m-25d19h48m:15,25,15,30,20,30,20,35,30,35,30,40
25d20h54m-25d23h18m:15,40,27,40
25d23h48m-26d00h54m:17,15,25,15
25d23h53m-26d03h32m:42,08,42,15,47,15,47,27,55,27
26d00h06m-26d02h25m:15,10,30,10,30,18
26d04h12m-26d07h05m:25,45,45,45,45,40
26d06h11m-26d09h30m:15,03,22,03,22,08,37,08,37,12
26d07h49m-26d10h49m:15,10,30,10,30,18
26d08h04m-26d11h19m:15,10,30,10,30,18
26d11h42m-26d14h09m:25,25,30,25,30,30,35,30
26d12h09m-26d15h36m:25,25,30,25,30,30,35,30
26d13h24m-26d13h53m:15,03,22,03,22,08,37,08,37,12
26d14h30m-26d15h33m:08,03,08,23,20,23
26d14h40m-26d15h08m:17,15,25,15
26d18h57m-26d19h36m:50,10,55,10,55,25
26d19h10m-26d22h50m:05,20,05,35
26d19h18m-26d21h30m:60,10,60,25
26d20h05m-26d21h07m:67,37,67,22
26d20h43m-26d23h48m:15,10,30,10,30,18
26d20h45m-26d21h22m:67,37,67,22
26d22h06m-27d00h14m:50,10,55,10,55,25
26d22h57m-27d01h04m:50,10,55,10,55,25
26d23h21m-27d00h37m:25,45,45,45,45,40
27d01h44m-27d02h37m:15,03,22,03,22,08,37,08,37,12
27d03h16m-27d05h12m:67,37,67,22
27d04h12m-27d05h36m:15,03,22,03,22,08,37,08,37,12
27d04h20m-27d06h18m:15,25,15,30,20,30,20,35,30,35,30,40
27d06h02m-27d06h21m:15,25,15,30,20,30,20,35,30,35,30,40
27d06h27m-27d07h32m:05,20,05,35
27d06h54m-27d07h30m:57,30,57,45
27d07h13m-27d07h48m:50,10,55,10,55,25
27d07h43m-27d08h33m:67,37,67,22
27d08h59m-27d11h41m:10,20,40,20,40,35
27d09h21m-27d12h17m:15,40,27,40
27d10h31m-27d13h36m:42,08,42,15,47,15,47,27,55,27
27d13h04m-27d14h46m:17,15,25,15
27d13h09m-27d15h08m:15,40,27,40
27d14h52m-27d18h28m:57,30,57,45
27d14h59m-27d16h59m:50,10,55,10,55,25
27d16h14m-27d18h11m:15,10,30,10,30,18
27d17h59m-27d19h07m:25,45,45,45,45,40
27d19h42m-27d20h35m:15,03,22,03,22,08,37,08,37,12
27d19h59m-27d21h30m:60,10,60,25
27d20h02m-27d22h38m:57,30,57,45
27d20h03m-27d23h45m:10,20,40,20,40,35
27d21h05m-27d21h25m:25,45,45,45,45,40
27d21h43m-27d22h23m:10,20,40,20,40,35
28d00h45m-28d03h31m:08,03,08,23,20,23
28d02h55m-28d04h19m:25,45,45,45,45,40
28d04h32m-28d05h03m:15,03,22,03,22,08,37,08,37,12
28d04h42m-28d08h32m:15,25,15,30,20,30,20,35,30,35,30,40
28d05h34m-28d07h34m:08,03,08,23,20,23
28d08h19m-28d10h26m:08,03,08,23,20,23
28d09h27m-28d13h23m:42,08,42,15,47,15,47,27,55,27
28d10h37m-28d12h40m:67,37,67,22
28d10h50m-28d11h09m:57,30,57,45
28d11h05m-28d12h41m:15,40,27,40
28d12h51m-28d15h31m:05,20,05,35
28d13h29m-28d13h54m:05,20,05,35
28d13h30m-28d14h39m:25,25,30,25,30,30,35,30
28d15h50m-28d19h38m:15,40,27,40
28d17h10m-28d18h12m:25,25,30,25,30,30,35,30
28d17h26m-28d18h53m:15,10,30,10,30,18
28d17h39m-28d18h01m:50,10,55,10,55,25
28d17h53m-28d21h26m:42,08,42,15,47,15,47,27,55,27
28d19h03m-28d21h49m:15,10,30,10,30,18
28d20h23m-28d20h59m:57,30,57,45
28d22h20m-29d01h23m:60,10,60,25
29d00h22m-29d01h33m:67,37,67,22
29d01h32m-29d03h09m:05,20,05,35
29d02h48m-29d06h31m:15,10,30,10,30,18
29d04h08m-29d07h54m:08,03,08,23,20,23
29d05h53m-29d06h17m:10,20,40,20,40,35
29d09h10m-29d09h43m:25,45,45,45,45,40
29d14h20m-29d18h08m:50,10,55,10,55,25
29d17h08m-29d19h48m:15,10,30,10,30,18
29d18h44m-29d19h36m:50,10,55,10,55,25
29d21h36m-30d01h25m:10,20,40,20,40,35
29d21h54m-30d01h17m:15,10,30,10,30,18
30d00h15m-30d00h55m:67,37,67,22
30d00h21m-30d00h49m:15,10,30,10,30,18
30d00h35m-30d02h54m:57,30,57,45
30d01h14m-30d03h41m:60,10,60,25
30d01h55m-30d03h42m:60,10,60,25
30d02h51m-30d04h51m:15,40,27,40
30d06h21m-30d06h39m:08,03,08,23,20,23
30d06h25m-30d08h46m:50,10,55,10,55,25
30d07h14m-30d09h12m:05,20,05,35
30d08h43m-30d10h46m:15,40,27,40
30d10h12m-30d12h46m:08,03,08,23,20,23
30d10h46m-30d14h28m:15,40,27,40
30d11h32m-30d12h37m:15,25,15,30,20,30,20,35,30,35,30,40
30d11h49m-30d12h17m:67,37,67,22
30d11h55m-30d13h17m:67,37,67,22
30d13h00m-30d16h31m:05,20,05,35
30d15h09m-30d15h53m:08,03,08,23,20,23
30d15h17m-30d18h57m:50,10,55,10,55,25
30d15h59m-30d18h23m:25,45,45,45,45,40
30d16h10m-30d17h17m:50,10,55,10,55,25
30d17h36m-30d20h24m:25,25,30,25,30,30,35,30
30d18h43m-30d22h19m:42,08,42,15,47,15,47,27,55,27
30d19h35m-30d22h57m:67,37,67,22
30d20h22m-30d23h09m:15,03,22,03,22,08,37,08,37,12
30d23h06m-30d23h59m:15,03,22,03,22,08,37,08,37,12
30d23h43m-30d23h59m:25,25,30,25,30,30,35,30
