01d02h08m-01d05h34m:60,10,60,25
01d02h21m-01d05h12m:60,10,60,25
01d02h32m-01d06h32m:15,25,15,30,20,30,20,35,30,35,30,40
01d03h13m-01d05h40m:25,45,45,45,45,40
01d04h45m-01d06h55m:67,37,67,22
01d04h48m-01d05h23m:67,37,67,22
01d05h42m-01d06h31m:50,10,55,10,55,25
01d09h01m-01d10h03m:67,37,67,22
01d09h19m-01d10h57m:15,10,30,10,30,18
01d09h59m-01d10h50m:08,03,08,23,20,23
01d10h52m-01d13h02m:25,25,30,25,30,30,35,30
01d12h49m-01d14h40m:08,03,08,23,20,23
01d17h21m-01d20h45m:42,08,42,15,47,15,47,27,55,27
01d17h23m-01d19h00m:25,25,30,25,30,30,35,30
01d18h04m-01d20h50m:15,10,30,10,30,18
01d19h18m-01d20h01m:57,30,57,45
01d21h02m-01d22h41m:42,08,42,15,47,15,47,27,55,27
01d21h13m-01d22h22m:15,03,22,03,22,08,37,08,37,12
01d22h35m-01d23h10m:42,08,42,15,47,15,47,27,55,27
02d00h09m-02d01h44m:15,03,22,03,22,08,37,08,37,12
02d05h34m-02d07h01m:60,10,60,25
02d06h56m-02d09h09m:67,37,67,22
02d07h15m-02d08h37m:17,15,25,15
02d08h27m-02d10h44m:17,15,25,15
02d12h16m-02d14h42m:60,10,60,25
02d12h22m-02d15h50m:25,25,30,25,30,30,35,30
02d12h23m-02d13h31m:08,03,08,23,20,23
02d14h12m-02d15h34m:42,08,42,15,47,15,47,27,55,27
02d14h28m-02d16h22m:50,10,55,10,55,25
02d17h38m-02d19h20m:15,10,30,10,30,18
03d00h09m-03d02h20m:57,30,57,45
03d00h18m-03d04h18m:15,03,22,03,22,08,37,08,37,12
03d01h47m-03d04h48m:57,30,57,45
03d03h28m-03d06h15m:15,03,22,03,22,08,37,08,37,12
03d03h52m-03d05h37m:42,08,42,15,47,15,47,27,55,27
03d08h34m-03d10h20m:25,45,45,45,45,40
03d10h15m-03d11h51m:15,40,27,40
03d11h30m-03d11h55m:60,10,60,25
03d11h35m-03d15h05m:25,45,45,45,45,40
03d12h36m-03d16h06m:57,30,57,45
03d14h21m-03d16h20m:57,30,57,45
03d20h12m-03d22h33m:42,08,42,15,47,15,47,27,55,27
03d23h43m-04d02h58m:25,25,30,25,30,30,35,30
04d00h11m-04d03h41m:15,40,27,40
04d03h48m-04d05h57m:15,10,30,10,30,18
04d03h53m-04d04h28m:10,20,40,20,40,35
04d04h07m-04d06h12m:15,03,22,03,22,08,37,08,37,12
04d04h11m-04d06h19m:05,20,05,35
04d04h19m-04d06h00m:15,25,15,30,20,30,20,35,30,35,30,40
04d06h08m-04d07h00m:42,08,42,15,47,15,47,27,55,27
04d07h44m-04d11h37m:67,37,67,22
04d08h40m-04d11h37m:15,03,22,03,22,08,37,08,37,12
04d08h42m-04d11h50m:17,15,25,15
04d09h03m-04d09h33m:10,20,40,20,40,35
04d09h54m-04d10h53m:15,25,15,30,20,30,20,35,30,35,30,40
04d10h18m-04d11h39m:42,08,42,15,47,15,47,27,55,27
04d10h58m-04d14h26m:25,25,30,25,30,30,35,30
04d12h37m-04d13h53m:05,20,05,35
04d12h43m-04d14h56m:67,37,67,22
04d15h24m-04d16h57m:15,03,22,03,22,08,37,08,37,12
04d15h37m-04d16h23m:25,25,30,25,30,30,35,30
04d16h22m-04d18h50m:10,20,40,20,40,35
04d17h44m-04d19h54m:15,10,30,10,30,18
04d20h09m-04d22h00m:15,03,22,03,22,08,37,08,37,12
04d20h46m-04d23h27m:42,08,42,15,47,15,47,27,55,27
04d21h11m-05d00h37m:15,40,27,40
04d22h26m-05d00h16m:25,45,45,45,45,40
04d22h56m-05d02h32m:05,20,05,35
05d02h39m-05d04h37m:08,03,08,23,20,23
05d04h30m-05d08h18m:15,25,15,30,20,30,20,35,30,35,30,40
05d06h53m-05d07h57m:08,03,08,23,20,23
05d08h01m-05d09h48m:60,10,60,25
05d09h01m-05d11h18m:17,15,25,15
05d10h24m-05d13h32m:42,08,42,15,47,15,47,27,55,27
05d12h25m-05d12h51m:42,08,42,15,47,15,47,27,55,27
05d13h46m-05d17h37m:10,20,40,20,40,35
05d17h05m-05d17h34m:17,15,25,15
05d17h10m-05d18h44m:25,25,30,25,30,30,35,30
05d17h42m-05d21h17m:17,15,25,15
06d00h03m-06d03h18m:15,10,30,10,30,18
06d01h38m-06d02h27m:25,25,30,25,30,30,35,30
06d02h11m-06d04h11m:15,40,27,40
06d03h37m-06d03h52m:42,08,42,15,47,15,47,27,55,27
06d03h37m-06d06h54m:60,10,60,25
06d07h13m-06d10h34m:57,30,57,45
06d08h13m-06d11h58m:15,10,30,10,30,18
06d08h17m-06d10h50m:15,10,30,10,30,18
06d08h53m-06d11h18m:25,25,30,25,30,30,35,30
06d11h20m-06d15h08m:25,45,45,45,45,40
06d11h48m-06d13h41m:15,40,27,40
06d12h31m-06d15h00m:25,45,45,45,45,40
06d12h36m-06d16h26m:25,25,30,25,30,30,35,30
06d12h52m-06d13h51m:10,20,40,20,40,35
06d15h01m-06d16h00m:57,30,57,45
06d19h38m-06d22h57m:67,37,67,22
06d20h34m-06d21h03m:25,25,30,25,30,30,35,30
06d21h11m-06d21h46m:08,03,08,23,20,23
06d21h12m-07d00h38m:10,20,40,20,40,35
06d21h24m-06d23h12m:17,15,25,15
06d22h15m-07d01h15m:05,20,05,35
06d22h36m-07d00h12m:10,20,40,20,40,35
07d01h35m-07d03h51m:57,30,57,45
07d03h22m-07d05h05m:15,40,27,40
07d03h29m-07d06h27m:17,15,25,15
07d04h33m-07d06h08m:15,03,22,03,22,08,37,08,37,12
07d07h22m-07d10h38m:17,15,25,15
07d08h24m-07d10h51m:15,40,27,40
07d09h43m-07d12h48m:25,25,30,25,30,30,35,30
07d10h29m-07d13h07m:57,30,57,45
07d11h29m-07d15h13m:10,20,40,20,40,35
07d11h58m-07d12h46m:42,08,42,15,47,15,47,27,55,27
07d12h01m-07d13h47m:50,10,55,10,55,25
07d12h58m-07d14h39m:10,20,40,20,40,35
07d14h02m-07d15h37m:50,10,55,10,55,25
07d14h03m-07d14h31m:42,08,42,15,47,15,47,27,55,27
07d14h13m-07d17h17m:42,08,42,15,47,15,47,27,55,27
07d14h39m-07d17h24m:57,30,57,45
07d16h16m-07d17h32m:15,10,30,10,30,18
07d16h46m-07d20h39m:15,40,27,40
07d17h06m-07d18h08m:05,20,05,35
07d18h13m-07d20h24m:25,25,30,25,30,30,35,30
07d18h33m-07d20h22m:17,15,25,15
07d18h35m-07d19h21m:15,25,15,30,20,30,20,35,30,35,30,40
07d19h08m-07d23h04m:25,45,45,45,45,40
07d20h27m-07d23h44m:57,30,57,45
07d20h40m-07d20h59m:50,10,55,10,55,25
07d22h12m-08d01h57m:05,20,05,35
07d22h46m-08d00h44m:15,03,22,03,22,08,37,08,37,12
08d02h18m-08d02h54m:50,10,55,10,55,25
08d02h27m-08d04h25m:57,30,57,45
08d02h54m-08d03h34m:15,40,27,40
08d07h05m-08d08h13m:25,25,30,25,30,30,35,30
08d08h10m-08d09h01m:05,20,05,35
08d08h18m-08d08h46m:50,10,55,10,55,25
08d08h38m-08d09h50m:25,45,45,45,45,40
08d10h27m-08d13h14m:08,03,08,23,20,23
08d10h27m-08d14h09m:67,37,67,22
08d11h20m-08d13h40m:25,45,45,45,45,40
08d11h39m-08d15h35m:60,10,60,25
08d11h49m-08d14h58m:25,25,30,25,30,30,35,30
08d14h10m-08d18h08m:42,08,42,15,47,15,47,27,55,27
08d15h05m-08d18h56m:25,45,45,45,45,40
08d15h34m-08d16h21m:15,03,22,03,22,08,37,08,37,12
08d16h18m-08d17h19m:05,20,05,35
08d16h51m-08d20h11m:10,20,40,20,40,35
08d18h35m-08d22h19m:10,20,40,20,40,35
08d18h48m-08d19h30m:05,20,05,35
08d19h07m-08d22h25m:57,30,57,45
08d21h36m-09d01h27m:50,10,55,10,55,25
08d22h42m-08d23h07m:05,20,05,35
08d23h00m-09d02h01m:10,20,40,20,40,35
08d23h39m-09d00h02m:57,30,57,45
09d01h17m-09d02h20m:08,03,08,23,20,23
09d02h25m-09d05h37m:15,10,30,10,30,18
09d02h40m-09d06h09m:10,20,40,20,40,35
09d03h35m-09d07h30m:15,03,22,03,22,08,37,08,37,12
09d04h48m-09d07h04m:50,10,55,10,55,25
09d05h05m-09d08h58m:15,10,30,10,30,18
09d05h31m-09d07h32m:15,03,22,03,22,08,37,08,37,12
09d06h20m-09d09h12m:25,45,45,45,45,40
09d08h39m-09d09h55m:10,20,40,20,40,35
09d09h51m-09d12h23m:17,15,25,15
09d12h16m-09d13h39m:67,37,67,22
09d12h40m-09d15h59m:08,03,08,23,20,23
09d13h09m-09d15h55m:15,40,27,40
09d15h03m-09d17h17m:25,45,45,45,45,40
09d17h01m-09d19h51m:42,08,42,15,47,15,47,27,55,27
09d17h04m-09d17h40m:15,40,27,40
09d19h03m-09d20h03m:17,15,25,15
09d19h56m-09d20h20m:42,08,42,15,47,15,47,27,55,27
09d21h41m-10d01h06m:42,08,42,15,47,15,47,27,55,27
09d23h01m-10d00h04m:60,10,60,25
10d01h58m-10d02h54m:15,40,27,40
10d05h36m-10d06h41m:67,37,67,22
10d06h03m-10d06h30m:15,10,30,10,30,18
10d06h18m-10d09h49m:57,30,57,45
10d08h15m-10d12h07m:05,20,05,35
10d08h42m-10d12h19m:08,03,08,23,20,23
10d10h23m-10d12h45m:10,20,40,20,40,35
10d12h39m-10d15h59m:17,15,25,15
10d14h12m-10d14h53m:08,03,08,23,20,23
10d14h13m-10d17h17m:57,30,57,45
10d14h42m-10d15h50m:25,45,45,45,45,40
10d14h58m-10d18h30m:57,30,57,45
10d15h24m-10d15h45m:15,40,27,40
10d15h49m-10d18h38m:57,30,57,45
10d17h00m-10d18h36m:25,45,45,45,45,40
10d17h43m-10d21h21m:15,40,27,40
10d19h40m-10d22h19m:50,10,55,10,55,25
10d20h59m-10d23h54m:60,10,60,25
10d22h29m-11d00h47m:05,20,05,35
10d22h40m-11d01h24m:67,37,67,22
10d22h43m-11d01h11m:60,10,60,25
10d23h24m-11d01h45m:05,20,05,35
10d23h40m-11d00h23m:25,45,45,45,45,40
11d02h30m-11d03h17m:05,20,05,35
11d04h33m-11d08h26m:15,40,27,40
11d04h35m-11d08h12m:60,10,60,25
11d06h48m-11d08h57m:10,20,40,20,40,35
11d06h54m-11d07h36m:67,37,67,22
11d07h10m-11d09h43m:15,40,27,40
11d07h22m-11d11h00m:25,45,45,45,45,40
11d10h08m-11d10h46m:67,37,67,22
11d10h39m-11d12h54m:15,40,27,40
11d11h54m-11d15h49m:15,25,15,30,20,30,20,35,30,35,30,40
11d12h07m-11d13h16m:15,03,22,03,22,08,37,08,37,12
11d12h41m-11d13h43m:15,25,15,30,20,30,20,35,30,35,30,40
11d12h55m-11d15h13m:05,20,05,35
11d13h13m-11d14h42m:60,10,60,25
11d13h20m-11d13h50m:15,25,15,30,20,30,20,35,30,35,30,40
11d13h33m-11d17h03m:17,15,25,15
11d13h46m-11d15h19m:10,20,40,20,40,35
11d14h00m-11d16h27m:10,20,40,20,40,35
11d14h14m-11d15h01m:67,37,67,22
11d16h29m-11d19h37m:05,20,05,35
11d16h31m-11d17h34m:25,25,30,25,30,30,35,30
11d17h44m-11d18h58m:25,25,30,25,30,30,35,30
11d18h21m-11d21h02m:15,03,22,03,22,08,37,08,37,12
11d18h28m-11d19h21m:60,10,60,25
11d20h27m-11d23h39m:15,25,15,30,20,30,20,35,30,35,30,40
11d21h14m-11d22h10m:17,15,25,15
11d21h31m-12d01h30m:15,03,22,03,22,08,37,08,37,12
12d00h15m-12d00h30m:15,25,15,30,20,30,20,35,30,35,30,40
12d00h29m-12d00h59m:15,03,22,03,22,08,37,08,37,12
12d00h57m-12d01h33m:15,03,22,03,22,08,37,08,37,12
12d01h53m-12d04h33m:15,40,27,40
12d02h22m-12d04h34m:50,10,55,10,55,25
12d02h40m-12d04h49m:25,45,45,45,45,40
12d03h45m-12d04h29m:50,10,55,10,55,25
12d04h25m-12d05h28m:15,10,30,10,30,18
12d04h32m-12d04h47m:57,30,57,45
12d04h56m-12d07h50m:15,25,15,30,20,30,20,35,30,35,30,40
12d07h00m-12d10h26m:08,03,08,23,20,23
12d07h10m-12d11h06m:17,15,25,15
12d07h43m-12d10h48m:67,37,67,22
12d08h42m-12d10h45m:15,25,15,30,20,30,20,35,30,35,30,40
12d09h14m-12d12h23m:57,30,57,45
12d09h30m-12d11h58m:25,45,45,45,45,40
12d10h12m-12d12h35m:25,25,30,25,30,30,35,30
12d10h50m-12d13h38m:17,15,25,15
12d10h59m-12d12h42m:15,10,30,10,30,18
12d11h06m-12d13h46m:15,40,27,40
12d11h58m-12d13h16m:15,03,22,03,22,08,37,08,37,12
12d12h03m-12d14h14m:50,10,55,10,55,25
12d15h05m-12d16h57m:50,10,55,10,55,25
12d17h20m-12d20h47m:25,45,45,45,45,40
12d18h30m-12d20h41m:08,03,08,23,20,23
12d19h25m-12d20h50m:42,08,42,15,47,15,47,27,55,27
12d20h06m-12d20h39m:60,10,60,25
12d20h11m-12d20h45m:15,03,22,03,22,08,37,08,37,12
12d20h20m-12d23h25m:25,45,45,45,45,40
12d21h27m-13d01h02m:15,03,22,03,22,08,37,08,37,12
13d01h21m-13d02h50m:10,20,40,20,40,35
13d01h21m-13d02h57m:60,10,60,25
13d01h34m-13d03h03m:17,15,25,15
13d02h20m-13d05h06m:57,30,57,45
13d02h26m-13d04h09m:10,20,40,20,40,35
13d05h12m-13d07h29m:05,20,05,35
13d06h15m-13d09h46m:50,10,55,10,55,25
13d06h17m-13d07h04m:10,20,40,20,40,35
13d06h29m-13d08h53m:08,03,08,23,20,23
13d06h54m-13d08h27m:10,20,40,20,40,35
13d09h44m-13d12h58m:08,03,08,23,20,23
13d11h18m-13d13h20m:57,30,57,45
13d11h33m-13d14h33m:15,03,22,03,22,08,37,08,37,12
13d11h38m-13d13h32m:50,10,55,10,55,25
13d13h05m-13d16h18m:50,10,55,10,55,25
13d15h00m-13d18h54m:15,03,22,03,22,08,37,08,37,12
13d15h01m-13d15h51m:25,25,30,25,30,30,35,30
13d15h06m-13d18h21m:15,03,22,03,22,08,37,08,37,12
13d16h35m-13d20h00m:25,45,45,45,45,40
13d17h03m-13d19h55m:50,10,55,10,55,25
13d18h36m-13d20h23m:57,30,57,45
13d19h20m-13d21h41m:67,37,67,22
13d19h48m-13d22h16m:50,10,55,10,55,25
13d20h34m-13d22h33m:15,40,27,40
13d21h14m-13d23h51m:57,30,57,45
13d21h31m-13d22h12m:15,25,15,30,20,30,20,35,30,35,30,40
13d22h24m-14d01h43m:08,03,08,23,20,23
13d23h23m-14d02h03m:05,20,05,35
13d23h47m-14d02h13m:15,40,27,40
13d23h58m-14d03h43m:67,37,67,22
14d02h27m-14d02h44m:57,30,57,45
14d03h43m-14d07h33m:42,08,42,15,47,15,47,27,55,27
14d03h46m-14d04h57m:60,10,60,25
14d04h29m-14d04h54m:15,03,22,03,22,08,37,08,37,12
14d07h05m-14d10h21m:60,10,60,25
14d08h38m-14d12h08m:25,25,30,25,30,30,35,30
14d09h07m-14d11h45m:50,10,55,10,55,25
14d09h10m-14d09h50m:50,10,55,10,55,25
14d12h41m-14d15h44m:67,37,67,22
14d15h03m-14d17h25m:15,03,22,03,22,08,37,08,37,12
14d15h13m-14d16h48m:25,25,30,25,30,30,35,30
14d17h51m-14d21h34m:05,20,05,35
14d18h27m-14d19h32m:25,45,45,45,45,40
14d18h50m-14d19h58m:10,20,40,20,40,35
14d19h36m-14d22h15m:42,08,42,15,47,15,47,27,55,27
14d20h08m-14d23h06m:15,25,15,30,20,30,20,35,30,35,30,40
14d20h29m-14d23h37m:10,20,40,20,40,35
14d21h26m-14d22h01m:67,37,67,22
14d21h26m-15d01h14m:42,08,42,15,47,15,47,27,55,27
14d21h54m-15d01h35m:15,10,30,10,30,18
14d22h06m-15d00h22m:17,15,25,15
14d22h20m-14d23h14m:15,10,30,10,30,18
14d22h27m-14d22h59m:60,10,60,25
15d00h16m-15d03h37m:15,10,30,10,30,18
15d00h44m-15d04h14m:10,20,40,20,40,35
15d02h02m-15d06h00m:15,25,15,30,20,30,20,35,30,35,30,40
15d02h51m-15d05h57m:05,20,05,35
15d03h27m-15d05h29m:10,20,40,20,40,35
15d03h52m-15d06h26m:57,30,57,45
15d04h03m-15d06h17m:08,03,08,23,20,23
15d05h43m-15d07h42m:15,25,15,30,20,30,20,35,30,35,30,40
15d07h00m-15d09h21m:10,20,40,20,40,35
15d07h04m-15d09h09m:15,25,15,30,20,30,20,35,30,35,30,40
15d08h02m-15d08h24m:15,25,15,30,20,30,20,35,30,35,30,40
15d09h33m-15d09h55m:25,25,30,25,30,30,35,30
15d12h43m-15d14h08m:60,10,60,25
15d13h18m-15d16h51m:15,25,15,30,20,30,20,35,30,35,30,40
15d13h41m-15d15h53m:08,03,08,23,20,23
15d14h31m-15d15h08m:57,30,57,45
15d15h12m-15d18h34m:60,10,60,25
15d15h12m-15d18h48m:57,30,57,45
15d15h15m-15d18h26m:25,45,45,45,45,40
15d15h57m-15d18h40m:10,20,40,20,40,35
15d16h22m-15d18h25m:15,25,15,30,20,30,20,35,30,35,30,40
15d16h25m-15d17h08m:10,20,40,20,40,35
15d16h35m-15d18h16m:15,40,27,40
15d17h46m-15d20h20m:25,45,45,45,45,40
15d17h58m-15d21h02m:25,45,45,45,45,40
15d18h02m-15d21h16m:15,25,15,30,20,30,20,35,30,35,30,40
15d22h09m-16d00h07m:15,10,30,10,30,18
15d22h33m-16d00h16m:25,25,30,25,30,30,35,30
15d23h20m-16d03h19m:67,37,67,22
15d23h51m-16d03h06m:67,37,67,22
16d01h36m-16d05h34m:15,40,27,40
16d01h48m-16d03h09m:50,10,55,10,55,25
16d02h03m-16d04h57m:67,37,67,22
16d02h51m-16d06h14m:25,25,30,25,30,30,35,30
16d03h00m-16d05h57m:15,10,30,10,30,18
16d04h57m-16d07h39m:08,03,08,23,20,23
16d06h40m-16d09h30m:15,40,27,40
16d10h02m-16d11h18m:25,25,30,25,30,30,35,30
16d10h25m-16d11h11m:50,10,55,10,55,25
16d11h52m-16d14h56m:15,25,15,30,20,30,20,35,30,35,30,40
16d12h01m-16d13h14m:08,03,08,23,20,23
16d12h03m-16d12h55m:67,37,67,22
16d12h29m-16d12h50m:10,20,40,20,40,35
16d12h36m-16d13h07m:17,15,25,15
16d14h06m-16d15h32m:10,20,40,20,40,35
16d14h20m-16d17h31m:15,10,30,10,30,18
16d15h27m-16d15h45m:25,45,45,45,45,40
16d18h42m-16d19h15m:50,10,55,10,55,25
16d19h27m-16d20h54m:25,25,30,25,30,30,35,30
16d22h15m-16d23h31m:42,08,42,15,47,15,47,27,55,27
16d22h43m-17d00h50m:17,15,25,15
17d02h52m-17d03h29m:42,08,42,15,47,15,47,27,55,27
17d04h19m-17d06h24m:50,10,55,10,55,25
17d08h52m-17d10h55m:57,30,57,45
17d08h53m-17d09h23m:50,10,55,10,55,25
17d09h28m-17d12h12m:25,25,30,25,30,30,35,30
17d11h40m-17d14h07m:60,10,60,25
17d13h51m-17d17h03m:15,40,27,40
17d14h29m-17d17h15m:15,25,15,30,20,30,20,35,30,35,30,40
17d14h55m-17d16h31m:17,15,25,15
17d15h45m-17d16h38m:10,20,40,20,40,35
17d16h34m-17d17h46m:15,03,22,03,22,08,37,08,37,12
17d16h48m-17d18h22m:60,10,60,25
17d16h55m-17d19h39m:17,15,25,15
17d17h14m-17d20h31m:15,25,15,30,20,30,20,35,30,35,30,40
17d19h44m-17d21h24m:15,25,15,30,20,30,20,35,30,35,30,40
17d21h28m-17d23h42m:10,20,40,20,40,35
17d22h33m-17d23h47m:05,20,05,35
17d22h40m-17d23h45m:15,10,30,10,30,18
18d00h03m-18d03h41m:15,03,22,03,22,08,37,08,37,12
18d01h52m-18d04h45m:60,10,60,25
18d02h33m-18d05h52m:57,30,57,45
18d02h35m-18d04h54m:25,45,45,45,45,40
18d03h02m-18d04h08m:15,40,27,40
18d03h14m-18d05h49m:17,15,25,15
18d05h35m-18d06h06m:42,08,42,15,47,15,47,27,55,27
18d06h15m-18d07h15m:25,25,30,25,30,30,35,30
18d06h19m-18d09h35m:25,45,45,45,45,40
18d07h27m-18d08h21m:60,10,60,25
18d08h05m-18d11h09m:25,45,45,45,45,40
18d08h59m-18d11h08m:15,03,22,03,22,08,37,08,37,12
18d10h24m-18d13h47m:15,25,15,30,20,30,20,35,30,35,30,40
18d11h26m-18d14h07m:05,20,05,35
18d12h34m-18d13h41m:25,45,45,45,45,40
18d13h08m-18d16h50m:25,25,30,25,30,30,35,30
18d13h19m-18d15h55m:10,20,40,20,40,35
18d14h21m-18d17h26m:08,03,08,23,20,23
18d14h23m-18d17h34m:15,40,27,40
18d16h03m-18d18h29m:42,08,42,15,47,15,47,27,55,27
18d16h12m-18d19h41m:42,08,42,15,47,15,47,27,55,27
18d17h56m-18d19h19m:57,30,57,45
18d17h59m-18d21h31m:08,03,08,23,20,23
18d19h09m-18d19h36m:57,30,57,45
18d20h31m-18d22h00m:08,03,08,23,20,23
18d20h44m-18d22h09m:25,45,45,45,45,40
18d23h07m-19d00h31m:05,20,05,35
19d00h30m-19d03h11m:10,20,40,20,40,35
19d02h25m-19d06h07m:15,25,15,30,20,30,20,35,30,35,30,40
19d02h30m-19d06h00m:08,03,08,23,20,23
19d02h45m-19d03h59m:08,03,08,23,20,23
19d03h24m-19d04h29m:10,20,40,20,40,35
19d04h11m-19d05h51m:67,37,67,22
19d05h45m-19d08h18m:67,37,67,22
19d06h06m-19d07h45m:57,30,57,45
19d06h59m-19d09h44m:17,15,25,15
19d08h20m-19d09h21m:10,20,40,20,40,35
19d10h24m-19d14h14m:15,10,30,10,30,18
19d12h00m-19d13h45m:50,10,55,10,55,25
19d13h11m-19d14h33m:57,30,57,45
19d13h50m-19d17h35m:05,20,05,35
19d19h40m-19d21h37m:57,30,57,45
20d00h14m-20d02h19m:25,45,45,45,45,40
20d01h34m-20d04h13m:50,10,55,10,55,25
20d04h45m-20d07h38m:15,25,15,30,20,30,20,35,30,35,30,40
20d07h15m-20d09h48m:15,10,30,10,30,18
20d07h15m-20d10h42m:15,40,27,40
20d07h48m-20d11h14m:10,20,40,20,40,35
20d07h51m-20d10h34m:25,25,30,25,30,30,35,30
20d11h59m-20d13h29m:15,25,15,30,20,30,20,35,30,35,30,40
20d12h53m-20d15h16m:25,25,30,25,30,30,35,30
20d13h26m-20d16h09m:25,45,45,45,45,40
20d14h28m-20d18h11m:10,20,40,20,40,35
20d16h35m-20d18h54m:57,30,57,45
20d18h10m-20d18h45m:17,15,25,15
20d22h07m-21d01h20m:60,10,60,25
20d22h14m-20d23h24m:15,10,30,10,30,18
20d23h47m-21d03h03m:25,45,45,45,45,40
21d00h36m-21d02h25m:15,25,15,30,20,30,20,35,30,35,30,40
21d01h39m-21d02h54m:42,08,42,15,47,15,47,27,55,27
21d02h35m-21d03h41m:67,37,67,22
21d02h41m-21d04h53m:50,10,55,10,55,25
21d03h08m-21d06h59m:15,25,15,30,20,30,20,35,30,35,30,40
21d03h24m-21d04h03m:57,30,57,45
21d04h15m-21d07h35m:15,40,27,40
21d04h23m-21d06h08m:17,15,25,15
21d04h24m-21d07h56m:25,45,45,45,45,40
21d04h25m-21d04h53m:60,10,60,25
21d05h14m-21d08h52m:25,45,45,45,45,40
21d05h55m-21d09h07m:15,10,30,10,30,18
21d07h52m-21d08h46m:42,08,42,15,47,15,47,27,55,27
21d08h31m-21d10h48m:60,10,60,25
21d09h27m-21d12h26m:05,20,05,35
21d09h29m-21d11h43m:15,40,27,40
21d11h37m-21d12h25m:15,40,27,40
21d12h16m-21d12h57m:10,20,40,20,40,35
21d13h28m-21d17h05m:25,25,30,25,30,30,35,30
21d13h53m-21d14h11m:15,10,30,10,30,18
21d15h49m-21d19h00m:15,25,15,30,20,30,20,35,30,35,30,40
21d16h18m-21d17h36m:57,30,57,45
21d18h13m-21d19h05m:17,15,25,15
21d20h00m-21d21h07m:10,20,40,20,40,35
21d20h30m-21d23h31m:25,25,30,25,30,30,35,30
21d20h50m-21d21h27m:67,37,67,22
21d22h03m-21d23h08m:17,15,25,15
21d22h35m-22d02h05m:25,25,30,25,30,30,35,30
21d22h47m-22d01h49m:25,25,30,25,30,30,35,30
21d23h53m-22d02h43m:25,25,30,25,30,30,35,30
22d00h31m-22d03h59m:25,45,45,45,45,40
22d00h54m-22d02h55m:57,30,57,45
22d01h48m-22d03h09m:08,03,08,23,20,23
22d02h49m-22d05h47m:15,10,30,10,30,18
22d02h57m-22d05h39m:15,10,30,10,30,18
22d03h12m-22d04h55m:25,45,45,45,45,40
22d04h32m-22d04h57m:15,03,22,03,22,08,37,08,37,12
22d04h38m-22d07h37m:42,08,42,15,47,15,47,27,55,27
22d05h32m-22d05h59m:08,03,08,23,20,23
22d09h17m-22d12h09m:08,03,08,23,20,23
22d09h27m-22d11h42m:25,45,45,45,45,40
22d10h48m-22d14h10m:17,15,25,15
22d11h57m-22d14h53m:15,03,22,03,22,08,37,08,37,12
22d14h45m-22d15h28m:15,10,30,10,30,18
22d20h16m-22d22h28m:05,20,05,35
22d23h52m-23d03h02m:08,03,08,23,20,23
23d01h35m-23d02h18m:17,15,25,15
23d02h41m-23d05h30m:17,15,25,15
23d02h44m-23d04h58m:57,30,57,45
23d02h53m-23d03h37m:17,15,25,15
23d03h08m-23d06h49m:60,10,60,25
23d05h29m-23d07h24m:15,40,27,40
23d05h56m-23d06h40m:17,15,25,15
23d05h59m-23d09h40m:67,37,67,22
23d06h15m-23d07h32m:50,10,55,10,55,25
23d06h59m-23d07h23m:60,10,60,25
23d08h15m-23d10h08m:08,03,08,23,20,23
23d09h50m-23d12h10m:50,10,55,10,55,25
23d10h14m-23d11h39m:60,10,60,25
23d10h28m-23d11h15m:25,45,45,45,45,40
23d11h02m-23d11h38m:10,20,40,20,40,35
23d12h49m-23d16h21m:25,25,30,25,30,30,35,30
23d14h38m-23d15h23m:08,03,08,23,20,23
23d16h43m-23d18h57m:57,30,57,45
23d17h29m-23d19h25m:15,10,30,10,30,18
23d17h35m-23d17h50m:08,03,08,23,20,23
23d19h22m-23d23h03m:42,08,42,15,47,15,47,27,55,27
23d21h06m-23d23h13m:15,03,22,03,22,08,37,08,37,12
23d21h52m-24d01h44m:25,45,45,45,45,40
23d22h04m-24d01h00m:60,10,60,25
23d23h31m-24d00h37m:67,37,67,22
24d01h49m-24d05h31m:17,15,25,15
24d02h45m-24d06h11m:08,03,08,23,20,23
24d03h04m-24d03h43m:17,15,25,15
24d04h57m-24d08h45m:50,10,55,10,55,25
24d05h19m-24d08h35m:17,15,25,15
24d06h01m-24d06h52m:08,03,08,23,20,23
24d06h33m-24d07h21m:05,20,05,35
24d07h10m-24d09h46m:15,25,15,30,20,30,20,35,30,35,30,40
24d07h38m-24d08h13m:15,03,22,03,22,08,37,08,37,12
24d11h58m-24d15h33m:15,03,22,03,22,08,37,08,37,12
24d17h55m-24d18h59m:10,20,40,20,40,35
24d18h03m-24d19h24m:57,30,57,45
24d18h17m-24d21h41m:25,25,30,25,30,30,35,30
24d18h53m-24d21h10m:15,03,22,03,22,08,37,08,37,12
24d19h06m-24d20h28m:17,15,25,15
24d20h12m-24d21h40m:67,37,67,22
24d20h28m-24d21h29m:17,15,25,15
24d20h40m-24d21h29m:25,25,30,25,30,30,35,30
24d22h21m-24d23h57m:08,03,08,23,20,23
24d22h53m-24d23h33m:15,25,15,30,20,30,20,35,30,35,30,40
24d23h11m-25d01h55m:15,03,22,03,22,08,37,08,37,12
24d23h27m-25d00h21m:15,40,27,40
24d23h58m-25d01h21m:05,20,05,35
25d00h02m-25d03h41m:67,37,67,22
25d01h35m-25d03h50m:10,20,40,20,40,35
25d02h05m-25d04h08m:25,25,30,25,30,30,35,30
25d02h27m-25d04h06m:50,10,55,10,55,25
25d02h39m-25d04h59m:67,37,67,22
25d03h16m-25d05h08m:57,30,57,45
25d06h44m-25d07h29m:08,03,08,23,20,23
25d06h53m-25d08h58m:17,15,25,15
25d07h55m-25d11h22m:10,20,40,20,40,35
25d09h03m-25d12h09m:15,25,15,30,20,30,20,35,30,35,30,40
25d11h08m-25d13h07m:50,10,55,10,55,25
25d11h36m-25d13h53m:42,08,42,15,47,15,47,27,55,27
25d12h27m-25d15h38m:10,20,40,20,40,35
25d14h03m-25d16h37m:15,03,22,03,22,08,37,08,37,12
25d16h59m-25d20h01m:50,10,55,10,55,25
25d17h27m-25d21h22m:60,10,60,25
25d18h23m-25d18h40m:15,40,27,40
25d20h10m-25d22h04m:15,03,22,03,22,08,37,08,37,12
25d21h37m-26d00h33m:15,10,30,10,30,18
25d21h48m-26d00h22m:17,15,25,15
25d21h55m-26d01h41m:15,03,22,03,22,08,37,08,37,12
25d22h39m-25d23h18m:05,20,05,35
25d23h41m-26d02h28m:25,25,30,25,30,30,35,30
26d00h25m-26d02h41m:50,10,55,10,55,25
26d08h30m-26d09h35m:57,30,57,45
26d11h39m-26d12h39m:15,10,30,10,30,18
26d14h03m-26d15h10m:15,10,30,10,30,18
26d15h18m-26d16h00m:25,45,45,45,45,40
26d17h51m-26d19h06m:05,20,05,35
26d18h00m-26d20h05m:08,03,08,23,20,23
26d18h27m-26d21h09m:17,15,25,15
26d18h52m-26d20h15m:25,45,45,45,45,40
26d23h15m-27d00h14m:08,03,08,23,20,23
26d23h39m-27d00h27m:60,10,60,25
27d01h38m-27d03h44m:42,08,42,15,47,15,47,27,55,27
27d04h35m-27d05h06m:15,03,22,03,22,08,37,08,37,12
27d05h46m-27d06h52m:50,10,55,10,55,25
27d06h18m-27d09h25m:15,25,15,30,20,30,20,35,30,35,30,40
27d08h12m-27d10h39m:25,25,30,25,30,30,35,30
27d09h31m-27d12h56m:57,30,57,45
27d09h44m-27d12h15m:67,37,67,22
27d11h02m-27d11h21m:15,40,27,40
27d11h54m-27d15h19m:15,25,15,30,20,30,20,35,30,35,30,40
27d12h37m-27d13h13m:08,03,08,23,20,23
27d13h02m-27d14h52m:60,10,60,25
27d13h41m-27d14h14m:15,40,27,40
27d13h50m-27d17h18m:15,40,27,40
27d14h15m-27d16h23m:15,40,27,40
27d14h34m-27d15h55m:08,03,08,23,20,23
27d14h38m-27d17h49m:25,25,30,25,30,30,35,30
27d16h09m-27d19h08m:25,25,30,25,30,30,35,30
27d17h15m-27d21h10m:15,25,15,30,20,30,20,35,30,35,30,40
27d17h45m-27d20h45m:50,10,55,10,55,25
27d17h58m-27d20h16m:15,40,27,40
27d19h58m-27d22h15m:25,25,30,25,30,30,35,30
27d20h24m-27d23h22m:25,45,45,45,45,40
27d20h28m-27d21h30m:15,25,15,30,20,30,20,35,30,35,30,40
27d20h46m-27d22h22m:05,20,05,35
27d21h09m-28d00h35m:17,15,25,15
27d21h12m-27d22h02m:08,03,08,23,20,23
27d21h23m-28d01h07m:08,03,08,23,20,23
27d22h54m-28d00h56m:05,20,05,35
28d01h39m-28d04h33m:05,20,05,35
28d02h10m-28d05h30m:15,25,15,30,20,30,20,35,30,35,30,40
28d04h14m-28d06h10m:15,03,22,03,22,08,37,08,37,12
28d04h57m-28d08h31m:15,03,22,03,22,08,37,08,37,12
28d05h10m-28d08h42m:42,08,42,15,47,15,47,27,55,27
28d07h31m-28d09h51m:25,25,30,25,30,30,35,30
28d09h20m-28d10h57m:15,40,27,40
28d09h32m-28d11h25m:50,10,55,10,55,25
28d10h07m-28d14h06m:67,37,67,22
28d11h12m-28d13h09m:05,20,05,35
28d11h31m-28d15h25m:25,45,45,45,45,40
28d12h02m-28d15h01m:15,03,22,03,22,08,37,08,37,12
28d12h12m-28d13h18m:25,45,45,45,45,40
28d12h52m-28d14h26m:08,03,08,23,20,23
28d14h35m-28d16h25m:50,10,55,10,55,25
28d17h17m-28d18h24m:25,45,45,45,45,40
28d18h06m-28d18h27m:25,45,45,45,45,40
28d19h16m-28d21h52m:15,25,15,30,20,30,20,35,30,35,30,40
28d20h40m-28d23h01m:15,25,15,30,20,30,20,35,30,35,30,40
28d21h42m-28d22h32m:42,08,42,15,47,15,47,27,55,27
28d21h47m-29d00h26m:25,25,30,25,30,30,35,30
28d21h53m-28d22h11m:42,08,42,15,47,15,47,27,55,27
28d21h54m-28d23h35m:10,20,40,20,40,35
28d21h59m-29d00h03m:15,10,30,10,30,18
29d00h18m-29d01h46m:10,20,40,20,40,35
29d03h55m-29d07h22m:15,40,27,40
29d04h23m-29d08h04m:57,30,57,45
29d05h32m-29d06h04m:05,20,05,35
29d07h33m-29d11h28m:15,40,27,40
29d09h26m-29d11h16m:15,03,22,03,22,08,37,08,37,12
29d12h47m-29d13h11m:05,20,05,35
29d13h37m-29d17h22m:42,08,42,15,47,15,47,27,55,27
29d14h36m-29d16h14m:15,25,15,30,20,30,20,35,30,35,30,40
29d14h41m-29d16h11m:25,45,45,45,45,40
29d15h33m-29d16h32m:15,10,30,10,30,18
29d16h54m-29d20h43m:15,25,15,30,20,30,20,35,30,35,30,40
29d18h24m-29d22h12m:15,10,30,10,30,18
29d21h13m-29d23h21m:15,03,22,03,22,08,37,08,37,12
29d22h44m-30d01h00m:60,10,60,25
29d23h07m-30d02h06m:10,20,40,20,40,35
29d23h45m-30d01h22m:57,30,57,45
30d00h22m-30d02h02m:15,10,30,10,30,18
30d00h32m-30d01h43m:50,10,55,10,55,25
30d00h58m-30d03h26m:15,25,15,30,20,30,20,35,30,35,30,40
30d01h02m-30d01h40m:05,20,05,35
30d02h44m-30d04h44m:50,10,55,10,55,25
30d06h35m-30d08h21m:25,25,30,25,30,30,35,30
30d07h16m-30d09h19m:05,20,05,35
30d07h35m-30d08h31m:15,40,27,40
30d08h25m-30d11h45m:15,03,22,03,22,08,37,08,37,12
30d08h44m-30d11h48m:15,10,30,10,30,18
30d09h55m-30d12h13m:42,08,42,15,47,15,47,27,55,27
30d11h24m-30d14h58m:15,40,27,40
30d15h46m-30d17h07m:15,10,30,10,30,18
30d18h35m-30d19h34m:10,20,40,20,40,35
30d18h43m-30d21h14m:50,10,55,10,55,25
30d20h34m-30d22h54m:15,40,27,40
30d21h51m-31d01h17m:67,37,67,22
31d02h53m-31d03h56m:42,08,42,15,47,15,47,27,55,27
31d04h08m-31d06h31m:57,30,57,45
31d04h10m-31d06h39m:08,03,08,23,20,23
31d08h37m-31d10h48m:67,37,67,22
31d09h07m-31d12h47m:10,20,40,20,40,35
31d11h24m-31d14h41m:60,10,60,25
31d12h17m-31d14h42m:67,37,67,22
31d12h37m-31d13h26m:05,20,05,35
31d13h05m-31d14h07m:25,45,45,45,45,40
31d13h59m-31d17h03m:15,40,27,40
31d21h29m-31d23h59m:15,25,15,30,20,30,20,35,30,35,30,40
