01d00h11m-01d04h00m:15,40,27,40
01d02h45m-01d03h55m:08,03,08,23,20,23
01d02h53m-01d05h21m:57,30,57,45
01d02h54m-01d04h19m:42,08,42,15,47,15,47,27,55,27
01d04h56m-01d07h53m:25,25,30,25,30,30,35,30
01d05h33m-01d08h47m:10,20,40,20,40,35
01d07h15m-01d09h24m:57,30,57,45
01d08h10m-01d08h31m:17,15,25,15
01d08h58m-01d09h20m:60,10,60,25
01d09h36m-01d10h14m:05,20,05,35
01d10h13m-01d11h31m:60,10,60,25
01d13h54m-01d16h19m:15,10,30,10,30,18
01d14h29m-01d17h12m:17,15,25,15
01d16h35m-01d20h35m:15,40,27,40
01d16h50m-01d18h29m:17,15,25,15
01d18h01m-01d19h28m:57,30,57,45
01d21h09m-01d22h31m:60,10,60,25
01d21h19m-01d22h43m:60,10,60,25
01d22h26m-02d00h19m:50,10,55,10,55,25
02d00h14m-02d01h06m:50,10,55,10,55,25
02d01h34m-02d02h36m:25,45,45,45,45,40
02d01h57m-02d05h01m:05,20,05,35
02d03h03m-02d06h02m:15,03,22,03,22,08,37,08,37,12
02d03h23m-02d04h15m:50,10,55,10,55,25
02d04h10m-02d06h14m:60,10,60,25
02d07h11m-02d08h05m:05,20,05,35
02d11h12m-02d14h54m:50,10,55,10,55,25
02d11h29m-02d13h44m:15,03,22,03,22,08,37,08,37,12
02d12h09m-02d15h28m:25,45,45,45,45,40
02d12h39m-02d15h19m:15,40,27,40
02d12h42m-02d15h22m:57,30,57,45
02d13h20m-02d16h37m:60,10,60,25
02d16h06m-02d18h19m:25,25,30,25,30,30,35,30
02d17h30m-02d21h15m:67,37,67,22
02d20h02m-02d23h09m:05,20,05,35
02d21h13m-02d21h43m:57,30,57,45
02d21h43m-02d23h09m:17,15,25,15
02d22h31m-02d22h47m:17,15,25,15
02d23h53m-03d02h20m:17,15,25,15
03d00h05m-03d01h23m:15,10,30,10,30,18
03d04h34m-03d05h04m:15,40,27,40
03d06h28m-03d07h03m:15,40,27,40
03d10h46m-03d13h32m:57,30,57,45
03d14h57m-03d15h46m:15,10,30,10,30,18
03d15h37m-03d18h28m:60,10,60,25
03d16h55m-03d20h32m:57,30,57,45
03d17h12m-03d18h51m:57,30,57,45
03d22h05m-03d23h12m:17,15,25,15
03d22h14m-04d00h18m:05,20,05,35
04d00h30m-04d02h42m:17,15,25,15
04d01h07m-04d02h04m:05,20,05,35
04d02h01m-04d05h18m:42,08,42,15,47,15,47,27,55,27
04d02h33m-04d03h26m:15,40,27,40
04d02h49m-04d05h58m:05,20,05,35
04d02h51m-04d04h53m:10,20,40,20,40,35
04d03h31m-04d03h49m:60,10,60,25
04d04h48m-04d08h37m:50,10,55,10,55,25
04d06h40m-04d07h53m:15,10,30,10,30,18
04d07h09m-04d08h58m:25,45,45,45,45,40
04d09h15m-04d12h57m:08,03,08,23,20,23
04d10h42m-04d13h35m:25,25,30,25,30,30,35,30
04d11h28m-04d14h29m:15,40,27,40
04d12h33m-04d14h57m:05,20,05,35
04d12h46m-04d13h48m:10,20,40,20,40,35
04d12h58m-04d14h05m:15,03,22,03,22,08,37,08,37,12
04d13h50m-04d14h33m:08,03,08,23,20,23
04d17h54m-04d20h23m:25,25,30,25,30,30,35,30
04d19h21m-04d21h13m:42,08,42,15,47,15,47,27,55,27
05d00h11m-05d03h23m:60,10,60,25
05d00h31m-05d01h41m:08,03,08,23,20,23
05d01h12m-05d05h10m:15,03,22,03,22,08,37,08,37,12
05d01h20m-05d05h20m:25,45,45,45,45,40
05d02h18m-05d05h40m:17,15,25,15
05d02h31m-05d06h24m:60,10,60,25
05d03h08m-05d04h28m:08,03,08,23,20,23
05d05h10m-05d08h25m:25,45,45,45,45,40
05d06h51m-05d10h22m:08,03,08,23,20,23
05d08h38m-05d10h05m:25,25,30,25,30,30,35,30
05d08h42m-05d12h02m:17,15,25,15
05d12h20m-05d14h08m:10,20,40,20,40,35
05d12h50m-05d14h57m:15,25,15,30,20,30,20,35,30,35,30,40
05d16h53m-05d20h42m:05,20,05,35
05d17h34m-05d17h56m:17,15,25,15
05d18h59m-05d21h09m:25,45,45,45,45,40
05d19h11m-05d21h35m:08,03,08,23,20,23
05d22h35m-06d00h26m:60,10,60,25
06d00h07m-06d00h37m:25,45,45,45,45,40
06d00h33m-06d02h56m:25,45,45,45,45,40
06d00h48m-06d04h08m:50,10,55,10,55,25
06d01h02m-06d04h13m:15,25,15,30,20,30,20,35,30,35,30,40
06d01h38m-06d03h14m:05,20,05,35
06d01h41m-06d01h57m:15,03,22,03,22,08,37,08,37,12
06d01h55m-06d03h00m:15,25,15,30,20,30,20,35,30,35,30,40
06d03h16m-06d05h01m:57,30,57,45
06d04h01m-06d07h16m:67,37,67,22
06d06h42m-06d09h53m:15,10,30,10,30,18
06d09h12m-06d11h19m:50,10,55,10,55,25
06d09h15m-06d10h11m:15,25,15,30,20,30,20,35,30,35,30,40
06d09h34m-06d12h17m:60,10,60,25
06d10h05m-06d12h14m:25,25,30,25,30,30,35,30
06d11h49m-06d12h58m:57,30,57,45
06d13h13m-06d17h12m:17,15,25,15
06d20h30m-06d22h56m:50,10,55,10,55,25
06d20h34m-07d00h17m:42,08,42,15,47,15,47,27,55,27
06d21h12m-06d23h59m:15,40,27,40
06d23h16m-07d02h27m:50,10,55,10,55,25
06d23h42m-07d03h10m:05,20,05,35
07d00h36m-07d02h06m:60,10,60,25
07d00h45m-07d02h17m:57,30,57,45
07d06h23m-07d09h59m:08,03,08,23,20,23
07d06h39m-07d07h26m:15,25,15,30,20,30,20,35,30,35,30,40
07d08h09m-07d10h58m:05,20,05,35
07d09h14m-07d12h13m:25,45,45,45,45,40
07d11h13m-07d14h14m:25,25,30,25,30,30,35,30
07d16h08m-07d18h20m:15,25,15,30,20,30,20,35,30,35,30,40
07d17h03m-07d19h03m:50,10,55,10,55,25
07d20h48m-07d22h50m:50,10,55,10,55,25
07d23h05m-08d03h01m:08,03,08,23,20,23
07d23h54m-08d01h08m:25,45,45,45,45,40
08d00h22m-08d04h06m:08,03,08,23,20,23
08d01h37m-08d05h13m:57,30,57,45
08d01h43m-08d02h34m:10,20,40,20,40,35
08d01h45m-08d05h10m:50,10,55,10,55,25
08d03h50m-08d05h48m:67,37,67,22
08d06h06m-08d09h09m:15,03,22,03,22,08,37,08,37,12
08d06h34m-08d06h59m:10,20,40,20,40,35
08d06h47m-08d07h14m:17,15,25,15
08d07h26m-08d10h31m:25,45,45,45,45,40
08d08h44m-08d09h23m:15,03,22,03,22,08,37,08,37,12
08d08h49m-08d11h43m:25,25,30,25,30,30,35,30
08d09h11m-08d09h35m:08,03,08,23,20,23
08d10h13m-08d11h21m:17,15,25,15
08d11h53m-08d14h16m:15,10,30,10,30,18
08d12h22m-08d15h12m:17,15,25,15
08d12h56m-08d16h13m:60,10,60,25
08d13h18m-08d15h13m:25,25,30,25,30,30,35,30
08d14h42m-08d16h50m:60,10,60,25
08d17h01m-08d18h29m:25,25,30,25,30,30,35,30
08d18h05m-08d20h27m:25,25,30,25,30,30,35,30
08d18h37m-08d21h16m:25,45,45,45,45,40
08d19h06m-08d21h29m:15,03,22,03,22,08,37,08,37,12
08d19h55m-08d20h19m:60,10,60,25
08d20h07m-08d23h17m:15,25,15,30,20,30,20,35,30,35,30,40
08d21h25m-08d22h36m:25,45,45,45,45,40
08d21h25m-08d23h24m:15,25,15,30,20,30,20,35,30,35,30,40
08d23h21m-09d02h59m:15,10,30,10,30,18
09d02h33m-09d05h06m:10,20,40,20,40,35
09d03h11m-09d07h11m:25,25,30,25,30,30,35,30
09d06h30m-09d10h06m:10,20,40,20,40,35
09d06h58m-09d10h12m:15,25,15,30,20,30,20,35,30,35,30,40
09d09h37m-09d11h20m:08,03,08,23,20,23
09d10h21m-09d11h00m:10,20,40,20,40,35
09d13h28m-09d14h08m:05,20,05,35
09d14h06m-09d14h59m:15,25,15,30,20,30,20,35,30,35,30,40
09d14h10m-09d16h01m:60,10,60,25
09d16h43m-09d18h58m:60,10,60,25
09d17h18m-09d17h59m:50,10,55,10,55,25
09d18h37m-09d20h42m:42,08,42,15,47,15,47,27,55,27
09d22h54m-10d01h12m:25,25,30,25,30,30,35,30
09d23h02m-10d00h47m:15,10,30,10,30,18
09d23h05m-10d02h13m:15,40,27,40
10d01h16m-10d02h21m:15,40,27,40
10d01h18m-10d03h01m:08,03,08,23,20,23
10d02h13m-10d04h46m:15,10,30,10,30,18
10d02h15m-10d04h39m:57,30,57,45
10d04h15m-10d07h16m:25,25,30,25,30,30,35,30
10d04h25m-10d08h22m:60,10,60,25
10d04h34m-10d05h58m:15,03,22,03,22,08,37,08,37,12
10d06h39m-10d07h55m:50,10,55,10,55,25
10d07h19m-10d09h00m:10,20,40,20,40,35
10d07h21m-10d07h55m:60,10,60,25
10d11h40m-10d15h22m:15,10,30,10,30,18
10d11h46m-10d15h27m:25,25,30,25,30,30,35,30
10d12h49m-10d16h34m:08,03,08,23,20,23
10d13h27m-10d15h52m:25,45,45,45,45,40
10d16h10m-10d18h21m:15,25,15,30,20,30,20,35,30,35,30,40
10d18h42m-10d21h51m:25,25,30,25,30,30,35,30
10d19h05m-10d19h33m:42,08,42,15,47,15,47,27,55,27
10d19h26m-10d23h08m:17,15,25,15
10d19h56m-10d21h17m:25,25,30,25,30,30,35,30
10d21h09m-10d21h24m:08,03,08,23,20,23
10d21h11m-11d00h53m:57,30,57,45
10d21h17m-10d22h38m:05,20,05,35
10d23h50m-11d00h06m:05,20,05,35
11d01h17m-11d04h58m:17,15,25,15
11d01h23m-11d03h04m:50,10,55,10,55,25
11d01h35m-11d01h53m:05,20,05,35
11d02h04m-11d03h06m:60,10,60,25
11d03h39m-11d04h38m:60,10,60,25
11d04h17m-11d06h03m:15,25,15,30,20,30,20,35,30,35,30,40
11d04h28m-11d06h34m:15,10,30,10,30,18
11d05h00m-11d08h05m:15,10,30,10,30,18
11d07h27m-11d08h43m:15,40,27,40
11d08h28m-11d09h18m:25,25,30,25,30,30,35,30
11d08h58m-11d11h54m:15,03,22,03,22,08,37,08,37,12
11d09h21m-11d10h29m:10,20,40,20,40,35
11d09h39m-11d11h06m:25,25,30,25,30,30,35,30
11d09h47m-11d13h45m:25,45,45,45,45,40
11d10h40m-11d12h42m:15,03,22,03,22,08,37,08,37,12
11d11h03m-11d13h30m:25,25,30,25,30,30,35,30
11d12h20m-11d16h03m:67,37,67,22
11d15h10m-11d15h31m:25,45,45,45,45,40
11d15h21m-11d16h30m:15,10,30,10,30,18
11d16h03m-11d20h02m:15,40,27,40
11d17h04m-11d17h29m:10,20,40,20,40,35
11d19h13m-11d19h35m:25,25,30,25,30,30,35,30
11d20h42m-11d22h02m:15,25,15,30,20,30,20,35,30,35,30,40
11d21h15m-11d23h38m:57,30,57,45
11d21h46m-12d00h35m:05,20,05,35
11d22h34m-12d00h15m:15,03,22,03,22,08,37,08,37,12
11d23h30m-12d00h58m:10,20,40,20,40,35
12d00h29m-12d01h21m:15,03,22,03,22,08,37,08,37,12
12d02h14m-12d05h37m:50,10,55,10,55,25
12d02h28m-12d03h55m:50,10,55,10,55,25
12d10h00m-12d11h47m:15,40,27,40
12d10h37m-12d12h17m:15,03,22,03,22,08,37,08,37,12
12d11h46m-12d15h00m:60,10,60,25
12d12h36m-12d16h09m:05,20,05,35
12d14h17m-12d16h42m:15,10,30,10,30,18
12d16h52m-12d18h49m:17,15,25,15
12d21h01m-12d23h24m:10,20,40,20,40,35
12d23h30m-13d01h19m:25,25,30,25,30,30,35,30
13d04h46m-13d07h51m:42,08,42,15,47,15,47,27,55,27
13d07h40m-13d11h07m:08,03,08,23,20,23
13d13h38m-13d14h28m:25,45,45,45,45,40
13d14h22m-13d15h52m:10,20,40,20,40,35
13d15h33m-13d16h42m:05,20,05,35
13d15h35m-13d17h00m:15,40,27,40
13d17h25m-13d17h47m:42,08,42,15,47,15,47,27,55,27
13d18h30m-13d22h28m:15,25,15,30,20,30,20,35,30,35,30,40
13d19h10m-13d22h57m:15,03,22,03,22,08,37,08,37,12
13d21h00m-14d00h42m:05,20,05,35
13d21h18m-14d00h41m:15,10,30,10,30,18
13d23h10m-14d00h13m:60,10,60,25
14d02h14m-14d06h05m:25,25,30,25,30,30,35,30
14d03h19m-14d05h07m:15,25,15,30,20,30,20,35,30,35,30,40
14d08h33m-14d11h49m:25,45,45,45,45,40
14d08h47m-14d11h35m:60,10,60,25
14d09h57m-14d13h21m:50,10,55,10,55,25
14d10h20m-14d13h53m:15,03,22,03,22,08,37,08,37,12
14d10h48m-14d14h29m:17,15,25,15
14d12h38m-14d16h25m:15,40,27,40
14d14h42m-14d15h16m:15,40,27,40
14d14h50m-14d16h06m:25,45,45,45,45,40
14d17h05m-14d17h57m:25,45,45,45,45,40
14d17h49m-14d18h48m:05,20,05,35
14d18h48m-14d21h07m:42,08,42,15,47,15,47,27,55,27
14d21h23m-15d01h08m:25,25,30,25,30,30,35,30
14d23h50m-15d02h58m:50,10,55,10,55,25
15d00h48m-15d04h25m:15,03,22,03,22,08,37,08,37,12
15d02h06m-15d05h36m:05,20,05,35
15d02h48m-15d05h35m:15,03,22,03,22,08,37,08,37,12
15d04h20m-15d06h50m:15,25,15,30,20,30,20,35,30,35,30,40
15d04h23m-15d04h44m:57,30,57,45
15d08h09m-15d11h43m:50,10,55,10,55,25
15d08h10m-15d08h32m:15,40,27,40
15d09h13m-15d12h36m:17,15,25,15
15d10h01m-15d13h24m:25,45,45,45,45,40
15d14h03m-15d14h36m:17,15,25,15
15d14h19m-15d15h22m:60,10,60,25
15d15h13m-15d18h04m:15,03,22,03,22,08,37,08,37,12
15d15h30m-15d16h32m:10,20,40,20,40,35
15d16h35m-15d17h01m:10,20,40,20,40,35
15d18h40m-15d19h44m:15,03,22,03,22,08,37,08,37,12
15d20h57m-15d21h40m:25,25,30,25,30,30,35,30
15d21h02m-15d22h47m:25,45,45,45,45,40
15d22h07m-15d23h05m:42,08,42,15,47,15,47,27,55,27
15d23h46m-16d02h55m:67,37,67,22
16d00h12m-16d00h53m:15,25,15,30,20,30,20,35,30,35,30,40
16d02h13m-16d02h56m:08,03,08,23,20,23
16d03h08m-16d03h28m:25,25,30,25,30,30,35,30
16d05h38m-16d07h21m:25,25,30,25,30,30,35,30
16d07h50m-16d10h50m:57,30,57,45
16d09h10m-16d12h13m:25,25,30,25,30,30,35,30
16d09h20m-16d10h51m:50,10,55,10,55,25
16d15h03m-16d16h35m:42,08,42,15,47,15,47,27,55,27
16d15h46m-16d17h37m:60,10,60,25
16d17h12m-16d19h26m:42,08,42,15,47,15,47,27,55,27
16d17h16m-16d18h17m:08,03,08,23,20,23
16d19h09m-16d21h52m:15,25,15,30,20,30,20,35,30,35,30,40
16d19h36m-16d20h04m:25,25,30,25,30,30,35,30
16d19h56m-16d21h29m:57,30,57,45
16d21h01m-17d00h02m:15,40,27,40
16d22h06m-17d01h34m:05,20,05,35
16d22h59m-17d01h19m:15,40,27,40
16d23h27m-17d00h47m:15,10,30,10,30,18
17d00h56m-17d03h04m:67,37,67,22
17d07h19m-17d10h44m:60,10,60,25
17d07h39m-17d08h17m:15,03,22,03,22,08,37,08,37,12
17d08h41m-17d11h40m:25,25,30,25,30,30,35,30
17d10h55m-17d13h21m:15,40,27,40
17d13h41m-17d16h04m:10,20,40,20,40,35
17d14h58m-17d15h45m:42,08,42,15,47,15,47,27,55,27
17d19h20m-17d21h48m:42,08,42,15,47,15,47,27,55,27
17d20h33m-17d22h54m:10,20,40,20,40,35
17d20h56m-18d00h26m:67,37,67,22
17d21h32m-17d23h29m:57,30,57,45
17d23h08m-18d00h59m:42,08,42,15,47,15,47,27,55,27
18d00h30m-18d00h57m:25,25,30,25,30,30,35,30
18d03h18m-18d05h16m:67,37,67,22
18d05h41m-18d06h20m:57,30,57,45
18d09h51m-18d10h08m:17,15,25,15
18d10h38m-18d13h07m:17,15,25,15
18d11h31m-18d11h54m:15,25,15,30,20,30,20,35,30,35,30,40
18d12h47m-18d16h06m:57,30,57,45
18d14h42m-18d15h43m:15,03,22,03,22,08,37,08,37,12
18d17h18m-18d18h19m:50,10,55,10,55,25
18d17h42m-18d20h40m:67,37,67,22
18d19h07m-18d19h35m:15,10,30,10,30,18
18d21h17m-18d22h58m:15,10,30,10,30,18
18d21h52m-19d00h00m:08,03,08,23,20,23
18d22h13m-18d23h02m:60,10,60,25
18d22h31m-19d02h17m:42,08,42,15,47,15,47,27,55,27
18d22h36m-18d23h37m:42,08,42,15,47,15,47,27,55,27
19d01h10m-19d02h18m:17,15,25,15
19d03h53m-19d05h28m:15,10,30,10,30,18
19d05h02m-19d06h39m:60,10,60,25
19d05h57m-19d07h13m:15,03,22,03,22,08,37,08,37,12
19d06h12m-19d09h55m:57,30,57,45
19d06h50m-19d09h50m:15,10,30,10,30,18
19d07h24m-19d11h18m:15,03,22,03,22,08,37,08,37,12
19d09h02m-19d11h15m:50,10,55,10,55,25
19d09h02m-19d12h23m:50,10,55,10,55,25
19d09h04m-19d10h39m:15,10,30,10,30,18
19d09h14m-19d12h58m:15,03,22,03,22,08,37,08,37,12
19d14h41m-19d15h34m:25,25,30,25,30,30,35,30
19d15h23m-19d18h09m:17,15,25,15
19d16h11m-19d16h29m:25,45,45,45,45,40
19d16h29m-19d18h08m:57,30,57,45
19d16h42m-19d19h41m:10,20,40,20,40,35
19d17h51m-19d20h03m:10,20,40,20,40,35
19d17h59m-19d18h28m:15,10,30,10,30,18
19d17h59m-19d20h25m:42,08,42,15,47,15,47,27,55,27
19d20h29m-19d23h20m:25,25,30,25,30,30,35,30
19d23h42m-20d03h01m:67,37,67,22
20d00h44m-20d01h30m:25,25,30,25,30,30,35,30
20d00h51m-20d02h29m:50,10,55,10,55,25
20d03h22m-20d06h45m:42,08,42,15,47,15,47,27,55,27
20d04h27m-20d06h04m:60,10,60,25
20d07h13m-20d09h37m:17,15,25,15
20d10h30m-20d11h03m:05,20,05,35
20d12h52m-20d14h55m:25,45,45,45,45,40
20d13h31m-20d15h05m:42,08,42,15,47,15,47,27,55,27
20d15h43m-20d16h01m:60,10,60,25
20d16h15m-20d20h12m:42,08,42,15,47,15,47,27,55,27
20d18h55m-20d19h38m:42,08,42,15,47,15,47,27,55,27
20d21h10m-21d00h11m:57,30,57,45
21d01h37m-21d04h26m:60,10,60,25
21d01h57m-21d02h37m:15,03,22,03,22,08,37,08,37,12
21d02h11m-21d04h49m:25,25,30,25,30,30,35,30
21d03h32m-21d05h45m:60,10,60,25
21d03h56m-21d05h13m:15,03,22,03,22,08,37,08,37,12
21d03h56m-21d07h34m:67,37,67,22
21d04h08m-21d06h30m:67,37,67,22
21d04h53m-21d05h37m:67,37,67,22
21d07h38m-21d08h28m:05,20,05,35
21d08h20m-21d11h00m:05,20,05,35
21d08h32m-21d11h11m:67,37,67,22
21d08h38m-21d12h21m:05,20,05,35
21d08h40m-21d10h54m:15,25,15,30,20,30,20,35,30,35,30,40
21d08h49m-21d09h31m:60,10,60,25
21d10h26m-21d11h23m:57,30,57,45
21d10h44m-21d13h39m:57,30,57,45
21d12h41m-21d13h44m:15,25,15,30,20,30,20,35,30,35,30,40
21d13h07m-21d14h32m:05,20,05,35
21d13h23m-21d15h43m:42,08,42,15,47,15,47,27,55,27
21d14h51m-21d16h50m:15,03,22,03,22,08,37,08,37,12
21d15h37m-21d17h00m:25,45,45,45,45,40
21d17h04m-21d19h25m:17,15,25,15
21d19h05m-21d22h56m:15,25,15,30,20,30,20,35,30,35,30,40
21d19h28m-21d20h39m:25,45,45,45,45,40
21d19h43m-21d23h30m:42,08,42,15,47,15,47,27,55,27
21d19h47m-21d22h15m:15,10,30,10,30,18
21d21h37m-21d23h29m:50,10,55,10,55,25
21d22h34m-22d00h38m:25,25,30,25,30,30,35,30
21d22h44m-21d23h15m:57,30,57,45
22d03h40m-22d05h35m:15,03,22,03,22,08,37,08,37,12
22d03h50m-22d06h39m:57,30,57,45
22d06h56m-22d07h47m:57,30,57,45
22d11h42m-22d11h57m:15,10,30,10,30,18
22d12h56m-22d15h54m:17,15,25,15
22d13h21m-22d13h39m:10,20,40,20,40,35
22d14h21m-22d18h00m:15,10,30,10,30,18
22d17h17m-22d18h57m:25,45,45,45,45,40
22d20h50m-23d00h25m:25,45,45,45,45,40
22d23h51m-23d01h03m:50,10,55,10,55,25
23d00h08m-23d02h35m:42,08,42,15,47,15,47,27,55,27
23d00h28m-23d03h31m:17,15,25,15
23d03h39m-23d04h51m:17,15,25,15
23d04h07m-23d05h07m:08,03,08,23,20,23
23d07h37m-23d09h09m:05,20,05,35
23d07h43m-23d10h10m:08,03,08,23,20,23
23d07h48m-23d10h25m:50,10,55,10,55,25
23d08h13m-23d11h58m:15,03,22,03,22,08,37,08,37,12
23d08h41m-23d12h08m:25,45,45,45,45,40
23d09h09m-23d10h17m:08,03,08,23,20,23
23d09h57m-23d13h26m:67,37,67,22
23d11h10m-23d13h06m:08,03,08,23,20,23
23d12h32m-23d14h09m:08,03,08,23,20,23
23d12h59m-23d14h36m:42,08,42,15,47,15,47,27,55,27
23d13h28m-23d15h19m:17,15,25,15
23d13h45m-23d16h59m:05,20,05,35
23d15h33m-23d17h02m:15,40,27,40
23d17h21m-23d21h18m:10,20,40,20,40,35
23d18h01m-23d18h49m:08,03,08,23,20,23
23d18h34m-23d21h16m:67,37,67,22
23d20h39m-23d23h08m:25,45,45,45,45,40
23d20h40m-23d23h02m:15,03,22,03,22,08,37,08,37,12
23d22h40m-23d23h47m:25,45,45,45,45,40
23d23h19m-24d02h03m:50,10,55,10,55,25
23d23h39m-24d02h08m:15,10,30,10,30,18
23d23h46m-24d02h24m:60,10,60,25
23d23h50m-24d00h53m:08,03,08,23,20,23
24d03h53m-24d05h30m:15,10,30,10,30,18
24d05h07m-24d07h18m:25,25,30,25,30,30,35,30
24d05h16m-24d05h41m:15,40,27,40
24d06h31m-24d09h46m:15,40,27,40
24d08h39m-24d11h48m:15,03,22,03,22,08,37,08,37,12
24d09h06m-24d11h02m:15,25,15,30,20,30,20,35,30,35,30,40
24d11h30m-24d14h00m:60,10,60,25
24d14h59m-24d17h53m:15,10,30,10,30,18
24d16h09m-24d19h48m:25,45,45,45,45,40
24d18h15m-24d21h08m:50,10,55,10,55,25
24d18h58m-24d19h23m:17,15,25,15
24d20h53m-24d21h25m:50,10,55,10,55,25
24d22h21m-25d01h33m:08,03,08,23,20,23
24d22h46m-25d01h41m:67,37,67,22
25d05h25m-25d08h38m:15,10,30,10,30,18
25d05h28m-25d08h10m:25,25,30,25,30,30,35,30
25d08h08m-25d09h18m:42,08,42,15,47,15,47,27,55,27
25d08h16m-25d08h53m:08,03,08,23,20,23
25d08h32m-25d11h42m:15,40,27,40
25d08h40m-25d09h21m:25,45,45,45,45,40
25d09h47m-25d10h21m:25,45,45,45,45,40
25d11h04m-25d13h02m:08,03,08,23,20,23
25d11h49m-25d12h06m:15,40,27,40
25d15h19m-25d17h23m:15,25,15,30,20,30,20,35,30,35,30,40
25d17h29m-25d17h54m:57,30,57,45
25d21h51m-25d22h47m:15,03,22,03,22,08,37,08,37,12
25d22h06m-26d01h15m:42,08,42,15,47,15,47,27,55,27
25d23h08m-26d00h47m:15,03,22,03,22,08,37,08,37,12
26d00h18m-26d03h11m:10,20,40,20,40,35
26d01h16m-26d02h05m:25,25,30,25,30,30,35,30
26d02h24m-26d06h13m:50,10,55,10,55,25
26d04h01m-26d05h09m:15,03,22,03,22,08,37,08,37,12
26d04h44m-26d05h52m:57,30,57,45
26d05h52m-26d06h31m:42,08,42,15,47,15,47,27,55,27
26d06h18m-26d10h01m:67,37,67,22
26d06h33m-26d07h44m:25,45,45,45,45,40
26d08h29m-26d09h18m:17,15,25,15
26d08h35m-26d09h11m:42,08,42,15,47,15,47,27,55,27
26d09h05m-26d11h09m:15,10,30,10,30,18
26d09h23m-26d11h23m:67,37,67,22
26d09h29m-26d12h08m:57,30,57,45
26d09h41m-26d12h50m:57,30,57,45
26d11h01m-26d12h59m:08,03,08,23,20,23
26d12h05m-26d13h14m:50,10,55,10,55,25
26d16h12m-26d17h18m:08,03,08,23,20,23
26d16h24m-26d18h20m:42,08,42,15,47,15,47,27,55,27
26d17h18m-26d17h55m:42,08,42,15,47,15,47,27,55,27
26d18h48m-26d19h08m:05,20,05,35
26d20h42m-27d00h36m:67,37,67,22
26d20h52m-26d21h13m:15,10,30,10,30,18
26d21h54m-27d01h48m:42,08,42,15,47,15,47,27,55,27
27d02h24m-27d03h24m:60,10,60,25
27d02h39m-27d04h00m:67,37,67,22
27d04h52m-27d05h36m:15,03,22,03,22,08,37,08,37,12
27d06h47m-27d08h38m:60,10,60,25
27d10h37m-27d14h09m:57,30,57,45
27d12h55m-27d13h32m:60,10,60,25
27d13h32m-27d15h20m:42,08,42,15,47,15,47,27,55,27
27d15h14m-27d17h03m:67,37,67,22
27d15h20m-27d18h41m:15,40,27,40
27d15h27m-27d18h31m:08,03,08,23,20,23
27d15h52m-27d16h52m:08,03,08,23,20,23
27d16h30m-27d18h31m:60,10,60,25
27d19h18m-27d22h39m:25,25,30,25,30,30,35,30
27d23h28m-28d00h40m:15,25,15,30,20,30,20,35,30,35,30,40
28d00h31m-28d04h15m:15,25,15,30,20,30,20,35,30,35,30,40
28d04h25m-28d04h48m:15,40,27,40
28d05h14m-28d08h08m:10,20,40,20,40,35
28d06h28m-28d07h45m:15,25,15,30,20,30,20,35,30,35,30,40
28d06h33m-28d07h06m:17,15,25,15
28d07h00m-28d08h50m:60,10,60,25
28d07h06m-28d10h11m:15,25,15,30,20,30,20,35,30,35,30,40
28d07h37m-28d11h36m:57,30,57,45
28d07h47m-28d09h30m:15,10,30,10,30,18
28d07h58m-28d09h57m:25,25,30,25,30,30,35,30
28d08h06m-28d11h23m:15,40,27,40
28d08h09m-28d09h39m:17,15,25,15
28d08h35m-28d10h50m:25,45,45,45,45,40
28d09h59m-28d10h16m:15,40,27,40
28d10h37m-28d12h12m:42,08,42,15,47,15,47,27,55,27
28d10h40m-28d11h26m:15,03,22,03,22,08,37,08,37,12
28d11h24m-28d12h49m:15,40,27,40
28d12h09m-28d12h43m:08,03,08,23,20,23
28d12h43m-28d14h52m:25,25,30,25,30,30,35,30
28d13h07m-28d13h53m:67,37,67,22
28d15h02m-28d18h34m:05,20,05,35
28d18h50m-28d21h25m:15,03,22,03,22,08,37,08,37,12
28d18h54m-28d21h42m:15,40,27,40
28d18h57m-28d19h38m:15,10,30,10,30,18
28d21h17m-28d21h48m:57,30,57,45
28d21h37m-28d22h18m:08,03,08,23,20,23
28d22h01m-29d01h44m:67,37,67,22
28d22h03m-29d01h49m:05,20,05,35
28d22h24m-28d23h27m:57,30,57,45
28d22h38m-28d23h20m:67,37,67,22
29d00h26m-29d01h25m:17,15,25,15
29d00h47m-29d04h12m:05,20,05,35
29d01h14m-29d04h18m:15,25,15,30,20,30,20,35,30,35,30,40
29d02h50m-29d06h42m:08,03,08,23,20,23
29d02h56m-29d03h28m:67,37,67,22
29d06h39m-29d07h25m:50,10,55,10,55,25
29d07h31m-29d11h00m:17,15,25,15
29d07h33m-29d08h29m:17,15,25,15
29d07h47m-29d08h26m:05,20,05,35
29d07h54m-29d09h51m:08,03,08,23,20,23
29d08h18m-29d10h47m:67,37,67,22
29d08h38m-29d12h33m:15,10,30,10,30,18
29d10h06m-29d12h29m:25,25,30,25,30,30,35,30
29d10h22m-29d12h07m:10,20,40,20,40,35
29d11h59m-29d15h04m:57,30,57,45
29d12h24m-29d14h20m:25,45,45,45,45,40
29d12h47m-29d13h28m:25,45,45,45,45,40
29d13h40m-29d15h56m:50,10,55,10,55,25
29d14h33m-29d15h07m:15,03,22,03,22,08,37,08,37,12
29d15h01m-29d18h15m:17,15,25,15
29d16h23m-29d20h06m:60,10,60,25
29d18h18m-29d19h44m:05,20,05,35
29d19h34m-29d22h51m:15,03,22,03,22,08,37,08,37,12
29d22h13m-29d22h29m:50,10,55,10,55,25
29d22h59m-30d02h35m:05,20,05,35
30d01h10m-30d03h05m:17,15,25,15
30d01h41m-30d05h24m:60,10,60,25
30d04h50m-30d06h33m:25,45,45,45,45,40
30d04h55m-30d07h56m:25,45,45,45,45,40
30d06h22m-30d07h08m:57,30,57,45
30d08h41m-30d12h00m:15,03,22,03,22,08,37,08,37,12
30d09h14m-30d11h34m:15,25,15,30,20,30,20,35,30,35,30,40
30d09h48m-30d10h23m:57,30,57,45
30d10h39m-30d12h31m:42,08,42,15,47,15,47,27,55,27
30d10h48m-30d12h20m:42,08,42,15,47,15,47,27,55,27
30d11h23m-30d12h23m:15,03,22,03,22,08,37,08,37,12
30d11h40m-30d12h11m:15,40,27,40
30d13h33m-30d17h07m:17,15,25,15
30d14h25m-30d16h07m:15,25,15,30,20,30,20,35,30,35,30,40
30d14h39m-30d17h28m:15,25,15,30,20,30,20,35,30,35,30,40
30d16h14m-30d17h14m:08,03,08,23,20,23
30d16h59m-30d17h56m:57,30,57,45
30d17h10m-30d18h45m:42,08,42,15,47,15,47,27,55,27
30d17h42m-30d20h43m:05,20,05,35
30d19h20m-30d20h01m:10,20,40,20,40,35
30d19h26m-30d23h01m:25,25,30,25,30,30,35,30
30d20h02m-30d21h07m:25,45,45,45,45,40
30d22h25m-30d23h10m:17,15,25,15
30d23h18m-31d02h40m:15,03,22,03,22,08,37,08,37,12
31d06h26m-31d08h21m:15,25,15,30,20,30,20,35,30,35,30,40
31d06h59m-31d07h54m:42,08,42,15,47,15,47,27,55,27
31d09h01m-31d10h29m:57,30,57,45
31d10h27m-31d11h59m:25,45,45,45,45,40
31d11h20m-31d13h20m:08,03,08,23,20,23
31d12h02m-31d16h01m:42,08,42,15,47,15,47,27,55,27
31d12h53m-31d13h44m:05,20,05,35
31d14h48m-31d18h31m:57,30,57,45
31d15h53m-31d16h28m:05,20,05,35
31d15h58m-31d16h48m:15,03,22,03,22,08,37,08,37,12
31d16h47m-31d17h09m:57,30,57,45
31d17h48m-31d21h32m:15,03,22,03,22,08,37,08,37,12
31d17h54m-31d19h10m:15,25,15,30,20,30,20,35,30,35,30,40
31d20h26m-31d22h12m:05,20,05,35
31d21h28m-31d23h26m:67,37,67,22
31d22h50m-31d23h13m:15,10,30,10,30,18
