01d00h00m-01d03h49m:67,37,67,22
01d00h13m-01d03h57m:67,37,67,22
01d01h58m-01d03h10m:15,40,27,40
01d02h10m-01d04h31m:25,45,45,45,45,40
01d03h29m-01d05h23m:15,10,30,10,30,18
01d07h12m-01d08h57m:08,03,08,23,20,23
01d09h17m-01d11h48m:15,25,15,30,20,30,20,35,30,35,30,40
01d10h46m-01d12h44m:25,45,45,45,45,40
01d11h35m-01d12h19m:15,25,15,30,20,30,20,35,30,35,30,40
01d13h01m-01d13h17m:50,10,55,10,55,25
01d14h57m-01d18h02m:57,30,57,45
01d15h48m-01d17h55m:05,20,05,35
01d15h56m-01d17h57m:42,08,42,15,47,15,47,27,55,27
01d16h58m-01d19h42m:25,25,30,25,30,30,35,30
01d17h30m-01d19h46m:15,10,30,10,30,18
01d19h05m-01d22h51m:15,10,30,10,30,18
01d19h38m-01d22h25m:15,25,15,30,20,30,20,35,30,35,30,40
01d19h38m-01d22h37m:15,25,15,30,20,30,20,35,30,35,30,40
01d20h19m-01d22h42m:50,10,55,10,55,25
01d20h46m-01d23h27m:15,10,30,10,30,18
01d21h42m-02d00h00m:05,20,05,35
01d22h10m-02d00h20m:25,25,30,25,30,30,35,30
01d23h59m-02d00h31m:17,15,25,15
02d01h55m-02d04h20m:57,30,57,45
02d02h04m-02d03h14m:15,25,15,30,20,30,20,35,30,35,30,40
02d02h55m-02d04h09m:08,03,08,23,20,23
02d05h06m-02d07h07m:15,10,30,10,30,18
02d05h38m-02d08h03m:25,25,30,25,30,30,35,30
02d07h11m-02d08h50m:25,25,30,25,30,30,35,30
02d08h24m-02d09h46m:67,37,67,22
02d08h37m-02d11h26m:17,15,25,15
02d11h29m-02d13h00m:08,03,08,23,20,23
02d14h25m-02d17h38m:10,20,40,20,40,35
02d14h50m-02d15h27m:25,45,45,45,45,40
02d15h22m-02d16h19m:05,20,05,35
02d15h37m-02d16h24m:25,25,30,25,30,30,35,30
02d18h01m-02d20h44m:25,45,45,45,45,40
03d04h06m-03d04h48m:15,40,27,40
03d04h06m-03d07h22m:25,45,45,45,45,40
03d04h47m-03d06h55m:50,10,55,10,55,25
03d06h17m-03d08h59m:05,20,05,35
03d06h18m-03d07h03m:15,40,27,40
03d06h53m-03d10h03m:17,15,25,15
03d08h50m-03d11h54m:15,03,22,03,22,08,37,08,37,12
03d10h07m-03d11h27m:25,45,45,45,45,40
03d11h33m-03d13h09m:57,30,57,45
03d12h12m-03d13h02m:25,25,30,25,30,30,35,30
03d13h38m-03d15h18m:67,37,67,22
03d14h16m-03d16h14m:42,08,42,15,47,15,47,27,55,27
03d14h50m-03d18h34m:57,30,57,45
03d16h01m-03d18h41m:15,03,22,03,22,08,37,08,37,12
03d20h01m-03d20h57m:17,15,25,15
03d20h42m-03d23h43m:15,10,30,10,30,18
03d22h07m-03d23h23m:60,10,60,25
03d22h21m-03d23h58m:67,37,67,22
03d22h33m-04d02h08m:25,45,45,45,45,40
03d22h52m-04d02h01m:25,45,45,45,45,40
03d23h48m-04d01h03m:57,30,57,45
04d00h54m-04d03h33m:57,30,57,45
04d01h09m-04d02h25m:05,20,05,35
04d01h39m-04d02h16m:25,45,45,45,45,40
04d01h39m-04d05h04m:08,03,08,23,20,23
04d02h39m-04d04h43m:60,10,60,25
04d11h20m-04d12h03m:05,20,05,35
04d14h30m-04d15h26m:15,10,30,10,30,18
04d18h17m-04d19h30m:10,20,40,20,40,35
04d18h35m-04d22h09m:10,20,40,20,40,35
04d18h43m-04d20h02m:25,45,45,45,45,40
04d19h21m-04d21h36m:10,20,40,20,40,35
05d00h15m-05d02h07m:60,10,60,25
05d01h23m-05d02h00m:17,15,25,15
05d03h22m-05d05h26m:15,25,15,30,20,30,20,35,30,35,30,40
05d03h32m-05d04h42m:15,10,30,10,30,18
05d04h17m-05d06h20m:25,45,45,45,45,40
05d04h26m-05d05h49m:42,08,42,15,47,15,47,27,55,27
05d07h32m-05d10h41m:57,30,57,45
05d07h46m-05d10h45m:15,03,22,03,22,08,37,08,37,12
05d07h49m-05d10h47m:50,10,55,10,55,25
05d08h12m-05d11h21m:08,03,08,23,20,23
05d09h42m-05d12h44m:05,20,05,35
05d10h02m-05d12h04m:15,25,15,30,20,30,20,35,30,35,30,40
05d10h08m-05d13h13m:25,25,30,25,30,30,35,30
05d10h51m-05d11h14m:25,45,45,45,45,40
05d11h13m-05d12h50m:08,03,08,23,20,23
05d11h48m-05d14h00m:17,15,25,15
05d12h09m-05d14h38m:05,20,05,35
05d13h12m-05d15h33m:08,03,08,23,20,23
05d13h23m-05d14h27m:15,03,22,03,22,08,37,08,37,12
05d13h44m-05d14h28m:57,30,57,45
05d15h03m-05d15h47m:50,10,55,10,55,25
05d15h51m-05d18h47m:50,10,55,10,55,25
05d16h47m-05d17h08m:57,30,57,45
05d19h13m-05d20h47m:15,25,15,30,20,30,20,35,30,35,30,40
05d21h14m-05d22h10m:15,10,30,10,30,18
05d21h23m-06d00h28m:15,03,22,03,22,08,37,08,37,12
05d23h00m-06d00h15m:05,20,05,35
05d23h28m-06d02h41m:57,30,57,45
05d23h52m-06d03h18m:50,10,55,10,55,25
06d03h25m-06d05h52m:60,10,60,25
06d03h45m-06d05h59m:15,10,30,10,30,18
06d03h48m-06d04h25m:15,25,15,30,20,30,20,35,30,35,30,40
06d05h12m-06d07h34m:10,20,40,20,40,35
06d05h23m-06d08h06m:67,37,67,22
06d06h07m-06d09h50m:15,10,30,10,30,18
06d08h14m-06d09h36m:05,20,05,35
06d09h01m-06d12h30m:08,03,08,23,20,23
06d11h29m-06d12h26m:05,20,05,35
06d11h54m-06d15h23m:50,10,55,10,55,25
06d18h07m-06d19h14m:15,03,22,03,22,08,37,08,37,12
06d18h16m-06d20h33m:42,08,42,15,47,15,47,27,55,27
06d19h23m-06d21h17m:15,25,15,30,20,30,20,35,30,35,30,40
06d19h58m-06d23h18m:10,20,40,20,40,35
07d00h32m-07d03h43m:57,30,57,45
07d01h28m-07d04h46m:17,15,25,15
07d01h32m-07d04h12m:15,40,27,40
07d03h18m-07d04h29m:17,15,25,15
07d03h23m-07d05h05m:50,10,55,10,55,25
07d04h13m-07d06h35m:25,45,45,45,45,40
07d04h58m-07d07h13m:67,37,67,22
07d05h10m-07d06h36m:15,03,22,03,22,08,37,08,37,12
07d05h32m-07d09h23m:15,40,27,40
07d06h55m-07d07h56m:25,45,45,45,45,40
07d07h51m-07d08h36m:08,03,08,23,20,23
07d08h45m-07d09h05m:10,20,40,20,40,35
07d08h58m-07d12h19m:10,20,40,20,40,35
07d10h00m-07d13h07m:25,25,30,25,30,30,35,30
07d10h23m-07d11h58m:17,15,25,15
07d10h25m-07d13h23m:25,45,45,45,45,40
07d18h50m-07d19h42m:57,30,57,45
07d19h28m-07d22h14m:15,40,27,40
07d19h34m-07d21h05m:15,25,15,30,20,30,20,35,30,35,30,40
07d19h55m-07d23h14m:60,10,60,25
07d20h54m-08d00h01m:57,30,57,45
07d21h10m-07d22h08m:25,45,45,45,45,40
07d21h10m-07d22h18m:08,03,08,23,20,23
07d21h11m-08d00h27m:67,37,67,22
07d21h38m-07d23h45m:15,25,15,30,20,30,20,35,30,35,30,40
07d22h38m-08d01h50m:15,40,27,40
07d23h16m-08d02h52m:57,30,57,45
07d23h31m-08d02h07m:15,40,27,40
08d00h23m-08d02h48m:60,10,60,25
08d01h03m-08d02h15m:42,08,42,15,47,15,47,27,55,27
08d01h08m-08d05h03m:25,25,30,25,30,30,35,30
08d02h12m-08d04h17m:25,45,45,45,45,40
08d04h05m-08d04h58m:25,45,45,45,45,40
08d09h09m-08d12h45m:42,08,42,15,47,15,47,27,55,27
08d11h04m-08d13h27m:50,10,55,10,55,25
08d11h30m-08d12h50m:08,03,08,23,20,23
08d13h39m-08d17h30m:08,03,08,23,20,23
08d13h57m-08d16h37m:42,08,42,15,47,15,47,27,55,27
08d14h12m-08d14h54m:05,20,05,35
08d15h04m-08d16h58m:42,08,42,15,47,15,47,27,55,27
08d16h37m-08d18h20m:67,37,67,22
08d16h48m-08d19h32m:15,40,27,40
08d17h55m-08d19h48m:17,15,25,15
08d17h58m-08d19h07m:60,10,60,25
08d18h54m-08d21h43m:60,10,60,25
08d19h17m-08d21h09m:15,40,27,40
08d19h51m-08d20h48m:25,25,30,25,30,30,35,30
08d20h56m-08d22h18m:15,40,27,40
08d21h11m-08d22h33m:25,45,45,45,45,40
08d21h29m-09d00h50m:08,03,08,23,20,23
08d22h24m-09d00h39m:17,15,25,15
08d23h56m-09d03h34m:15,25,15,30,20,30,20,35,30,35,30,40
09d00h39m-09d03h50m:42,08,42,15,47,15,47,27,55,27
09d00h43m-09d02h06m:25,25,30,25,30,30,35,30
09d01h16m-09d03h26m:17,15,25,15
09d02h45m-09d05h16m:67,37,67,22
09d06h02m-09d08h02m:10,20,40,20,40,35
09d06h50m-09d10h14m:57,30,57,45
09d08h53m-09d12h09m:25,25,30,25,30,30,35,30
09d09h12m-09d12h20m:25,45,45,45,45,40
09d10h20m-09d11h47m:15,25,15,30,20,30,20,35,30,35,30,40
09d10h27m-09d13h13m:17,15,25,15
09d11h24m-09d12h29m:15,25,15,30,20,30,20,35,30,35,30,40
09d13h02m-09d15h17m:15,40,27,40
09d15h05m-09d16h19m:67,37,67,22
09d15h23m-09d15h44m:15,40,27,40
09d16h02m-09d20h01m:57,30,57,45
09d16h53m-09d17h39m:10,20,40,20,40,35
10d00h10m-10d03h00m:05,20,05,35
10d00h47m-10d01h14m:25,25,30,25,30,30,35,30
10d00h55m-10d01h38m:08,03,08,23,20,23
10d02h05m-10d03h27m:60,10,60,25
10d04h17m-10d05h38m:05,20,05,35
10d04h23m-10d07h04m:60,10,60,25
10d04h25m-10d05h28m:57,30,57,45
10d05h10m-10d08h10m:17,15,25,15
10d06h43m-10d08h00m:67,37,67,22
10d07h01m-10d10h35m:10,20,40,20,40,35
10d07h39m-10d08h23m:67,37,67,22
10d08h07m-10d08h54m:42,08,42,15,47,15,47,27,55,27
10d08h10m-10d09h52m:15,10,30,10,30,18
10d08h20m-10d08h44m:15,10,30,10,30,18
10d09h45m-10d11h38m:42,08,42,15,47,15,47,27,55,27
10d10h02m-10d13h30m:10,20,40,20,40,35
10d11h13m-10d13h03m:60,10,60,25
10d11h22m-10d11h46m:15,10,30,10,30,18
10d11h28m-10d12h21m:08,03,08,23,20,23
10d12h27m-10d13h44m:67,37,67,22
10d13h19m-10d13h45m:42,08,42,15,47,15,47,27,55,27
10d15h51m-10d17h20m:57,30,57,45
10d16h37m-10d19h00m:17,15,25,15
10d20h09m-10d22h44m:05,20,05,35
10d21h01m-10d23h48m:15,10,30,10,30,18
11d01h54m-11d02h15m:05,20,05,35
11d02h00m-11d04h16m:15,40,27,40
11d02h28m-11d03h44m:25,45,45,45,45,40
11d04h33m-11d07h03m:15,40,27,40
11d06h20m-11d08h26m:10,20,40,20,40,35
11d08h59m-11d10h15m:25,25,30,25,30,30,35,30
11d09h06m-11d11h06m:60,10,60,25
11d11h43m-11d12h06m:05,20,05,35
11d16h34m-11d17h44m:25,45,45,45,45,40
11d19h40m-11d20h59m:08,03,08,23,20,23
11d22h19m-12d01h16m:08,03,08,23,20,23
12d00h49m-12d01h17m:15,40,27,40
12d01h51m-12d02h53m:15,40,27,40
12d04h25m-12d05h08m:15,03,22,03,22,08,37,08,37,12
12d05h33m-12d06h55m:15,40,27,40
12d07h17m-12d07h38m:25,45,45,45,45,40
12d07h45m-12d10h30m:67,37,67,22
12d10h21m-12d10h53m:17,15,25,15
12d13h04m-12d15h53m:25,45,45,45,45,40
12d14h24m-12d17h53m:15,40,27,40
12d14h27m-12d16h40m:08,03,08,23,20,23
12d15h19m-12d17h45m:50,10,55,10,55,25
12d23h12m-12d23h56m:15,40,27,40
12d23h29m-13d02h35m:67,37,67,22
13d00h23m-13d00h40m:15,40,27,40
13d01h03m-13d02h15m:10,20,40,20,40,35
13d01h15m-13d03h22m:57,30,57,45
13d01h22m-13d04h13m:15,10,30,10,30,18
13d02h17m-13d04h17m:25,25,30,25,30,30,35,30
13d02h53m-13d05h40m:25,45,45,45,45,40
13d08h49m-13d10h59m:15,25,15,30,20,30,20,35,30,35,30,40
13d09h01m-13d11h49m:15,40,27,40
13d09h42m-13d12h58m:15,10,30,10,30,18
13d11h29m-13d13h32m:15,10,30,10,30,18
13d13h04m-13d15h40m:42,08,42,15,47,15,47,27,55,27
13d15h22m-13d16h50m:67,37,67,22
13d18h01m-13d18h23m:42,08,42,15,47,15,47,27,55,27
13d21h49m-14d01h40m:25,25,30,25,30,30,35,30
14d00h28m-14d03h28m:57,30,57,45
14d01h47m-14d02h38m:05,20,05,35
14d03h03m-14d04h06m:15,25,15,30,20,30,20,35,30,35,30,40
14d03h55m-14d07h03m:57,30,57,45
14d05h26m-14d07h50m:15,10,30,10,30,18
14d07h50m-14d08h33m:10,20,40,20,40,35
14d09h31m-14d09h59m:25,25,30,25,30,30,35,30
14d11h51m-14d12h25m:67,37,67,22
14d12h59m-14d14h47m:60,10,60,25
14d14h40m-14d15h24m:17,15,25,15
14d16h16m-14d19h21m:25,25,30,25,30,30,35,30
14d16h27m-14d18h38m:15,40,27,40
14d17h38m-14d21h18m:67,37,67,22
14d19h11m-14d22h14m:50,10,55,10,55,25
14d21h28m-14d23h03m:10,20,40,20,40,35
14d21h31m-14d22h33m:25,25,30,25,30,30,35,30
14d23h08m-15d02h40m:05,20,05,35
14d23h42m-15d00h16m:15,03,22,03,22,08,37,08,37,12
15d01h37m-15d03h37m:67,37,67,22
15d02h14m-15d05h28m:15,40,27,40
15d05h22m-15d07h43m:50,10,55,10,55,25
15d08h11m-15d10h59m:15,03,22,03,22,08,37,08,37,12
15d09h51m-15d10h36m:15,03,22,03,22,08,37,08,37,12
15d10h40m-15d11h31m:05,20,05,35
15d12h45m-15d13h36m:08,03,08,23,20,23
15d13h53m-15d16h08m:05,20,05,35
15d14h38m-15d18h14m:25,25,30,25,30,30,35,30
15d15h06m-15d18h06m:15,10,30,10,30,18
15d15h55m-15d16h14m:50,10,55,10,55,25
15d17h54m-15d21h13m:25,45,45,45,45,40
15d18h18m-15d19h19m:50,10,55,10,55,25
15d21h45m-15d23h58m:10,20,40,20,40,35
15d22h32m-15d22h57m:42,08,42,15,47,15,47,27,55,27
15d23h56m-16d03h20m:15,40,27,40
16d00h48m-16d02h37m:25,45,45,45,45,40
16d03h19m-16d06h11m:10,20,40,20,40,35
16d04h37m-16d07h27m:08,03,08,23,20,23
16d04h41m-16d05h00m:08,03,08,23,20,23
16d06h18m-16d07h09m:42,08,42,15,47,15,47,27,55,27
16d08h44m-16d10h54m:57,30,57,45
16d10h13m-16d11h33m:05,20,05,35
16d11h37m-16d13h49m:05,20,05,35
16d11h47m-16d14h42m:60,10,60,25
16d12h10m-16d15h39m:57,30,57,45
16d18h38m-16d18h54m:15,40,27,40
17d00h18m-17d03h00m:50,10,55,10,55,25
17d00h45m-17d04h19m:15,40,27,40
17d04h05m-17d07h09m:17,15,25,15
17d04h56m-17d08h52m:25,45,45,45,45,40
17d05h54m-17d07h47m:50,10,55,10,55,25
17d06h19m-17d07h41m:57,30,57,45
17d06h48m-17d10h08m:42,08,42,15,47,15,47,27,55,27
17d08h49m-17d11h18m:67,37,67,22
17d08h56m-17d10h41m:05,20,05,35
17d10h38m-17d12h13m:67,37,67,22
17d11h35m-17d13h59m:57,30,57,45
17d13h00m-17d14h48m:25,25,30,25,30,30,35,30
17d13h38m-17d15h38m:50,10,55,10,55,25
17d14h34m-17d16h38m:57,30,57,45
17d14h57m-17d18h26m:25,45,45,45,45,40
17d15h34m-17d18h38m:42,08,42,15,47,15,47,27,55,27
17d16h11m-17d18h12m:67,37,67,22
17d17h08m-17d19h30m:15,03,22,03,22,08,37,08,37,12
17d20h19m-17d22h40m:25,25,30,25,30,30,35,30
17d21h45m-17d23h24m:60,10,60,25
17d22h56m-18d00h22m:05,20,05,35
17d22h57m-18d01h45m:10,20,40,20,40,35
17d23h29m-18d02h07m:17,15,25,15
17d23h44m-18d00h45m:17,15,25,15
18d00h13m-18d02h56m:57,30,57,45
18d00h35m-18d03h58m:08,03,08,23,20,23
18d01h49m-18d05h38m:15,25,15,30,20,30,20,35,30,35,30,40
18d04h03m-18d04h53m:15,03,22,03,22,08,37,08,37,12
18d04h34m-18d07h27m:05,20,05,35
18d05h41m-18d06h56m:10,20,40,20,40,35
18d05h52m-18d09h51m:50,10,55,10,55,25
18d06h40m-18d07h54m:25,25,30,25,30,30,35,30
18d07h07m-18d10h51m:17,15,25,15
18d07h18m-18d09h24m:50,10,55,10,55,25
18d08h32m-18d10h46m:08,03,08,23,20,23
18d08h43m-18d12h06m:50,10,55,10,55,25
18d10h02m-18d11h30m:05,20,05,35
18d10h19m-18d13h33m:42,08,42,15,47,15,47,27,55,27
18d10h33m-18d12h19m:17,15,25,15
18d12h04m-18d14h55m:15,03,22,03,22,08,37,08,37,12
18d12h11m-18d15h43m:15,40,27,40
18d14h02m-18d15h54m:05,20,05,35
18d14h13m-18d16h01m:15,25,15,30,20,30,20,35,30,35,30,40
18d14h34m-18d16h22m:60,10,60,25
18d15h06m-18d15h32m:50,10,55,10,55,25
18d17h52m-18d20h06m:25,25,30,25,30,30,35,30
18d18h51m-18d19h29m:67,37,67,22
18d19h30m-18d22h48m:15,40,27,40
18d19h44m-18d21h44m:25,45,45,45,45,40
18d19h53m-18d22h01m:15,40,27,40
18d21h02m-19d00h05m:25,45,45,45,45,40
18d22h33m-19d01h34m:10,20,40,20,40,35
19d00h09m-19d02h23m:67,37,67,22
19d02h14m-19d04h42m:50,10,55,10,55,25
19d02h43m-19d05h21m:17,15,25,15
19d03h18m-19d04h03m:57,30,57,45
19d03h18m-19d05h43m:15,25,15,30,20,30,20,35,30,35,30,40
19d03h53m-19d04h50m:67,37,67,22
19d06h21m-19d07h39m:60,10,60,25
19d06h25m-19d08h19m:08,03,08,23,20,23
19d06h35m-19d10h13m:57,30,57,45
19d06h38m-19d07h01m:25,45,45,45,45,40
19d06h57m-19d09h45m:57,30,57,45
19d08h23m-19d09h48m:15,25,15,30,20,30,20,35,30,35,30,40
19d10h36m-19d12h52m:42,08,42,15,47,15,47,27,55,27
19d12h10m-19d15h34m:60,10,60,25
19d12h53m-19d13h47m:25,25,30,25,30,30,35,30
19d13h29m-19d14h43m:42,08,42,15,47,15,47,27,55,27
19d17h04m-19d19h09m:10,20,40,20,40,35
19d19h51m-19d20h42m:57,30,57,45
19d19h59m-19d20h44m:50,10,55,10,55,25
19d21h26m-19d23h59m:05,20,05,35
19d22h53m-20d01h08m:10,20,40,20,40,35
19d23h48m-20d01h46m:67,37,67,22
20d00h04m-20d01h58m:25,25,30,25,30,30,35,30
20d01h47m-20d04h06m:67,37,67,22
20d02h38m-20d03h48m:57,30,57,45
20d02h59m-20d06h46m:25,45,45,45,45,40
20d03h42m-20d07h03m:60,10,60,25
20d03h48m-20d06h56m:25,45,45,45,45,40
20d05h09m-20d07h36m:17,15,25,15
20d07h15m-20d09h48m:50,10,55,10,55,25
20d07h27m-20d08h59m:42,08,42,15,47,15,47,27,55,27
20d08h10m-20d08h53m:50,10,55,10,55,25
20d09h38m-20d11h54m:67,37,67,22
20d10h27m-20d13h28m:67,37,67,22
20d15h32m-20d16h43m:15,40,27,40
20d16h28m-20d19h52m:10,20,40,20,40,35
20d16h45m-20d17h15m:05,20,05,35
20d17h49m-20d20h14m:25,45,45,45,45,40
20d19h05m-20d20h32m:50,10,55,10,55,25
20d19h27m-20d22h07m:17,15,25,15
20d19h57m-20d20h27m:50,10,55,10,55,25
20d21h17m-20d23h09m:15,25,15,30,20,30,20,35,30,35,30,40
20d21h34m-20d23h43m:42,08,42,15,47,15,47,27,55,27
20d22h12m-21d00h07m:15,10,30,10,30,18
20d23h32m-20d23h53m:17,15,25,15
21d04h13m-21d06h42m:25,25,30,25,30,30,35,30
21d04h24m-21d07h16m:17,15,25,15
21d04h59m-21d05h22m:15,25,15,30,20,30,20,35,30,35,30,40
21d06h04m-21d09h14m:15,10,30,10,30,18
21d06h28m-21d09h52m:08,03,08,23,20,23
21d07h10m-21d08h48m:67,37,67,22
21d09h12m-21d12h21m:50,10,55,10,55,25
21d10h03m-21d13h14m:50,10,55,10,55,25
21d12h27m-21d13h54m:67,37,67,22
21d13h56m-21d16h28m:10,20,40,20,40,35
21d14h20m-21d18h09m:25,45,45,45,45,40
21d14h57m-21d16h44m:25,45,45,45,45,40
21d15h11m-21d18h58m:42,08,42,15,47,15,47,27,55,27
21d16h34m-21d19h19m:05,20,05,35
21d17h14m-21d20h50m:50,10,55,10,55,25
21d20h55m-21d23h21m:57,30,57,45
21d22h16m-21d23h13m:15,03,22,03,22,08,37,08,37,12
21d23h48m-22d02h25m:42,08,42,15,47,15,47,27,55,27
22d02h02m-22d05h04m:15,03,22,03,22,08,37,08,37,12
22d05h42m-22d07h20m:60,10,60,25
22d06h25m-22d09h30m:17,15,25,15
22d06h57m-22d08h59m:15,03,22,03,22,08,37,08,37,12
22d08h10m-22d09h26m:57,30,57,45
22d08h25m-22d12h23m:15,25,15,30,20,30,20,35,30,35,30,40
22d09h42m-22d11h58m:05,20,05,35
22d10h07m-22d11h52m:08,03,08,23,20,23
22d12h15m-22d14h42m:42,08,42,15,47,15,47,27,55,27
22d14h17m-22d16h50m:15,40,27,40
22d21h01m-22d23h37m:57,30,57,45
23d00h27m-23d03h41m:60,10,60,25
23d00h27m-23d04h16m:67,37,67,22
23d01h07m-23d03h51m:25,45,45,45,45,40
23d01h35m-23d02h17m:17,15,25,15
23d03h07m-23d04h27m:17,15,25,15
23d04h11m-23d05h02m:25,45,45,45,45,40
23d04h50m-23d05h45m:50,10,55,10,55,25
23d05h32m-23d07h08m:15,25,15,30,20,30,20,35,30,35,30,40
23d06h04m-23d07h27m:15,03,22,03,22,08,37,08,37,12
23d06h11m-23d09h15m:42,08,42,15,47,15,47,27,55,27
23d07h09m-23d09h35m:15,10,30,10,30,18
23d07h23m-23d11h05m:25,45,45,45,45,40
23d07h32m-23d10h12m:25,45,45,45,45,40
23d08h22m-23d09h10m:42,08,42,15,47,15,47,27,55,27
23d09h18m-23d09h40m:15,03,22,03,22,08,37,08,37,12
23d09h30m-23d10h08m:67,37,67,22
23d13h52m-23d17h41m:25,25,30,25,30,30,35,30
23d14h20m-23d16h44m:42,08,42,15,47,15,47,27,55,27
23d14h21m-23d15h51m:10,20,40,20,40,35
23d14h59m-23d16h08m:15,03,22,03,22,08,37,08,37,12
23d15h43m-23d18h25m:15,03,22,03,22,08,37,08,37,12
23d19h15m-23d22h58m:42,08,42,15,47,15,47,27,55,27
23d20h31m-24d00h21m:15,25,15,30,20,30,20,35,30,35,30,40
23d20h40m-23d21h35m:15,03,22,03,22,08,37,08,37,12
23d22h42m-23d23h54m:15,03,22,03,22,08,37,08,37,12
24d00h44m-24d01h31m:60,10,60,25
24d02h04m-24d04h59m:15,03,22,03,22,08,37,08,37,12
24d02h14m-24d05h21m:08,03,08,23,20,23
24d02h21m-24d04h13m:67,37,67,22
24d06h48m-24d10h03m:15,25,15,30,20,30,20,35,30,35,30,40
24d07h38m-24d11h38m:15,10,30,10,30,18
24d07h42m-24d11h01m:15,25,15,30,20,30,20,35,30,35,30,40
24d12h17m-24d15h37m:60,10,60,25
24d12h27m-24d14h35m:08,03,08,23,20,23
24d12h35m-24d13h25m:05,20,05,35
24d14h24m-24d17h48m:57,30,57,45
24d14h51m-24d17h14m:15,10,30,10,30,18
24d15h10m-24d17h22m:25,45,45,45,45,40
24d16h01m-24d19h38m:15,40,27,40
24d17h05m-24d19h58m:60,10,60,25
24d17h30m-24d21h14m:08,03,08,23,20,23
24d18h32m-24d21h05m:15,10,30,10,30,18
24d18h46m-24d21h45m:15,25,15,30,20,30,20,35,30,35,30,40
24d18h59m-24d20h49m:15,10,30,10,30,18
24d19h56m-24d22h47m:15,10,30,10,30,18
24d21h41m-24d22h53m:42,08,42,15,47,15,47,27,55,27
24d22h07m-24d23h59m:05,20,05,35
24d22h24m-24d22h39m:15,40,27,40
24d23h09m-25d00h14m:10,20,40,20,40,35
25d02h08m-25d04h18m:17,15,25,15
25d03h01m-25d06h51m:15,10,30,10,30,18
25d04h36m-25d07h00m:57,30,57,45
25d05h43m-25d07h55m:10,20,40,20,40,35
25d06h04m-25d06h28m:17,15,25,15
25d07h03m-25d07h26m:10,20,40,20,40,35
25d08h13m-25d09h05m:10,20,40,20,40,35
25d08h14m-25d09h48m:08,03,08,23,20,23
25d10h13m-25d12h13m:57,30,57,45
25d11h34m-25d14h41m:25,25,30,25,30,30,35,30
25d12h26m-25d12h52m:15,25,15,30,20,30,20,35,30,35,30,40
25d14h42m-25d15h57m:60,10,60,25
25d18h37m-25d19h35m:50,10,55,10,55,25
25d20h03m-25d22h03m:15,40,27,40
25d20h44m-25d22h34m:05,20,05,35
25d20h53m-25d22h41m:10,20,40,20,40,35
25d20h59m-25d23h28m:15,10,30,10,30,18
25d21h50m-25d23h15m:10,20,40,20,40,35
25d22h03m-26d01h38m:15,25,15,30,20,30,20,35,30,35,30,40
25d23h59m-26d03h31m:42,08,42,15,47,15,47,27,55,27
26d01h38m-26d01h57m:05,20,05,35
26d01h52m-26d03h36m:25,45,45,45,45,40
26d02h28m-26d06h05m:15,40,27,40
26d06h10m-26d07h02m:08,03,08,23,20,23
26d09h00m-26d10h01m:10,20,40,20,40,35
26d12h05m-26d14h17m:50,10,55,10,55,25
26d12h52m-26d13h49m:60,10,60,25
26d15h16m-26d18h54m:15,25,15,30,20,30,20,35,30,35,30,40
26d15h40m-26d17h40m:10,20,40,20,40,35
26d16h13m-26d18h45m:57,30,57,45
26d17h34m-26d19h44m:15,40,27,40
26d18h50m-26d20h52m:05,20,05,35
26d19h53m-26d23h25m:60,10,60,25
26d20h14m-26d21h18m:50,10,55,10,55,25
26d22h23m-27d00h09m:60,10,60,25
26d22h37m-27d01h43m:10,20,40,20,40,35
26d22h52m-26d23h44m:42,08,42,15,47,15,47,27,55,27
27d00h09m-27d04h06m:25,45,45,45,45,40
27d01h47m-27d03h49m:15,10,30,10,30,18
27d02h22m-27d02h52m:67,37,67,22
27d02h43m-27d05h15m:15,10,30,10,30,18
27d02h54m-27d04h57m:25,25,30,25,30,30,35,30
27d03h16m-27d04h25m:25,45,45,45,45,40
27d04h02m-27d07h19m:10,20,40,20,40,35
27d04h36m-27d06h26m:25,45,45,45,45,40
27d06h35m-27d07h18m:08,03,08,23,20,23
27d10h25m-27d13h27m:57,30,57,45
27d11h23m-27d15h22m:05,20,05,35
27d14h04m-27d16h33m:17,15,25,15
27d18h23m-27d21h36m:17,15,25,15
27d21h35m-27d23h05m:57,30,57,45
28d03h40m-28d07h26m:15,40,27,40
28d05h00m-28d06h07m:15,40,27,40
28d08h18m-28d12h17m:15,40,27,40
28d09h03m-28d11h54m:05,20,05,35
28d10h00m-28d13h10m:57,30,57,45
28d11h14m-28d13h35m:15,10,30,10,30,18
28d12h49m-28d14h04m:15,40,27,40
28d13h09m-28d14h16m:15,40,27,40
28d13h17m-28d16h17m:57,30,57,45
28d13h23m-28d16h32m:05,20,05,35
28d14h13m-28d16h00m:50,10,55,10,55,25
28d15h02m-28d18h23m:15,25,15,30,20,30,20,35,30,35,30,40
28d16h03m-28d18h00m:25,25,30,25,30,30,35,30
28d16h23m-28d18h48m:50,10,55,10,55,25
28d20h36m-28d22h35m:15,10,30,10,30,18
28d21h32m-28d23h30m:15,10,30,10,30,18
29d00h26m-29d02h24m:67,37,67,22
29d01h05m-29d01h50m:15,25,15,30,20,30,20,35,30,35,30,40
29d01h40m-29d05h15m:08,03,08,23,20,23
29d01h55m-29d02h50m:10,20,40,20,40,35
29d03h59m-29d04h54m:25,45,45,45,45,40
29d04h56m-29d07h24m:15,40,27,40
29d09h00m-29d09h20m:60,10,60,25
29d09h21m-29d11h14m:15,40,27,40
29d10h41m-29d13h04m:15,03,22,03,22,08,37,08,37,12
29d13h00m-29d15h39m:50,10,55,10,55,25
29d17h32m-29d18h30m:67,37,67,22
29d17h41m-29d19h48m:15,25,15,30,20,30,20,35,30,35,30,40
29d20h08m-29d22h56m:10,20,40,20,40,35
29d20h30m-30d00h17m:15,03,22,03,22,08,37,08,37,12
29d21h32m-29d22h53m:25,45,45,45,45,40
29d22h29m-30d00h22m:57,30,57,45
29d23h12m-30d02h08m:42,08,42,15,47,15,47,27,55,27
30d00h40m-30d03h07m:42,08,42,15,47,15,47,27,55,27
30d02h25m-30d03h51m:60,10,60,25
30d08h15m-30d11h12m:50,10,55,10,55,25
30d08h20m-30d10h27m:15,40,27,40
30d09h54m-30d13h22m:60,10,60,25
30d12h04m-30d12h34m:05,20,05,35
30d13h27m-30d16h26m:15,25,15,30,20,30,20,35,30,35,30,40
30d16h04m-30d16h59m:05,20,05,35
30d19h57m-30d20h22m:15,25,15,30,20,30,20,35,30,35,30,40
30d20h18m-30d23h02m:08,03,08,23,20,23
30d21h11m-30d22h02m:15,40,27,40
