01d00h34m-01d02h36m:17,15,25,15
01d00h40m-01d03h24m:15,10,30,10,30,18
01d01h18m-01d02h39m:10,20,40,20,40,35
01d01h52m-01d02h54m:50,10,55,10,55,25
01d02h13m-01d04h15m:15,03,22,03,22,08,37,08,37,12
01d02h27m-01d04h45m:10,20,40,20,40,35
01d03h32m-01d04h08m:05,20,05,35
01d05h50m-01d08h51m:05,20,05,35
01d09h41m-01d10h18m:57,30,57,45
01d09h52m-01d12h42m:15,03,22,03,22,08,37,08,37,12
01d13h57m-01d15h18m:15,03,22,03,22,08,37,08,37,12
01d14h17m-01d16h32m:10,20,40,20,40,35
01d17h17m-01d17h55m:15,25,15,30,20,30,20,35,30,35,30,40
01d17h57m-01d19h20m:42,08,42,15,47,15,47,27,55,27
01d20h13m-01d20h43m:15,10,30,10,30,18
01d20h32m-01d21h44m:60,10,60,25
01d20h33m-01d23h43m:10,20,40,20,40,35
02d02h47m-02d04h51m:57,30,57,45
02d04h14m-02d07h05m:15,40,27,40
02d05h18m-02d07h16m:57,30,57,45
02d06h04m-02d06h42m:08,03,08,23,20,23
02d14h23m-02d15h53m:08,03,08,23,20,23
02d15h32m-02d18h20m:08,03,08,23,20,23
02d16h44m-02d18h19m:67,37,67,22
02d16h44m-02d20h06m:25,25,30,25,30,30,35,30
02d18h24m-02d21h25m:15,10,30,10,30,18
02d19h23m-02d23h12m:15,25,15,30,20,30,20,35,30,35,30,40
02d21h38m-02d22h25m:10,20,40,20,40,35
02d22h39m-03d02h30m:15,03,22,03,22,08,37,08,37,12
02d23h03m-03d00h56m:67,37,67,22
03d01h44m-03d04h57m:15,40,27,40
03d03h13m-03d03h45m:15,03,22,03,22,08,37,08,37,12
03d04h53m-03d07h45m:42,08,42,15,47,15,47,27,55,27
03d08h55m-03d12h25m:67,37,67,22
03d09h29m-03d11h35m:42,08,42,15,47,15,47,27,55,27
03d11h07m-03d12h05m:15,40,27,40
03d11h50m-03d14h27m:15,03,22,03,22,08,37,08,37,12
03d12h43m-03d14h36m:05,20,05,35
03d13h05m-03d16h36m:05,20,05,35
03d13h37m-03d17h23m:50,10,55,10,55,25
03d14h35m-03d15h33m:57,30,57,45
03d14h37m-03d15h41m:25,45,45,45,45,40
03d16h57m-03d18h14m:42,08,42,15,47,15,47,27,55,27
03d17h49m-03d20h27m:15,03,22,03,22,08,37,08,37,12
03d17h51m-03d20h08m:25,45,45,45,45,40
03d20h35m-03d22h58m:05,20,05,35
03d22h38m-04d00h48m:60,10,60,25
03d22h48m-04d02h26m:25,45,45,45,45,40
03d22h57m-04d02h13m:10,20,40,20,40,35
04d01h37m-04d01h55m:25,25,30,25,30,30,35,30
04d02h28m-04d04h35m:50,10,55,10,55,25
04d03h17m-04d06h33m:67,37,67,22
04d04h26m-04d06h13m:10,20,40,20,40,35
04d05h14m-04d06h40m:08,03,08,23,20,23
04d06h55m-04d08h52m:15,25,15,30,20,30,20,35,30,35,30,40
04d08h32m-04d10h11m:15,25,15,30,20,30,20,35,30,35,30,40
04d08h43m-04d12h26m:25,45,45,45,45,40
04d11h03m-04d12h22m:60,10,60,25
04d11h10m-04d11h50m:50,10,55,10,55,25
04d11h21m-04d14h03m:10,20,40,20,40,35
04d11h37m-04d12h59m:25,25,30,25,30,30,35,30
04d12h40m-04d16h34m:50,10,55,10,55,25
04d14h04m-04d16h36m:25,25,30,25,30,30,35,30
04d18h24m-04d21h28m:15,03,22,03,22,08,37,08,37,12
04d20h17m-04d22h55m:17,15,25,15
04d23h56m-05d03h35m:10,20,40,20,40,35
05d00h13m-05d02h37m:15,10,30,10,30,18
05d01h09m-05d01h39m:50,10,55,10,55,25
05d01h48m-05d03h55m:15,25,15,30,20,30,20,35,30,35,30,40
05d01h53m-05d05h32m:67,37,67,22
05d02h09m-05d03h27m:50,10,55,10,55,25
05d03h19m-05d04h41m:15,03,22,03,22,08,37,08,37,12
05d08h48m-05d12h13m:15,25,15,30,20,30,20,35,30,35,30,40
05d11h38m-05d15h10m:08,03,08,23,20,23
05d11h44m-05d15h16m:15,40,27,40
05d12h26m-05d16h16m:57,30,57,45
05d13h14m-05d14h15m:10,20,40,20,40,35
05d13h54m-05d15h12m:10,20,40,20,40,35
05d14h35m-05d17h58m:25,45,45,45,45,40
05d18h59m-05d19h26m:57,30,57,45
05d20h22m-05d21h19m:05,20,05,35
05d20h39m-05d21h39m:17,15,25,15
05d20h50m-06d00h47m:67,37,67,22
05d22h31m-06d01h06m:05,20,05,35
05d23h52m-06d01h26m:67,37,67,22
06d00h37m-06d02h58m:15,03,22,03,22,08,37,08,37,12
06d01h44m-06d03h29m:42,08,42,15,47,15,47,27,55,27
06d02h40m-06d03h52m:15,03,22,03,22,08,37,08,37,12
06d02h56m-06d04h37m:67,37,67,22
06d03h54m-06d05h39m:17,15,25,15
06d04h01m-06d04h49m:17,15,25,15
06d04h44m-06d06h19m:05,20,05,35
06d05h54m-06d09h35m:17,15,25,15
06d07h23m-06d08h15m:17,15,25,15
06d08h20m-06d09h01m:67,37,67,22
06d08h27m-06d11h10m:17,15,25,15
06d08h42m-06d10h16m:60,10,60,25
06d09h32m-06d11h18m:05,20,05,35
06d10h22m-06d11h35m:15,10,30,10,30,18
06d10h30m-06d12h47m:50,10,55,10,55,25
06d11h21m-06d13h41m:25,45,45,45,45,40
06d11h31m-06d13h02m:15,25,15,30,20,30,20,35,30,35,30,40
06d14h41m-06d15h54m:57,30,57,45
06d14h55m-06d17h45m:50,10,55,10,55,25
06d15h12m-06d17h59m:10,20,40,20,40,35
06d15h18m-06d19h13m:25,45,45,45,45,40
06d16h45m-06d19h43m:25,45,45,45,45,40
06d17h24m-06d19h34m:15,10,30,10,30,18
06d18h58m-06d20h41m:60,10,60,25
06d20h19m-07d00h00m:17,15,25,15
06d21h44m-07d00h48m:60,10,60,25
06d22h16m-07d00h51m:15,40,27,40
06d23h16m-07d00h42m:42,08,42,15,47,15,47,27,55,27
06d23h55m-07d03h37m:15,25,15,30,20,30,20,35,30,35,30,40
07d00h00m-07d02h42m:25,45,45,45,45,40
07d00h23m-07d02h48m:67,37,67,22
07d02h03m-07d04h48m:08,03,08,23,20,23
07d02h04m-07d06h04m:17,15,25,15
07d02h35m-07d03h32m:17,15,25,15
07d03h33m-07d04h57m:17,15,25,15
07d03h51m-07d04h21m:05,20,05,35
07d05h05m-07d08h47m:57,30,57,45
07d06h11m-07d08h31m:15,40,27,40
07d06h17m-07d07h56m:10,20,40,20,40,35
07d07h11m-07d08h38m:15,40,27,40
07d07h24m-07d10h32m:57,30,57,45
07d07h36m-07d09h08m:08,03,08,23,20,23
07d07h47m-07d10h47m:15,03,22,03,22,08,37,08,37,12
07d08h04m-07d08h58m:25,25,30,25,30,30,35,30
07d08h59m-07d12h07m:57,30,57,45
07d09h36m-07d13h26m:05,20,05,35
07d09h50m-07d12h12m:15,10,30,10,30,18
07d09h56m-07d10h37m:08,03,08,23,20,23
07d15h57m-07d19h08m:57,30,57,45
07d16h20m-07d17h55m:17,15,25,15
07d18h39m-07d21h33m:10,20,40,20,40,35
07d20h29m-07d22h25m:15,25,15,30,20,30,20,35,30,35,30,40
07d21h12m-07d22h25m:25,25,30,25,30,30,35,30
07d22h19m-08d01h01m:67,37,67,22
07d22h19m-08d01h04m:50,10,55,10,55,25
07d22h39m-08d02h19m:50,10,55,10,55,25
07d23h35m-08d02h50m:05,20,05,35
08d00h08m-08d03h56m:15,10,30,10,30,18
08d01h39m-08d03h50m:15,25,15,30,20,30,20,35,30,35,30,40
08d01h49m-08d05h42m:50,10,55,10,55,25
08d02h05m-08d05h23m:17,15,25,15
08d02h31m-08d06h31m:15,25,15,30,20,30,20,35,30,35,30,40
08d04h54m-08d08h32m:10,20,40,20,40,35
08d11h40m-08d14h53m:15,03,22,03,22,08,37,08,37,12
08d13h14m-08d16h34m:15,25,15,30,20,30,20,35,30,35,30,40
08d13h21m-08d15h31m:15,25,15,30,20,30,20,35,30,35,30,40
08d13h45m-08d16h35m:42,08,42,15,47,15,47,27,55,27
08d15h54m-08d18h47m:57,30,57,45
08d18h49m-08d20h11m:50,10,55,10,55,25
08d19h29m-08d21h02m:60,10,60,25
08d20h26m-08d22h10m:15,40,27,40
08d20h30m-08d22h03m:15,03,22,03,22,08,37,08,37,12
08d22h49m-09d00h29m:15,10,30,10,30,18
08d22h51m-09d00h11m:25,25,30,25,30,30,35,30
08d23h51m-09d02h14m:15,25,15,30,20,30,20,35,30,35,30,40
08d23h52m-09d03h37m:50,10,55,10,55,25
09d00h50m-09d02h12m:60,10,60,25
09d01h21m-09d03h44m:08,03,08,23,20,23
09d01h22m-09d05h18m:05,20,05,35
09d01h49m-09d02h43m:15,10,30,10,30,18
09d02h22m-09d05h23m:10,20,40,20,40,35
09d03h42m-09d05h59m:15,40,27,40
09d09h11m-09d12h13m:15,25,15,30,20,30,20,35,30,35,30,40
09d09h24m-09d10h07m:15,03,22,03,22,08,37,08,37,12
09d09h25m-09d09h56m:60,10,60,25
09d11h21m-09d13h04m:05,20,05,35
09d11h55m-09d14h40m:67,37,67,22
09d12h23m-09d14h39m:15,10,30,10,30,18
09d13h17m-09d15h22m:05,20,05,35
09d13h20m-09d16h57m:10,20,40,20,40,35
09d15h18m-09d18h03m:08,03,08,23,20,23
09d15h34m-09d16h19m:67,37,67,22
09d15h50m-09d16h58m:42,08,42,15,47,15,47,27,55,27
09d17h17m-09d18h07m:05,20,05,35
09d18h36m-09d20h35m:50,10,55,10,55,25
09d23h33m-10d00h50m:15,10,30,10,30,18
10d00h02m-10d03h17m:67,37,67,22
10d00h38m-10d03h22m:60,10,60,25
10d00h56m-10d02h06m:15,25,15,30,20,30,20,35,30,35,30,40
10d01h06m-10d04h44m:60,10,60,25
10d01h22m-10d02h20m:50,10,55,10,55,25
10d02h10m-10d03h05m:60,10,60,25
10d04h47m-10d08h09m:60,10,60,25
10d04h51m-10d05h22m:25,45,45,45,45,40
10d05h39m-10d06h45m:42,08,42,15,47,15,47,27,55,27
10d07h03m-10d10h50m:10,20,40,20,40,35
10d07h49m-10d11h44m:67,37,67,22
10d08h45m-10d09h19m:15,40,27,40
10d08h58m-10d10h59m:25,45,45,45,45,40
10d10h00m-10d13h47m:05,20,05,35
10d11h13m-10d15h13m:25,45,45,45,45,40
10d11h14m-10d13h43m:15,25,15,30,20,30,20,35,30,35,30,40
10d12h55m-10d15h27m:05,20,05,35
10d13h08m-10d16h48m:15,25,15,30,20,30,20,35,30,35,30,40
10d15h32m-10d16h53m:67,37,67,22
10d15h55m-10d19h20m:50,10,55,10,55,25
10d16h26m-10d18h47m:08,03,08,23,20,23
10d16h44m-10d20h10m:15,25,15,30,20,30,20,35,30,35,30,40
10d16h53m-10d17h17m:42,08,42,15,47,15,47,27,55,27
10d19h03m-10d19h39m:15,25,15,30,20,30,20,35,30,35,30,40
10d21h06m-10d23h42m:42,08,42,15,47,15,47,27,55,27
10d21h32m-10d22h39m:15,40,27,40
10d21h32m-11d01h02m:08,03,08,23,20,23
10d23h46m-11d02h48m:15,03,22,03,22,08,37,08,37,12
11d00h18m-11d01h51m:57,30,57,45
11d00h48m-11d03h56m:15,25,15,30,20,30,20,35,30,35,30,40
11d03h57m-11d07h36m:15,03,22,03,22,08,37,08,37,12
11d05h35m-11d09h09m:10,20,40,20,40,35
11d08h30m-11d09h27m:15,03,22,03,22,08,37,08,37,12
11d10h37m-11d13h49m:25,25,30,25,30,30,35,30
11d11h48m-11d15h21m:15,25,15,30,20,30,20,35,30,35,30,40
11d12h06m-11d14h31m:25,25,30,25,30,30,35,30
11d12h20m-11d14h23m:42,08,42,15,47,15,47,27,55,27
11d12h56m-11d16h42m:15,03,22,03,22,08,37,08,37,12
11d17h14m-11d20h18m:57,30,57,45
11d17h28m-11d18h04m:42,08,42,15,47,15,47,27,55,27
11d17h43m-11d20h33m:67,37,67,22
11d17h52m-11d19h24m:60,10,60,25
11d18h12m-11d20h23m:42,08,42,15,47,15,47,27,55,27
11d18h37m-11d22h27m:57,30,57,45
11d18h55m-11d21h03m:57,30,57,45
11d19h58m-11d20h48m:57,30,57,45
11d23h24m-12d00h54m:50,10,55,10,55,25
12d00h08m-12d01h02m:25,45,45,45,45,40
12d04h58m-12d07h41m:60,10,60,25
12d06h46m-12d09h12m:15,03,22,03,22,08,37,08,37,12
12d07h09m-12d11h00m:05,20,05,35
12d09h19m-12d12h37m:15,40,27,40
12d13h55m-12d15h48m:57,30,57,45
12d14h09m-12d16h17m:05,20,05,35
12d15h38m-12d18h19m:42,08,42,15,47,15,47,27,55,27
12d16h22m-12d19h00m:15,25,15,30,20,30,20,35,30,35,30,40
12d17h24m-12d19h04m:15,40,27,40
12d21h29m-12d23h20m:17,15,25,15
12d23h49m-13d02h10m:42,08,42,15,47,15,47,27,55,27
13d01h31m-13d03h17m:10,20,40,20,40,35
13d01h36m-13d02h43m:05,20,05,35
13d02h44m-13d03h49m:60,10,60,25
13d03h17m-13d07h11m:15,10,30,10,30,18
13d04h52m-13d08h09m:15,03,22,03,22,08,37,08,37,12
13d05h42m-13d08h45m:15,40,27,40
13d05h45m-13d08h50m:15,40,27,40
13d06h03m-13d07h42m:25,25,30,25,30,30,35,30
13d06h30m-13d06h58m:15,25,15,30,20,30,20,35,30,35,30,40
13d07h22m-13d11h00m:08,03,08,23,20,23
13d07h25m-13d08h18m:50,10,55,10,55,25
13d10h03m-13d10h42m:15,10,30,10,30,18
13d10h54m-13d11h39m:25,45,45,45,45,40
13d11h04m-13d13h02m:15,25,15,30,20,30,20,35,30,35,30,40
13d11h12m-13d12h32m:67,37,67,22
13d11h45m-13d15h41m:25,45,45,45,45,40
13d15h21m-13d16h27m:25,25,30,25,30,30,35,30
13d15h30m-13d18h07m:25,25,30,25,30,30,35,30
13d15h56m-13d16h23m:15,25,15,30,20,30,20,35,30,35,30,40
13d15h57m-13d18h38m:17,15,25,15
13d18h57m-13d19h13m:17,15,25,15
13d21h17m-13d21h52m:15,10,30,10,30,18
13d21h46m-14d00h30m:15,40,27,40
13d22h08m-14d00h38m:10,20,40,20,40,35
13d22h20m-14d00h25m:60,10,60,25
13d23h09m-14d00h23m:25,45,45,45,45,40
14d01h08m-14d03h51m:25,45,45,45,45,40
14d05h39m-14d08h00m:25,45,45,45,45,40
14d05h44m-14d09h18m:15,10,30,10,30,18
14d06h32m-14d07h03m:17,15,25,15
14d09h20m-14d10h33m:15,10,30,10,30,18
14d11h42m-14d15h39m:15,10,30,10,30,18
14d13h12m-14d14h24m:15,25,15,30,20,30,20,35,30,35,30,40
14d15h53m-14d18h50m:15,40,27,40
14d16h45m-14d18h27m:15,25,15,30,20,30,20,35,30,35,30,40
14d17h59m-14d19h03m:15,10,30,10,30,18
14d18h48m-14d19h41m:42,08,42,15,47,15,47,27,55,27
14d19h30m-14d22h22m:42,08,42,15,47,15,47,27,55,27
14d20h22m-14d21h14m:50,10,55,10,55,25
14d21h32m-15d00h51m:57,30,57,45
14d22h04m-14d23h40m:15,10,30,10,30,18
14d22h06m-15d00h58m:50,10,55,10,55,25
14d22h21m-15d01h26m:25,25,30,25,30,30,35,30
14d22h38m-15d02h22m:15,25,15,30,20,30,20,35,30,35,30,40
14d23h08m-15d02h11m:25,45,45,45,45,40
14d23h35m-15d00h43m:15,25,15,30,20,30,20,35,30,35,30,40
15d01h12m-15d01h52m:60,10,60,25
15d01h57m-15d03h31m:08,03,08,23,20,23
15d05h44m-15d08h12m:60,10,60,25
15d07h44m-15d09h53m:57,30,57,45
15d08h15m-15d10h49m:08,03,08,23,20,23
15d10h49m-15d11h10m:17,15,25,15
15d10h53m-15d12h40m:15,25,15,30,20,30,20,35,30,35,30,40
15d11h48m-15d15h46m:57,30,57,45
15d11h51m-15d14h27m:05,20,05,35
15d11h55m-15d15h22m:25,45,45,45,45,40
15d13h25m-15d15h17m:17,15,25,15
15d14h01m-15d17h44m:57,30,57,45
15d14h45m-15d17h45m:05,20,05,35
15d15h12m-15d16h21m:57,30,57,45
15d16h23m-15d17h21m:50,10,55,10,55,25
15d18h21m-15d21h04m:50,10,55,10,55,25
15d18h25m-15d20h23m:25,25,30,25,30,30,35,30
15d18h30m-15d19h48m:25,45,45,45,45,40
15d18h42m-15d22h02m:25,25,30,25,30,30,35,30
15d19h04m-15d21h31m:25,25,30,25,30,30,35,30
15d19h55m-15d20h10m:67,37,67,22
15d20h37m-15d22h57m:67,37,67,22
15d21h41m-15d22h03m:25,45,45,45,45,40
15d21h46m-15d23h08m:42,08,42,15,47,15,47,27,55,27
16d00h13m-16d00h43m:50,10,55,10,55,25
16d02h15m-16d03h36m:57,30,57,45
16d02h50m-16d04h38m:17,15,25,15
16d04h15m-16d07h03m:60,10,60,25
16d04h26m-16d06h11m:15,03,22,03,22,08,37,08,37,12
16d05h10m-16d08h11m:25,25,30,25,30,30,35,30
16d05h18m-16d05h42m:67,37,67,22
16d05h25m-16d07h38m:50,10,55,10,55,25
16d06h06m-16d06h27m:15,25,15,30,20,30,20,35,30,35,30,40
16d08h40m-16d10h38m:15,25,15,30,20,30,20,35,30,35,30,40
16d12h39m-16d13h42m:60,10,60,25
16d13h59m-16d15h26m:42,08,42,15,47,15,47,27,55,27
16d15h10m-16d19h08m:08,03,08,23,20,23
16d15h26m-16d16h32m:15,40,27,40
16d17h05m-16d19h44m:50,10,55,10,55,25
16d18h41m-16d21h09m:15,03,22,03,22,08,37,08,37,12
16d18h43m-16d19h43m:50,10,55,10,55,25
16d20h41m-16d23h08m:15,03,22,03,22,08,37,08,37,12
16d20h46m-16d22h37m:60,10,60,25
16d23h15m-17d02h59m:15,25,15,30,20,30,20,35,30,35,30,40
16d23h35m-17d00h12m:15,40,27,40
17d01h31m-17d01h49m:15,10,30,10,30,18
17d04h25m-17d07h26m:08,03,08,23,20,23
17d04h36m-17d06h30m:67,37,67,22
17d05h38m-17d09h07m:05,20,05,35
17d05h47m-17d06h36m:15,03,22,03,22,08,37,08,37,12
17d06h02m-17d09h33m:08,03,08,23,20,23
17d06h31m-17d07h50m:15,10,30,10,30,18
17d07h19m-17d08h54m:42,08,42,15,47,15,47,27,55,27
17d07h46m-17d11h25m:05,20,05,35
17d07h55m-17d11h27m:17,15,25,15
17d08h24m-17d09h16m:50,10,55,10,55,25
17d08h38m-17d12h25m:67,37,67,22
17d10h19m-17d12h29m:15,03,22,03,22,08,37,08,37,12
17d11h05m-17d14h21m:50,10,55,10,55,25
17d11h55m-17d15h54m:15,40,27,40
17d12h52m-17d13h57m:25,25,30,25,30,30,35,30
17d13h30m-17d14h25m:57,30,57,45
17d14h09m-17d16h08m:42,08,42,15,47,15,47,27,55,27
17d14h38m-17d15h09m:17,15,25,15
17d15h37m-17d17h06m:57,30,57,45
17d18h30m-17d21h23m:10,20,40,20,40,35
17d20h06m-17d22h07m:15,40,27,40
17d20h12m-17d21h02m:10,20,40,20,40,35
17d22h51m-18d01h00m:25,45,45,45,45,40
17d23h08m-17d23h56m:08,03,08,23,20,23
17d23h22m-18d01h16m:60,10,60,25
18d01h02m-18d03h37m:50,10,55,10,55,25
18d02h19m-18d03h54m:50,10,55,10,55,25
18d04h24m-18d05h48m:67,37,67,22
18d06h06m-18d07h54m:15,03,22,03,22,08,37,08,37,12
18d08h31m-18d10h44m:57,30,57,45
18d09h11m-18d09h58m:60,10,60,25
18d09h24m-18d10h47m:25,45,45,45,45,40
18d09h29m-18d11h59m:15,25,15,30,20,30,20,35,30,35,30,40
18d10h19m-18d13h16m:15,40,27,40
18d10h50m-18d14h16m:57,30,57,45
18d11h55m-18d15h52m:15,40,27,40
18d14h33m-18d17h56m:08,03,08,23,20,23
18d14h42m-18d17h34m:15,40,27,40
18d14h52m-18d16h05m:15,10,30,10,30,18
18d15h56m-18d16h18m:08,03,08,23,20,23
18d16h24m-18d17h48m:17,15,25,15
18d16h30m-18d17h01m:67,37,67,22
18d18h27m-18d21h55m:67,37,67,22
18d19h12m-18d19h40m:25,25,30,25,30,30,35,30
18d19h31m-18d22h00m:25,25,30,25,30,30,35,30
18d20h14m-18d20h49m:57,30,57,45
18d21h46m-18d23h28m:15,03,22,03,22,08,37,08,37,12
18d22h06m-18d23h12m:15,03,22,03,22,08,37,08,37,12
18d22h14m-18d23h10m:15,40,27,40
18d22h36m-18d23h14m:67,37,67,22
18d22h44m-19d01h49m:15,25,15,30,20,30,20,35,30,35,30,40
18d23h05m-19d00h13m:15,40,27,40
19d00h59m-19d04h21m:25,45,45,45,45,40
19d05h23m-19d07h10m:15,03,22,03,22,08,37,08,37,12
19d07h03m-19d07h45m:05,20,05,35
19d07h24m-19d09h12m:15,40,27,40
19d07h32m-19d10h42m:57,30,57,45
19d07h41m-19d09h05m:67,37,67,22
19d07h45m-19d11h10m:57,30,57,45
19d07h54m-19d09h10m:17,15,25,15
19d08h11m-19d09h29m:60,10,60,25
19d08h53m-19d11h54m:50,10,55,10,55,25
19d09h12m-19d10h43m:05,20,05,35
19d11h01m-19d14h01m:17,15,25,15
19d11h35m-19d13h59m:60,10,60,25
19d12h26m-19d14h17m:67,37,67,22
19d12h53m-19d14h21m:15,40,27,40
19d13h03m-19d13h33m:15,25,15,30,20,30,20,35,30,35,30,40
19d14h15m-19d17h00m:17,15,25,15
19d14h38m-19d18h29m:57,30,57,45
19d15h46m-19d18h41m:17,15,25,15
19d18h39m-19d20h38m:08,03,08,23,20,23
19d19h03m-19d21h07m:08,03,08,23,20,23
19d19h41m-19d20h26m:15,03,22,03,22,08,37,08,37,12
19d19h50m-19d20h43m:15,25,15,30,20,30,20,35,30,35,30,40
19d20h00m-19d22h19m:50,10,55,10,55,25
19d20h34m-19d22h00m:15,40,27,40
19d21h29m-20d00h02m:15,40,27,40
19d21h42m-20d00h47m:15,40,27,40
20d00h35m-20d04h29m:15,25,15,30,20,30,20,35,30,35,30,40
20d00h55m-20d03h54m:50,10,55,10,55,25
20d01h03m-20d02h19m:25,25,30,25,30,30,35,30
20d01h52m-20d05h43m:25,45,45,45,45,40
20d03h50m-20d05h04m:17,15,25,15
20d05h29m-20d06h55m:60,10,60,25
20d08h40m-20d09h45m:10,20,40,20,40,35
20d09h54m-20d11h44m:57,30,57,45
20d12h15m-20d14h11m:67,37,67,22
20d12h39m-20d13h17m:15,10,30,10,30,18
20d12h52m-20d14h24m:15,10,30,10,30,18
20d14h25m-20d16h08m:60,10,60,25
20d16h10m-20d19h03m:25,45,45,45,45,40
20d18h39m-20d20h19m:25,25,30,25,30,30,35,30
20d18h47m-20d20h19m:15,25,15,30,20,30,20,35,30,35,30,40
20d19h16m-20d22h36m:15,03,22,03,22,08,37,08,37,12
20d20h10m-20d22h47m:10,20,40,20,40,35
20d21h55m-21d00h20m:10,20,40,20,40,35
20d22h11m-21d01h39m:08,03,08,23,20,23
21d00h27m-21d04h14m:50,10,55,10,55,25
21d01h09m-21d03h54m:15,03,22,03,22,08,37,08,37,12
21d02h03m-21d02h57m:15,40,27,40
21d02h35m-21d06h21m:05,20,05,35
21d03h14m-21d05h05m:60,10,60,25
21d04h55m-21d05h30m:25,45,45,45,45,40
21d05h05m-21d07h58m:15,10,30,10,30,18
21d05h07m-21d06h29m:08,03,08,23,20,23
21d06h24m-21d09h01m:08,03,08,23,20,23
21d06h32m-21d08h14m:15,25,15,30,20,30,20,35,30,35,30,40
21d06h36m-21d08h11m:15,10,30,10,30,18
21d09h41m-21d13h01m:67,37,67,22
21d09h47m-21d11h33m:15,03,22,03,22,08,37,08,37,12
21d10h20m-21d13h23m:17,15,25,15
21d11h30m-21d13h24m:67,37,67,22
21d12h26m-21d14h18m:17,15,25,15
21d17h47m-21d21h42m:60,10,60,25
21d18h18m-21d22h03m:50,10,55,10,55,25
21d18h38m-21d21h41m:42,08,42,15,47,15,47,27,55,27
21d22h26m-22d01h03m:42,08,42,15,47,15,47,27,55,27
21d23h16m-22d00h46m:42,08,42,15,47,15,47,27,55,27
22d01h03m-22d02h16m:42,08,42,15,47,15,47,27,55,27
22d03h27m-22d06h47m:05,20,05,35
22d04h10m-22d06h40m:05,20,05,35
22d05h16m-22d08h12m:15,10,30,10,30,18
22d10h13m-22d12h40m:25,45,45,45,45,40
22d15h38m-22d17h29m:42,08,42,15,47,15,47,27,55,27
22d18h14m-22d20h38m:10,20,40,20,40,35
22d18h31m-22d19h46m:50,10,55,10,55,25
22d18h47m-22d22h08m:05,20,05,35
22d19h29m-22d21h31m:15,25,15,30,20,30,20,35,30,35,30,40
22d21h20m-22d23h23m:67,37,67,22
22d23h53m-23d00h17m:42,08,42,15,47,15,47,27,55,27
23d00h17m-23d04h00m:25,25,30,25,30,30,35,30
23d00h39m-23d03h53m:25,25,30,25,30,30,35,30
23d00h53m-23d03h49m:42,08,42,15,47,15,47,27,55,27
23d02h01m-23d03h12m:08,03,08,23,20,23
23d03h29m-23d06h56m:15,03,22,03,22,08,37,08,37,12
23d05h11m-23d08h28m:17,15,25,15
23d08h31m-23d08h52m:08,03,08,23,20,23
23d09h44m-23d12h17m:15,40,27,40
23d11h00m-23d14h09m:15,10,30,10,30,18
23d12h28m-23d14h43m:60,10,60,25
23d12h29m-23d15h53m:10,20,40,20,40,35
23d13h00m-23d15h25m:57,30,57,45
23d13h03m-23d14h15m:10,20,40,20,40,35
23d15h01m-23d15h51m:67,37,67,22
23d15h37m-23d19h07m:10,20,40,20,40,35
23d17h22m-23d18h48m:15,25,15,30,20,30,20,35,30,35,30,40
23d17h33m-23d19h16m:08,03,08,23,20,23
23d19h31m-23d22h23m:10,20,40,20,40,35
23d20h10m-23d22h36m:25,25,30,25,30,30,35,30
23d21h30m-24d00h26m:05,20,05,35
24d00h07m-24d01h35m:57,30,57,45
24d01h27m-24d03h39m:15,40,27,40
24d01h59m-24d04h38m:42,08,42,15,47,15,47,27,55,27
24d02h12m-24d04h10m:25,25,30,25,30,30,35,30
24d02h13m-24d06h13m:10,20,40,20,40,35
24d03h24m-24d04h15m:10,20,40,20,40,35
24d05h08m-24d08h24m:60,10,60,25
24d05h12m-24d06h19m:50,10,55,10,55,25
24d07h03m-24d09h54m:50,10,55,10,55,25
24d08h44m-24d09h31m:15,25,15,30,20,30,20,35,30,35,30,40
24d09h27m-24d13h24m:10,20,40,20,40,35
24d09h52m-24d11h03m:10,20,40,20,40,35
24d16h58m-24d19h49m:10,20,40,20,40,35
24d17h17m-24d21h11m:67,37,67,22
24d20h28m-24d21h06m:67,37,67,22
24d23h14m-25d01h05m:67,37,67,22
25d03h44m-25d07h11m:60,10,60,25
25d04h44m-25d05h18m:15,03,22,03,22,08,37,08,37,12
25d04h51m-25d06h41m:15,40,27,40
25d05h32m-25d07h55m:15,25,15,30,20,30,20,35,30,35,30,40
25d05h52m-25d06h52m:10,20,40,20,40,35
25d08h12m-25d09h52m:25,45,45,45,45,40
25d10h28m-25d13h52m:67,37,67,22
25d10h30m-25d12h35m:15,40,27,40
25d12h31m-25d14h12m:15,40,27,40
25d12h51m-25d16h38m:05,20,05,35
25d13h36m-25d14h07m:15,40,27,40
25d18h58m-25d20h42m:57,30,57,45
25d20h06m-25d23h14m:25,25,30,25,30,30,35,30
25d21h23m-25d23h56m:25,25,30,25,30,30,35,30
25d22h21m-25d22h59m:15,03,22,03,22,08,37,08,37,12
25d22h27m-26d00h15m:10,20,40,20,40,35
26d01h24m-26d01h57m:60,10,60,25
26d01h31m-26d02h26m:10,20,40,20,40,35
26d03h01m-26d03h31m:50,10,55,10,55,25
26d03h24m-26d06h56m:50,10,55,10,55,25
26d04h02m-26d04h53m:42,08,42,15,47,15,47,27,55,27
26d04h42m-26d05h04m:25,45,45,45,45,40
26d04h59m-26d05h16m:50,10,55,10,55,25
26d06h13m-26d08h43m:05,20,05,35
26d08h51m-26d10h17m:15,10,30,10,30,18
26d09h34m-26d12h05m:25,45,45,45,45,40
26d12h04m-26d15h38m:25,25,30,25,30,30,35,30
26d12h17m-26d14h53m:10,20,40,20,40,35
26d12h50m-26d14h35m:42,08,42,15,47,15,47,27,55,27
26d14h09m-26d17h23m:25,25,30,25,30,30,35,30
26d14h18m-26d18h18m:15,10,30,10,30,18
26d16h30m-26d18h12m:08,03,08,23,20,23
26d17h11m-26d20h15m:67,37,67,22
26d19h00m-26d19h46m:15,25,15,30,20,30,20,35,30,35,30,40
26d21h01m-26d21h17m:10,20,40,20,40,35
26d21h26m-27d01h06m:15,40,27,40
26d22h04m-27d01h02m:57,30,57,45
26d22h30m-26d23h49m:67,37,67,22
27d00h27m-27d03h59m:17,15,25,15
27d00h48m-27d03h10m:17,15,25,15
27d01h13m-27d04h44m:15,40,27,40
27d03h14m-27d06h15m:67,37,67,22
27d03h18m-27d05h03m:57,30,57,45
27d06h12m-27d06h57m:15,40,27,40
27d06h38m-27d07h13m:60,10,60,25
27d07h43m-27d10h29m:60,10,60,25
27d10h20m-27d13h04m:05,20,05,35
27d11h26m-27d13h59m:05,20,05,35
27d17h44m-27d21h14m:60,10,60,25
27d18h11m-27d20h49m:15,40,27,40
27d23h47m-28d03h23m:15,25,15,30,20,30,20,35,30,35,30,40
28d00h19m-28d03h30m:25,25,30,25,30,30,35,30
28d04h24m-28d08h14m:25,25,30,25,30,30,35,30
28d06h07m-28d09h15m:08,03,08,23,20,23
28d06h16m-28d07h08m:57,30,57,45
28d08h00m-28d11h17m:15,40,27,40
28d08h42m-28d11h49m:42,08,42,15,47,15,47,27,55,27
28d09h17m-28d10h22m:08,03,08,23,20,23
28d09h32m-28d12h06m:50,10,55,10,55,25
28d10h15m-28d12h05m:15,03,22,03,22,08,37,08,37,12
28d11h42m-28d14h36m:42,08,42,15,47,15,47,27,55,27
28d15h10m-28d19h03m:05,20,05,35
28d21h12m-29d01h09m:15,10,30,10,30,18
28d21h23m-28d21h41m:15,03,22,03,22,08,37,08,37,12
29d00h52m-29d04h21m:15,10,30,10,30,18
29d00h54m-29d01h52m:10,20,40,20,40,35
29d01h08m-29d01h43m:67,37,67,22
29d01h28m-29d03h17m:25,45,45,45,45,40
29d02h15m-29d04h08m:05,20,05,35
29d02h54m-29d06h41m:17,15,25,15
29d03h03m-29d06h18m:25,45,45,45,45,40
29d03h48m-29d07h28m:15,10,30,10,30,18
29d03h57m-29d05h32m:15,25,15,30,20,30,20,35,30,35,30,40
29d05h49m-29d08h54m:15,40,27,40
29d06h56m-29d08h27m:15,03,22,03,22,08,37,08,37,12
29d07h20m-29d10h00m:05,20,05,35
29d07h42m-29d08h51m:08,03,08,23,20,23
29d09h20m-29d09h49m:25,25,30,25,30,30,35,30
29d10h35m-29d14h15m:50,10,55,10,55,25
29d10h53m-29d12h36m:50,10,55,10,55,25
29d11h13m-29d14h24m:10,20,40,20,40,35
29d11h18m-29d12h19m:60,10,60,25
29d12h18m-29d15h39m:15,40,27,40
29d12h49m-29d15h26m:15,10,30,10,30,18
29d13h07m-29d16h49m:15,10,30,10,30,18
29d16h35m-29d17h57m:15,25,15,30,20,30,20,35,30,35,30,40
29d16h36m-29d20h01m:15,03,22,03,22,08,37,08,37,12
29d17h22m-29d20h04m:15,03,22,03,22,08,37,08,37,12
29d18h03m-29d21h53m:08,03,08,23,20,23
29d19h17m-29d22h16m:67,37,67,22
29d23h44m-30d02h09m:67,37,67,22
29d23h49m-30d01h17m:67,37,67,22
30d00h22m-30d02h05m:10,20,40,20,40,35
30d01h36m-30d04h42m:15,40,27,40
30d01h37m-30d03h11m:60,10,60,25
30d02h50m-30d03h26m:15,10,30,10,30,18
30d04h29m-30d07h53m:17,15,25,15
30d05h05m-30d07h11m:15,40,27,40
30d05h57m-30d07h41m:15,40,27,40
30d05h59m-30d07h36m:17,15,25,15
30d06h30m-30d06h48m:25,25,30,25,30,30,35,30
30d08h36m-30d11h29m:15,40,27,40
30d09h54m-30d11h47m:15,25,15,30,20,30,20,35,30,35,30,40
30d12h13m-30d12h28m:57,30,57,45
30d12h18m-30d12h52m:17,15,25,15
30d12h32m-30d16h08m:25,45,45,45,45,40
30d13h19m-30d15h52m:15,40,27,40
30d13h26m-30d14h05m:67,37,67,22
30d14h16m-30d16h24m:05,20,05,35
30d14h55m-30d15h53m:25,45,45,45,45,40
30d15h06m-30d17h01m:50,10,55,10,55,25
30d16h06m-30d19h58m:08,03,08,23,20,23
30d18h48m-30d21h35m:08,03,08,23,20,23
30d19h16m-30d20h53m:25,45,45,45,45,40
30d19h29m-30d20h29m:10,20,40,20,40,35
30d20h43m-30d21h33m:10,20,40,20,40,35
30d21h26m-31d00h21m:15,40,27,40
30d22h31m-30d23h33m:15,10,30,10,30,18
31d01h49m-31d04h23m:50,10,55,10,55,25
31d02h33m-31d03h58m:15,25,15,30,20,30,20,35,30,35,30,40
31d03h23m-31d06h17m:17,15,25,15
31d05h12m-31d07h38m:05,20,05,35
31d05h41m-31d06h38m:15,40,27,40
31d06h22m-31d10h12m:15,25,15,30,20,30,20,35,30,35,30,40
31d07h21m-31d07h53m:10,20,40,20,40,35
31d08h30m-31d09h13m:25,45,45,45,45,40
31d10h20m-31d13h49m:15,25,15,30,20,30,20,35,30,35,30,40
31d10h21m-31d11h06m:10,20,40,20,40,35
31d10h30m-31d13h47m:08,03,08,23,20,23
31d11h04m-31d13h43m:25,45,45,45,45,40
31d11h48m-31d13h19m:57,30,57,45
31d11h55m-31d14h10m:25,45,45,45,45,40
31d12h57m-31d16h50m:10,20,40,20,40,35
31d13h48m-31d14h11m:25,25,30,25,30,30,35,30
31d15h44m-31d19h10m:25,25,30,25,30,30,35,30
31d18h23m-31d21h31m:15,10,30,10,30,18
31d20h22m-31d23h43m:05,20,05,35
31d20h39m-31d23h44m:25,45,45,45,45,40
31d22h55m-31d23h59m:25,25,30,25,30,30,35,30
31d23h29m-31d23h59m:50,10,55,10,55,25
31d23h56m-31d23h59m:60,10,60,25
