01d02h46m-01d04h26m:57,30,57,45
01d02h56m-01d06h35m:42,08,42,15,47,15,47,27,55,27
01d03h50m-01d07h09m:25,45,45,45,45,40
01d04h28m-01d08h28m:60,10,60,25
01d04h36m-01d08h16m:60,10,60,25
01d05h27m-01d05h55m:08,03,08,23,20,23
01d06h59m-01d09h02m:60,10,60,25
01d07h31m-01d09h24m:50,10,55,10,55,25
01d08h16m-01d09h20m:15,03,22,03,22,08,37,08,37,12
01d15h45m-01d16h45m:15,03,22,03,22,08,37,08,37,12
01d16h25m-01d18h13m:42,08,42,15,47,15,47,27,55,27
01d16h49m-01d19h59m:50,10,55,10,55,25
01d19h49m-01d23h48m:25,45,45,45,45,40
01d23h49m-02d01h30m:05,20,05,35
02d01h53m-02d03h52m:10,20,40,20,40,35
02d05h43m-02d06h04m:67,37,67,22
02d07h27m-02d08h24m:25,45,45,45,45,40
02d09h46m-02d12h11m:10,20,40,20,40,35
02d12h04m-02d13h02m:42,08,42,15,47,15,47,27,55,27
02d12h46m-02d15h31m:67,37,67,22
02d15h05m-02d16h10m:57,30,57,45
02d15h49m-02d17h06m:05,20,05,35
02d18h35m-02d22h01m:50,10,55,10,55,25
02d19h20m-02d20h42m:42,08,42,15,47,15,47,27,55,27
02d19h47m-02d22h53m:08,03,08,23,20,23
02d21h03m-02d22h36m:42,08,42,15,47,15,47,27,55,27
02d23h10m-03d00h31m:50,10,55,10,55,25
02d23h21m-02d23h53m:15,03,22,03,22,08,37,08,37,12
03d00h34m-03d03h38m:25,25,30,25,30,30,35,30
03d02h16m-03d03h59m:15,10,30,10,30,18
03d04h46m-03d07h59m:05,20,05,35
03d05h15m-03d06h27m:17,15,25,15
03d05h34m-03d06h55m:57,30,57,45
03d06h21m-03d07h18m:42,08,42,15,47,15,47,27,55,27
03d06h24m-03d08h43m:15,40,27,40
03d07h12m-03d11h06m:05,20,05,35
03d08h38m-03d11h57m:15,40,27,40
03d08h39m-03d11h44m:15,03,22,03,22,08,37,08,37,12
03d09h52m-03d10h32m:15,40,27,40
03d11h05m-03d12h07m:50,10,55,10,55,25
03d13h11m-03d13h28m:60,10,60,25
03d16h31m-03d18h15m:50,10,55,10,55,25
03d17h20m-03d19h41m:05,20,05,35
03d17h55m-03d19h00m:15,10,30,10,30,18
03d19h22m-03d21h10m:10,20,40,20,40,35
03d20h00m-03d21h15m:15,25,15,30,20,30,20,35,30,35,30,40
03d20h29m-03d22h37m:57,30,57,45
03d21h31m-03d23h58m:05,20,05,35
03d21h54m-03d22h27m:42,08,42,15,47,15,47,27,55,27
03d23h10m-04d02h54m:25,25,30,25,30,30,35,30
04d00h41m-04d04h05m:50,10,55,10,55,25
04d04h46m-04d06h14m:15,25,15,30,20,30,20,35,30,35,30,40
04d05h10m-04d08h27m:25,45,45,45,45,40
04d05h17m-04d08h54m:25,25,30,25,30,30,35,30
04d05h44m-04d08h27m:10,20,40,20,40,35
04d06h52m-04d07h29m:50,10,55,10,55,25
04d07h09m-04d09h23m:60,10,60,25
04d07h25m-04d08h02m:25,25,30,25,30,30,35,30
04d08h30m-04d11h48m:15,10,30,10,30,18
04d09h20m-04d10h07m:57,30,57,45
04d09h30m-04d13h28m:17,15,25,15
04d09h56m-04d11h03m:50,10,55,10,55,25
04d12h11m-04d14h10m:50,10,55,10,55,25
04d12h53m-04d14h00m:42,08,42,15,47,15,47,27,55,27
04d13h41m-04d14h22m:57,30,57,45
04d13h54m-04d15h05m:25,45,45,45,45,40
04d15h06m-04d16h20m:60,10,60,25
04d18h52m-04d22h00m:67,37,67,22
05d00h28m-05d02h27m:17,15,25,15
05d01h34m-05d04h14m:15,03,22,03,22,08,37,08,37,12
05d04h02m-05d05h31m:60,10,60,25
05d08h09m-05d12h04m:57,30,57,45
05d10h17m-05d13h06m:05,20,05,35
05d10h21m-05d13h15m:15,10,30,10,30,18
05d10h54m-05d11h52m:42,08,42,15,47,15,47,27,55,27
05d14h09m-05d15h32m:25,25,30,25,30,30,35,30
05d17h46m-05d21h39m:10,20,40,20,40,35
05d18h15m-05d19h44m:25,45,45,45,45,40
05d18h31m-05d21h22m:15,03,22,03,22,08,37,08,37,12
05d19h02m-05d19h33m:25,45,45,45,45,40
05d19h26m-05d21h25m:50,10,55,10,55,25
05d19h28m-05d20h12m:15,40,27,40
05d21h41m-06d01h19m:60,10,60,25
05d23h02m-06d02h06m:15,03,22,03,22,08,37,08,37,12
06d00h23m-06d02h00m:08,03,08,23,20,23
06d01h36m-06d05h12m:25,25,30,25,30,30,35,30
06d03h28m-06d04h02m:15,03,22,03,22,08,37,08,37,12
06d04h39m-06d05h20m:60,10,60,25
06d04h46m-06d08h12m:25,25,30,25,30,30,35,30
06d05h06m-06d06h38m:15,25,15,30,20,30,20,35,30,35,30,40
06d07h12m-06d10h52m:15,25,15,30,20,30,20,35,30,35,30,40
06d08h14m-06d09h09m:25,45,45,45,45,40
06d10h53m-06d12h45m:25,25,30,25,30,30,35,30
06d12h30m-06d13h03m:15,03,22,03,22,08,37,08,37,12
06d13h09m-06d14h34m:15,40,27,40
06d13h27m-06d14h06m:50,10,55,10,55,25
06d14h40m-06d15h29m:57,30,57,45
06d15h26m-06d16h13m:60,10,60,25
06d15h28m-06d19h09m:60,10,60,25
06d19h23m-06d22h34m:50,10,55,10,55,25
06d19h58m-06d23h17m:25,25,30,25,30,30,35,30
06d23h32m-07d02h22m:15,40,27,40
07d01h04m-07d03h43m:15,03,22,03,22,08,37,08,37,12
07d01h41m-07d02h47m:17,15,25,15
07d02h06m-07d05h24m:67,37,67,22
07d02h32m-07d02h50m:15,40,27,40
07d02h37m-07d04h15m:57,30,57,45
07d03h06m-07d06h44m:60,10,60,25
07d04h38m-07d05h13m:05,20,05,35
07d05h39m-07d07h04m:15,25,15,30,20,30,20,35,30,35,30,40
07d05h44m-07d09h40m:67,37,67,22
07d07h18m-07d10h40m:05,20,05,35
07d07h36m-07d09h45m:57,30,57,45
07d11h25m-07d12h40m:42,08,42,15,47,15,47,27,55,27
07d11h38m-07d13h06m:15,10,30,10,30,18
07d11h44m-07d12h52m:17,15,25,15
07d14h58m-07d17h40m:15,03,22,03,22,08,37,08,37,12
07d15h11m-07d17h41m:42,08,42,15,47,15,47,27,55,27
07d15h44m-07d16h37m:15,25,15,30,20,30,20,35,30,35,30,40
07d17h59m-07d18h35m:15,40,27,40
07d18h21m-07d21h26m:25,45,45,45,45,40
07d19h02m-07d19h20m:50,10,55,10,55,25
07d20h30m-08d00h14m:17,15,25,15
07d22h35m-08d00h08m:10,20,40,20,40,35
07d22h42m-08d00h59m:60,10,60,25
08d04h10m-08d07h26m:05,20,05,35
08d04h38m-08d06h07m:15,10,30,10,30,18
08d05h07m-08d06h04m:17,15,25,15
08d06h00m-08d07h31m:08,03,08,23,20,23
08d06h07m-08d08h22m:25,25,30,25,30,30,35,30
08d07h31m-08d10h55m:10,20,40,20,40,35
08d07h48m-08d08h38m:17,15,25,15
08d08h14m-08d11h47m:50,10,55,10,55,25
08d09h08m-08d11h41m:25,25,30,25,30,30,35,30
08d10h32m-08d14h07m:17,15,25,15
08d10h52m-08d12h38m:08,03,08,23,20,23
08d14h33m-08d16h30m:15,03,22,03,22,08,37,08,37,12
08d16h07m-08d17h57m:67,37,67,22
08d16h43m-08d17h34m:42,08,42,15,47,15,47,27,55,27
08d17h08m-08d17h39m:05,20,05,35
08d18h11m-08d21h55m:15,40,27,40
08d20h08m-08d21h11m:05,20,05,35
08d20h22m-08d21h28m:42,08,42,15,47,15,47,27,55,27
08d21h46m-08d22h34m:08,03,08,23,20,23
08d22h39m-09d01h53m:05,20,05,35
08d22h45m-09d02h18m:15,10,30,10,30,18
09d04h33m-09d05h07m:50,10,55,10,55,25
09d04h40m-09d05h25m:08,03,08,23,20,23
09d04h45m-09d07h12m:10,20,40,20,40,35
09d05h55m-09d09h47m:60,10,60,25
09d10h38m-09d14h21m:15,25,15,30,20,30,20,35,30,35,30,40
09d18h49m-09d20h31m:60,10,60,25
09d18h53m-09d19h43m:15,25,15,30,20,30,20,35,30,35,30,40
09d19h46m-09d23h31m:25,45,45,45,45,40
09d22h06m-10d02h03m:25,25,30,25,30,30,35,30
09d23h13m-10d02h04m:15,25,15,30,20,30,20,35,30,35,30,40
10d00h11m-10d02h03m:05,20,05,35
10d00h21m-10d01h00m:50,10,55,10,55,25
10d00h23m-10d01h21m:25,45,45,45,45,40
10d02h05m-10d02h29m:15,10,30,10,30,18
10d03h14m-10d03h55m:08,03,08,23,20,23
10d04h44m-10d05h32m:05,20,05,35
10d05h54m-10d07h59m:42,08,42,15,47,15,47,27,55,27
10d08h07m-10d10h23m:25,45,45,45,45,40
10d08h10m-10d10h26m:10,20,40,20,40,35
10d09h08m-10d09h23m:15,10,30,10,30,18
10d10h38m-10d11h19m:15,40,27,40
10d11h36m-10d13h06m:15,25,15,30,20,30,20,35,30,35,30,40
10d12h43m-10d14h51m:15,40,27,40
10d15h19m-10d18h17m:15,10,30,10,30,18
10d16h31m-10d17h02m:15,40,27,40
10d16h46m-10d18h18m:10,20,40,20,40,35
10d16h49m-10d17h20m:05,20,05,35
10d18h33m-10d21h16m:15,03,22,03,22,08,37,08,37,12
10d21h03m-10d23h09m:05,20,05,35
10d21h11m-10d22h40m:08,03,08,23,20,23
10d21h19m-10d23h10m:15,10,30,10,30,18
10d22h41m-11d01h41m:15,25,15,30,20,30,20,35,30,35,30,40
10d23h37m-11d01h17m:15,03,22,03,22,08,37,08,37,12
10d23h58m-11d03h20m:15,03,22,03,22,08,37,08,37,12
11d01h00m-11d01h32m:50,10,55,10,55,25
11d01h17m-11d02h30m:15,10,30,10,30,18
11d01h17m-11d03h34m:10,20,40,20,40,35
11d05h01m-11d06h37m:57,30,57,45
11d12h27m-11d15h50m:15,10,30,10,30,18
11d13h05m-11d16h10m:15,25,15,30,20,30,20,35,30,35,30,40
11d14h23m-11d16h59m:57,30,57,45
11d14h41m-11d17h30m:08,03,08,23,20,23
11d16h23m-11d18h02m:42,08,42,15,47,15,47,27,55,27
11d17h31m-11d18h56m:15,25,15,30,20,30,20,35,30,35,30,40
11d20h05m-11d23h46m:15,40,27,40
11d20h12m-11d23h39m:60,10,60,25
11d20h41m-11d23h14m:25,25,30,25,30,30,35,30
11d21h33m-11d22h16m:05,20,05,35
12d00h21m-12d03h50m:50,10,55,10,55,25
12d00h23m-12d02h43m:15,25,15,30,20,30,20,35,30,35,30,40
12d01h11m-12d03h25m:67,37,67,22
12d01h32m-12d05h01m:08,03,08,23,20,23
12d02h23m-12d03h08m:42,08,42,15,47,15,47,27,55,27
12d03h27m-12d05h50m:25,25,30,25,30,30,35,30
12d03h28m-12d04h03m:10,20,40,20,40,35
12d05h55m-12d09h21m:08,03,08,23,20,23
12d07h07m-12d09h53m:67,37,67,22
12d08h39m-12d10h01m:42,08,42,15,47,15,47,27,55,27
12d08h40m-12d10h36m:42,08,42,15,47,15,47,27,55,27
12d10h13m-12d14h13m:15,10,30,10,30,18
12d12h37m-12d15h20m:05,20,05,35
12d14h29m-12d18h17m:15,10,30,10,30,18
12d15h18m-12d18h25m:15,10,30,10,30,18
12d16h40m-12d17h25m:42,08,42,15,47,15,47,27,55,27
12d19h21m-12d20h57m:10,20,40,20,40,35
12d19h44m-12d20h16m:25,45,45,45,45,40
12d20h41m-12d23h38m:42,08,42,15,47,15,47,27,55,27
12d21h07m-12d23h51m:10,20,40,20,40,35
12d21h41m-13d00h21m:15,40,27,40
12d22h04m-13d01h41m:50,10,55,10,55,25
13d00h39m-13d02h02m:15,40,27,40
13d00h49m-13d03h34m:08,03,08,23,20,23
13d00h52m-13d01h47m:50,10,55,10,55,25
13d00h55m-13d03h34m:25,25,30,25,30,30,35,30
13d01h14m-13d04h47m:17,15,25,15
13d01h47m-13d02h21m:50,10,55,10,55,25
13d02h10m-13d05h16m:15,40,27,40
13d02h27m-13d06h09m:15,03,22,03,22,08,37,08,37,12
13d03h35m-13d04h28m:17,15,25,15
13d03h42m-13d06h16m:08,03,08,23,20,23
13d04h21m-13d06h14m:57,30,57,45
13d04h28m-13d05h46m:15,03,22,03,22,08,37,08,37,12
13d07h09m-13d10h39m:50,10,55,10,55,25
13d08h24m-13d09h14m:60,10,60,25
13d13h38m-13d14h37m:25,45,45,45,45,40
13d14h25m-13d17h56m:15,03,22,03,22,08,37,08,37,12
13d15h42m-13d16h30m:17,15,25,15
13d15h52m-13d19h17m:60,10,60,25
13d16h57m-13d18h07m:50,10,55,10,55,25
13d17h24m-13d20h58m:25,45,45,45,45,40
13d18h01m-13d20h30m:15,40,27,40
13d18h30m-13d21h10m:15,25,15,30,20,30,20,35,30,35,30,40
13d22h00m-14d00h49m:10,20,40,20,40,35
13d23h38m-14d00h36m:10,20,40,20,40,35
13d23h46m-14d03h07m:15,03,22,03,22,08,37,08,37,12
13d23h59m-14d01h08m:15,10,30,10,30,18
14d00h02m-14d00h22m:05,20,05,35
14d01h02m-14d01h41m:08,03,08,23,20,23
14d04h47m-14d08h47m:05,20,05,35
14d06h07m-14d07h09m:10,20,40,20,40,35
14d07h53m-14d11h29m:08,03,08,23,20,23
14d08h42m-14d12h16m:60,10,60,25
14d09h45m-14d10h02m:15,03,22,03,22,08,37,08,37,12
14d09h49m-14d10h48m:15,10,30,10,30,18
14d09h55m-14d13h53m:17,15,25,15
14d10h26m-14d12h34m:60,10,60,25
14d10h47m-14d14h01m:42,08,42,15,47,15,47,27,55,27
14d14h04m-14d14h43m:57,30,57,45
14d16h00m-14d19h55m:15,25,15,30,20,30,20,35,30,35,30,40
14d20h00m-14d21h43m:67,37,67,22
14d21h29m-14d23h29m:05,20,05,35
15d01h37m-15d05h31m:17,15,25,15
15d02h38m-15d05h39m:25,45,45,45,45,40
15d02h40m-15d04h58m:60,10,60,25
15d02h56m-15d06h52m:15,40,27,40
15d04h57m-15d07h16m:25,25,30,25,30,30,35,30
15d05h07m-15d08h07m:60,10,60,25
15d08h04m-15d09h25m:15,25,15,30,20,30,20,35,30,35,30,40
15d08h54m-15d10h14m:50,10,55,10,55,25
15d12h43m-15d13h17m:08,03,08,23,20,23
15d13h01m-15d14h59m:05,20,05,35
15d14h34m-15d17h42m:05,20,05,35
15d14h59m-15d17h28m:60,10,60,25
15d16h08m-15d17h25m:15,25,15,30,20,30,20,35,30,35,30,40
15d18h19m-15d19h59m:15,10,30,10,30,18
15d19h12m-15d20h57m:15,03,22,03,22,08,37,08,37,12
15d21h48m-16d00h31m:15,10,30,10,30,18
16d01h20m-16d04h57m:25,45,45,45,45,40
16d03h34m-16d05h21m:60,10,60,25
16d05h32m-16d05h55m:25,25,30,25,30,30,35,30
16d05h47m-16d09h01m:60,10,60,25
16d06h06m-16d09h05m:17,15,25,15
16d06h21m-16d08h10m:15,40,27,40
16d09h54m-16d10h59m:10,20,40,20,40,35
16d10h09m-16d12h32m:42,08,42,15,47,15,47,27,55,27
16d13h46m-16d16h02m:17,15,25,15
16d16h37m-16d17h55m:15,03,22,03,22,08,37,08,37,12
16d18h34m-16d19h02m:15,25,15,30,20,30,20,35,30,35,30,40
16d19h35m-16d21h57m:15,03,22,03,22,08,37,08,37,12
16d19h53m-16d20h57m:57,30,57,45
16d21h27m-16d21h48m:10,20,40,20,40,35
16d21h32m-16d23h16m:25,45,45,45,45,40
16d21h34m-17d00h58m:15,40,27,40
16d22h50m-16d23h54m:15,10,30,10,30,18
17d00h33m-17d03h32m:57,30,57,45
17d02h10m-17d04h44m:15,40,27,40
17d02h44m-17d03h15m:42,08,42,15,47,15,47,27,55,27
17d02h49m-17d03h39m:15,10,30,10,30,18
17d04h11m-17d06h35m:10,20,40,20,40,35
17d04h36m-17d05h37m:15,40,27,40
17d04h52m-17d06h30m:57,30,57,45
17d06h02m-17d09h01m:42,08,42,15,47,15,47,27,55,27
17d06h28m-17d10h07m:57,30,57,45
17d08h09m-17d12h06m:25,25,30,25,30,30,35,30
17d10h32m-17d12h11m:25,45,45,45,45,40
17d10h59m-17d14h48m:25,45,45,45,45,40
17d11h33m-17d15h33m:15,40,27,40
17d11h49m-17d14h35m:67,37,67,22
17d12h23m-17d14h22m:15,40,27,40
17d12h28m-17d14h18m:10,20,40,20,40,35
17d14h42m-17d18h00m:15,25,15,30,20,30,20,35,30,35,30,40
17d15h35m-17d18h22m:17,15,25,15
17d15h37m-17d18h17m:15,10,30,10,30,18
17d16h07m-17d17h06m:60,10,60,25
17d16h14m-17d19h09m:50,10,55,10,55,25
17d16h18m-17d16h53m:42,08,42,15,47,15,47,27,55,27
17d17h24m-17d19h12m:57,30,57,45
17d20h04m-17d22h37m:15,40,27,40
17d22h00m-18d00h00m:05,20,05,35
17d22h37m-18d02h01m:15,10,30,10,30,18
17d22h44m-17d23h00m:08,03,08,23,20,23
17d22h48m-17d23h54m:08,03,08,23,20,23
17d23h11m-18d00h17m:05,20,05,35
17d23h20m-18d03h00m:25,25,30,25,30,30,35,30
18d01h08m-18d03h34m:42,08,42,15,47,15,47,27,55,27
18d02h06m-18d05h30m:67,37,67,22
18d02h23m-18d05h07m:50,10,55,10,55,25
18d11h52m-18d12h38m:15,25,15,30,20,30,20,35,30,35,30,40
18d12h36m-18d15h24m:67,37,67,22
18d12h48m-18d16h16m:15,03,22,03,22,08,37,08,37,12
18d15h08m-18d15h52m:08,03,08,23,20,23
18d18h07m-18d19h39m:17,15,25,15
18d23h18m-19d01h01m:25,25,30,25,30,30,35,30
18d23h25m-19d00h53m:05,20,05,35
19d01h23m-19d03h33m:57,30,57,45
19d01h47m-19d04h34m:17,15,25,15
19d04h21m-19d06h21m:67,37,67,22
19d05h48m-19d06h14m:50,10,55,10,55,25
19d06h17m-19d07h06m:05,20,05,35
19d06h43m-19d07h29m:10,20,40,20,40,35
19d08h14m-19d10h28m:15,10,30,10,30,18
19d08h25m-19d08h52m:15,03,22,03,22,08,37,08,37,12
19d08h33m-19d11h56m:15,25,15,30,20,30,20,35,30,35,30,40
19d10h24m-19d13h58m:17,15,25,15
19d10h36m-19d11h29m:10,20,40,20,40,35
19d10h43m-19d13h20m:25,45,45,45,45,40
19d12h05m-19d14h37m:10,20,40,20,40,35
19d15h10m-19d17h47m:25,45,45,45,45,40
19d15h14m-19d18h55m:67,37,67,22
19d15h50m-19d17h29m:60,10,60,25
19d18h02m-19d19h05m:25,45,45,45,45,40
19d18h21m-19d20h47m:67,37,67,22
19d18h26m-19d22h20m:50,10,55,10,55,25
19d18h59m-19d20h15m:15,25,15,30,20,30,20,35,30,35,30,40
19d21h23m-19d21h38m:17,15,25,15
19d22h10m-20d01h32m:42,08,42,15,47,15,47,27,55,27
19d22h11m-19d23h12m:50,10,55,10,55,25
20d01h34m-20d05h10m:15,03,22,03,22,08,37,08,37,12
20d02h15m-20d04h40m:15,25,15,30,20,30,20,35,30,35,30,40
20d06h18m-20d06h39m:42,08,42,15,47,15,47,27,55,27
20d06h54m-20d09h09m:08,03,08,23,20,23
20d10h02m-20d12h27m:08,03,08,23,20,23
20d11h20m-20d14h45m:17,15,25,15
20d18h10m-20d21h37m:10,20,40,20,40,35
20d20h26m-20d23h15m:08,03,08,23,20,23
20d20h46m-20d23h48m:15,03,22,03,22,08,37,08,37,12
20d22h30m-20d22h52m:15,03,22,03,22,08,37,08,37,12
21d00h05m-21d01h32m:67,37,67,22
21d02h03m-21d02h39m:50,10,55,10,55,25
21d02h19m-21d04h57m:05,20,05,35
21d04h47m-21d06h56m:50,10,55,10,55,25
21d05h11m-21d06h46m:57,30,57,45
21d08h43m-21d11h55m:42,08,42,15,47,15,47,27,55,27
21d08h45m-21d12h10m:05,20,05,35
21d09h50m-21d10h17m:15,10,30,10,30,18
21d10h47m-21d12h59m:15,25,15,30,20,30,20,35,30,35,30,40
21d13h03m-21d13h41m:67,37,67,22
21d14h11m-21d17h55m:57,30,57,45
21d15h46m-21d16h35m:17,15,25,15
21d16h43m-21d18h22m:60,10,60,25
21d19h18m-21d21h39m:10,20,40,20,40,35
21d20h35m-22d00h32m:17,15,25,15
21d22h49m-22d00h59m:25,45,45,45,45,40
22d01h26m-22d03h06m:15,10,30,10,30,18
22d04h16m-22d05h24m:10,20,40,20,40,35
22d04h59m-22d07h05m:05,20,05,35
22d07h09m-22d11h08m:15,03,22,03,22,08,37,08,37,12
22d07h20m-22d08h03m:57,30,57,45
22d07h58m-22d08h21m:05,20,05,35
22d08h36m-22d12h34m:25,25,30,25,30,30,35,30
22d08h41m-22d11h19m:57,30,57,45
22d09h00m-22d10h01m:15,03,22,03,22,08,37,08,37,12
22d10h45m-22d14h34m:15,25,15,30,20,30,20,35,30,35,30,40
22d11h11m-22d11h41m:50,10,55,10,55,25
22d11h53m-22d13h19m:57,30,57,45
22d11h57m-22d13h14m:15,25,15,30,20,30,20,35,30,35,30,40
22d12h05m-22d14h26m:17,15,25,15
22d12h11m-22d15h43m:17,15,25,15
22d12h44m-22d15h50m:17,15,25,15
22d12h49m-22d13h35m:10,20,40,20,40,35
22d13h09m-22d15h48m:15,03,22,03,22,08,37,08,37,12
22d13h36m-22d16h28m:25,45,45,45,45,40
22d13h44m-22d14h04m:67,37,67,22
22d14h24m-22d15h47m:15,03,22,03,22,08,37,08,37,12
22d14h55m-22d15h51m:25,45,45,45,45,40
22d15h15m-22d17h40m:67,37,67,22
22d17h59m-22d19h41m:15,10,30,10,30,18
22d19h46m-22d22h37m:25,25,30,25,30,30,35,30
22d19h55m-22d20h49m:15,40,27,40
22d22h26m-23d02h24m:15,40,27,40
23d00h26m-23d01h35m:10,20,40,20,40,35
23d01h10m-23d03h39m:05,20,05,35
23d01h21m-23d05h15m:25,25,30,25,30,30,35,30
23d01h40m-23d05h36m:08,03,08,23,20,23
23d01h59m-23d05h04m:15,40,27,40
23d03h47m-23d04h57m:08,03,08,23,20,23
23d04h51m-23d06h19m:25,25,30,25,30,30,35,30
23d06h35m-23d09h05m:67,37,67,22
23d08h23m-23d09h12m:15,25,15,30,20,30,20,35,30,35,30,40
23d10h51m-23d13h00m:15,25,15,30,20,30,20,35,30,35,30,40
23d12h46m-23d13h16m:25,25,30,25,30,30,35,30
23d12h59m-23d15h45m:50,10,55,10,55,25
23d16h00m-23d16h39m:50,10,55,10,55,25
23d17h36m-23d20h34m:42,08,42,15,47,15,47,27,55,27
23d17h48m-23d20h30m:15,25,15,30,20,30,20,35,30,35,30,40
23d18h31m-23d22h29m:15,10,30,10,30,18
23d20h58m-23d23h43m:25,45,45,45,45,40
23d21h52m-24d01h36m:15,25,15,30,20,30,20,35,30,35,30,40
23d22h15m-24d01h06m:15,40,27,40
23d23h10m-24d01h51m:25,25,30,25,30,30,35,30
24d00h41m-24d02h41m:57,30,57,45
24d01h11m-24d04h27m:25,45,45,45,45,40
24d03h12m-24d06h28m:17,15,25,15
24d03h44m-24d04h51m:50,10,55,10,55,25
24d04h33m-24d07h56m:15,10,30,10,30,18
24d04h40m-24d08h33m:15,25,15,30,20,30,20,35,30,35,30,40
24d04h47m-24d07h54m:10,20,40,20,40,35
24d06h26m-24d08h30m:67,37,67,22
24d08h28m-24d09h46m:25,25,30,25,30,30,35,30
24d10h16m-24d13h08m:15,03,22,03,22,08,37,08,37,12
24d10h18m-24d11h46m:08,03,08,23,20,23
24d11h51m-24d12h44m:15,25,15,30,20,30,20,35,30,35,30,40
24d13h09m-24d15h26m:05,20,05,35
24d13h12m-24d15h41m:05,20,05,35
24d13h54m-24d16h16m:57,30,57,45
24d14h35m-24d17h45m:57,30,57,45
24d15h05m-24d16h20m:15,03,22,03,22,08,37,08,37,12
24d15h09m-24d18h28m:15,03,22,03,22,08,37,08,37,12
24d15h57m-24d19h28m:42,08,42,15,47,15,47,27,55,27
24d18h30m-24d19h46m:25,25,30,25,30,30,35,30
24d19h30m-24d20h08m:25,45,45,45,45,40
24d19h39m-24d20h42m:15,40,27,40
24d21h51m-25d01h12m:60,10,60,25
24d22h40m-24d23h09m:57,30,57,45
24d23h13m-25d02h05m:57,30,57,45
24d23h35m-25d02h52m:15,40,27,40
25d01h47m-25d03h50m:10,20,40,20,40,35
25d01h50m-25d03h26m:17,15,25,15
25d02h15m-25d03h07m:25,25,30,25,30,30,35,30
25d02h28m-25d04h56m:08,03,08,23,20,23
25d02h58m-25d03h29m:25,45,45,45,45,40
25d05h24m-25d05h55m:57,30,57,45
25d05h41m-25d09h28m:42,08,42,15,47,15,47,27,55,27
25d06h08m-25d08h28m:25,25,30,25,30,30,35,30
25d06h31m-25d09h30m:15,10,30,10,30,18
25d08h26m-25d10h24m:15,40,27,40
25d08h43m-25d12h13m:17,15,25,15
25d10h15m-25d12h42m:10,20,40,20,40,35
25d11h57m-25d15h01m:57,30,57,45
25d13h20m-25d14h18m:10,20,40,20,40,35
25d14h37m-25d14h57m:17,15,25,15
25d17h53m-25d20h23m:15,40,27,40
25d19h29m-25d22h57m:25,25,30,25,30,30,35,30
25d22h14m-25d23h49m:15,10,30,10,30,18
26d00h04m-26d00h57m:50,10,55,10,55,25
26d02h31m-26d06h14m:15,03,22,03,22,08,37,08,37,12
26d04h16m-26d06h21m:50,10,55,10,55,25
26d05h15m-26d07h12m:42,08,42,15,47,15,47,27,55,27
26d10h55m-26d13h39m:05,20,05,35
26d10h59m-26d12h00m:25,25,30,25,30,30,35,30
26d12h14m-26d13h39m:25,25,30,25,30,30,35,30
26d12h20m-26d13h49m:25,45,45,45,45,40
26d12h22m-26d15h43m:10,20,40,20,40,35
26d12h43m-26d13h09m:15,40,27,40
26d13h50m-26d17h29m:50,10,55,10,55,25
26d15h29m-26d18h08m:05,20,05,35
26d21h46m-26d22h53m:05,20,05,35
27d00h10m-27d02h10m:10,20,40,20,40,35
27d00h27m-27d01h45m:25,25,30,25,30,30,35,30
27d00h42m-27d02h14m:67,37,67,22
27d00h52m-27d04h47m:50,10,55,10,55,25
27d04h11m-27d04h48m:67,37,67,22
27d05h23m-27d07h25m:60,10,60,25
27d05h26m-27d07h18m:42,08,42,15,47,15,47,27,55,27
27d05h50m-27d07h25m:25,45,45,45,45,40
27d06h01m-27d08h57m:15,10,30,10,30,18
27d06h59m-27d08h44m:15,03,22,03,22,08,37,08,37,12
27d09h06m-27d10h54m:10,20,40,20,40,35
27d10h26m-27d14h02m:42,08,42,15,47,15,47,27,55,27
27d11h33m-27d13h51m:15,40,27,40
27d16h18m-27d17h19m:05,20,05,35
27d17h26m-27d18h02m:25,45,45,45,45,40
27d18h36m-27d21h03m:67,37,67,22
27d18h44m-27d22h16m:67,37,67,22
27d20h15m-27d23h53m:25,45,45,45,45,40
27d21h35m-28d01h21m:15,03,22,03,22,08,37,08,37,12
27d22h53m-27d23h47m:57,30,57,45
27d23h13m-28d02h41m:15,40,27,40
28d00h44m-28d02h38m:42,08,42,15,47,15,47,27,55,27
28d01h04m-28d04h35m:15,10,30,10,30,18
28d04h06m-28d06h19m:10,20,40,20,40,35
28d05h08m-28d06h10m:50,10,55,10,55,25
28d05h37m-28d07h56m:67,37,67,22
28d05h54m-28d09h34m:15,03,22,03,22,08,37,08,37,12
28d09h19m-28d11h30m:25,45,45,45,45,40
28d09h38m-28d11h02m:15,03,22,03,22,08,37,08,37,12
28d10h04m-28d11h47m:15,40,27,40
28d12h01m-28d13h52m:15,10,30,10,30,18
28d12h21m-28d14h30m:57,30,57,45
28d14h58m-28d15h31m:15,10,30,10,30,18
28d14h58m-28d16h56m:05,20,05,35
28d15h53m-28d17h01m:57,30,57,45
28d17h07m-28d18h32m:15,03,22,03,22,08,37,08,37,12
28d17h42m-28d20h45m:05,20,05,35
28d18h05m-28d20h56m:08,03,08,23,20,23
28d20h44m-28d23h15m:60,10,60,25
28d21h12m-29d00h48m:57,30,57,45
28d21h28m-28d21h47m:08,03,08,23,20,23
28d21h41m-28d23h10m:25,25,30,25,30,30,35,30
28d23h43m-29d00h46m:15,10,30,10,30,18
28d23h48m-29d02h35m:10,20,40,20,40,35
29d02h33m-29d05h03m:57,30,57,45
29d07h45m-29d08h40m:15,10,30,10,30,18
29d10h33m-29d13h15m:60,10,60,25
29d10h45m-29d12h46m:15,10,30,10,30,18
29d12h02m-29d14h04m:25,25,30,25,30,30,35,30
29d12h12m-29d13h14m:67,37,67,22
29d15h49m-29d16h18m:05,20,05,35
29d16h28m-29d19h25m:05,20,05,35
29d17h42m-29d20h52m:25,25,30,25,30,30,35,30
29d17h51m-29d19h29m:67,37,67,22
29d19h12m-29d21h25m:57,30,57,45
29d19h57m-29d22h46m:15,03,22,03,22,08,37,08,37,12
29d20h24m-29d21h55m:15,03,22,03,22,08,37,08,37,12
29d21h22m-29d22h20m:25,45,45,45,45,40
29d21h48m-30d00h23m:42,08,42,15,47,15,47,27,55,27
29d22h12m-29d23h56m:60,10,60,25
29d23h40m-30d00h08m:57,30,57,45
30d00h48m-30d02h24m:15,25,15,30,20,30,20,35,30,35,30,40
30d01h14m-30d03h02m:60,10,60,25
30d02h37m-30d05h03m:08,03,08,23,20,23
30d03h03m-30d06h02m:08,03,08,23,20,23
30d04h36m-30d05h45m:25,25,30,25,30,30,35,30
30d05h53m-30d06h10m:10,20,40,20,40,35
30d06h25m-30d07h21m:10,20,40,20,40,35
30d10h10m-30d12h20m:15,25,15,30,20,30,20,35,30,35,30,40
30d12h23m-30d14h56m:57,30,57,45
30d12h24m-30d14h43m:25,25,30,25,30,30,35,30
30d16h32m-30d19h42m:67,37,67,22
30d19h49m-30d21h06m:15,10,30,10,30,18
30d19h52m-30d20h26m:10,20,40,20,40,35
30d20h59m-30d23h43m:15,03,22,03,22,08,37,08,37,12
30d21h37m-30d23h55m:60,10,60,25
30d21h43m-30d22h21m:15,40,27,40
30d21h48m-30d22h12m:57,30,57,45
30d22h55m-31d00h15m:17,15,25,15
30d22h58m-31d01h32m:15,03,22,03,22,08,37,08,37,12
31d00h21m-31d03h49m:05,20,05,35
31d02h17m-31d05h12m:15,03,22,03,22,08,37,08,37,12
31d02h21m-31d03h17m:57,30,57,45
31d02h27m-31d03h06m:60,10,60,25
31d04h27m-31d06h15m:08,03,08,23,20,23
31d06h17m-31d06h47m:15,25,15,30,20,30,20,35,30,35,30,40
31d07h36m-31d09h52m:60,10,60,25
31d09h14m-31d09h41m:17,15,25,15
31d09h27m-31d10h25m:10,20,40,20,40,35
31d10h16m-31d12h09m:15,40,27,40
31d13h42m-31d17h42m:57,30,57,45
31d20h16m-31d21h27m:15,03,22,03,22,08,37,08,37,12
