01d00h28m-01d02h26m:15,03,22,03,22,08,37,08,37,12
01d03h51m-01d06h30m:15,03,22,03,22,08,37,08,37,12
01d05h19m-01d07h32m:10,20,40,20,40,35
01d05h41m-01d06h33m:15,03,22,03,22,08,37,08,37,12
01d06h33m-01d07h32m:57,30,57,45
01d08h45m-01d11h22m:60,10,60,25
01d08h54m-01d12h43m:17,15,25,15
01d11h12m-01d14h10m:15,25,15,30,20,30,20,35,30,35,30,40
01d11h44m-01d14h42m:10,20,40,20,40,35
01d18h38m-01d19h07m:50,10,55,10,55,25
01d19h02m-01d19h26m:15,10,30,10,30,18
01d19h50m-01d23h28m:10,20,40,20,40,35
01d21h38m-01d22h02m:15,40,27,40
01d21h44m-01d22h19m:17,15,25,15
01d23h48m-02d01h14m:25,45,45,45,45,40
02d00h10m-02d02h32m:05,20,05,35
02d00h47m-02d02h16m:15,40,27,40
02d02h45m-02d03h15m:15,40,27,40
02d02h54m-02d06h27m:15,25,15,30,20,30,20,35,30,35,30,40
02d03h32m-02d04h13m:25,45,45,45,45,40
02d03h48m-02d07h32m:15,40,27,40
02d04h59m-02d07h29m:15,40,27,40
02d06h34m-02d08h45m:15,10,30,10,30,18
02d06h45m-02d10h20m:05,20,05,35
02d09h42m-02d11h56m:25,25,30,25,30,30,35,30
02d10h05m-02d12h27m:60,10,60,25
02d11h30m-02d14h25m:15,03,22,03,22,08,37,08,37,12
02d11h42m-02d14h51m:67,37,67,22
02d11h52m-02d14h15m:42,08,42,15,47,15,47,27,55,27
02d12h17m-02d14h27m:10,20,40,20,40,35
02d13h15m-02d15h40m:08,03,08,23,20,23
03d02h07m-03d05h48m:25,45,45,45,45,40
03d03h39m-03d05h43m:25,25,30,25,30,30,35,30
03d03h40m-03d04h01m:15,40,27,40
03d03h53m-03d04h30m:25,45,45,45,45,40
03d03h53m-03d07h07m:05,20,05,35
03d04h27m-03d06h45m:10,20,40,20,40,35
03d04h58m-03d07h43m:25,25,30,25,30,30,35,30
03d06h01m-03d07h55m:08,03,08,23,20,23
03d07h27m-03d09h59m:60,10,60,25
03d08h21m-03d10h34m:25,25,30,25,30,30,35,30
03d09h50m-03d11h56m:25,25,30,25,30,30,35,30
03d10h10m-03d12h14m:25,25,30,25,30,30,35,30
03d10h38m-03d14h19m:15,10,30,10,30,18
03d11h58m-03d15h39m:60,10,60,25
03d12h11m-03d15h00m:57,30,57,45
03d12h14m-03d14h36m:15,25,15,30,20,30,20,35,30,35,30,40
03d12h49m-03d15h18m:60,10,60,25
03d13h46m-03d14h53m:15,03,22,03,22,08,37,08,37,12
03d15h45m-03d17h41m:50,10,55,10,55,25
03d15h47m-03d18h04m:25,25,30,25,30,30,35,30
03d18h25m-03d18h57m:15,40,27,40
03d19h08m-03d21h35m:10,20,40,20,40,35
03d20h41m-04d00h21m:15,03,22,03,22,08,37,08,37,12
03d22h06m-04d01h54m:15,25,15,30,20,30,20,35,30,35,30,40
03d22h43m-04d01h17m:15,10,30,10,30,18
03d23h04m-04d00h28m:42,08,42,15,47,15,47,27,55,27
03d23h11m-04d00h13m:25,45,45,45,45,40
04d00h13m-04d01h04m:60,10,60,25
04d01h48m-04d04h29m:50,10,55,10,55,25
04d02h21m-04d03h52m:42,08,42,15,47,15,47,27,55,27
04d02h24m-04d05h41m:15,10,30,10,30,18
04d04h27m-04d07h03m:17,15,25,15
04d04h30m-04d05h57m:67,37,67,22
04d05h43m-04d06h06m:08,03,08,23,20,23
04d06h11m-04d08h58m:15,10,30,10,30,18
04d07h04m-04d10h01m:25,45,45,45,45,40
04d08h41m-04d10h13m:15,10,30,10,30,18
04d10h34m-04d13h51m:17,15,25,15
04d10h57m-04d12h14m:08,03,08,23,20,23
04d12h57m-04d14h36m:10,20,40,20,40,35
04d13h05m-04d13h47m:25,25,30,25,30,30,35,30
04d13h49m-04d14h51m:17,15,25,15
04d14h16m-04d17h06m:57,30,57,45
04d16h48m-04d19h04m:15,40,27,40
04d17h10m-04d19h12m:17,15,25,15
04d17h48m-04d21h46m:57,30,57,45
04d18h03m-04d19h40m:05,20,05,35
04d19h54m-04d21h06m:15,40,27,40
04d20h31m-04d21h27m:42,08,42,15,47,15,47,27,55,27
04d20h53m-04d23h07m:15,40,27,40
04d21h16m-04d23h38m:25,45,45,45,45,40
04d21h49m-05d01h10m:15,10,30,10,30,18
04d21h59m-04d23h31m:10,20,40,20,40,35
04d22h05m-04d23h10m:42,08,42,15,47,15,47,27,55,27
05d00h06m-05d01h48m:10,20,40,20,40,35
05d01h14m-05d02h23m:10,20,40,20,40,35
05d02h37m-05d03h06m:25,45,45,45,45,40
05d03h08m-05d05h53m:42,08,42,15,47,15,47,27,55,27
05d04h02m-05d07h16m:57,30,57,45
05d05h33m-05d09h20m:67,37,67,22
05d06h11m-05d07h57m:15,25,15,30,20,30,20,35,30,35,30,40
05d06h47m-05d07h06m:50,10,55,10,55,25
05d06h48m-05d09h56m:08,03,08,23,20,23
05d06h50m-05d09h22m:50,10,55,10,55,25
05d07h37m-05d08h28m:15,40,27,40
05d09h08m-05d12h18m:15,40,27,40
05d09h55m-05d10h18m:15,40,27,40
05d09h55m-05d12h07m:15,25,15,30,20,30,20,35,30,35,30,40
05d11h30m-05d12h50m:50,10,55,10,55,25
05d11h37m-05d12h04m:05,20,05,35
05d12h06m-05d12h24m:15,25,15,30,20,30,20,35,30,35,30,40
05d13h45m-05d14h14m:25,25,30,25,30,30,35,30
05d14h38m-05d17h21m:57,30,57,45
05d15h36m-05d17h05m:05,20,05,35
05d15h58m-05d18h45m:15,25,15,30,20,30,20,35,30,35,30,40
05d16h11m-05d18h43m:15,10,30,10,30,18
05d16h48m-05d19h04m:17,15,25,15
05d17h58m-05d20h07m:25,25,30,25,30,30,35,30
05d21h30m-05d22h06m:15,25,15,30,20,30,20,35,30,35,30,40
05d22h46m-05d23h39m:25,45,45,45,45,40
05d22h46m-06d01h55m:25,45,45,45,45,40
05d23h46m-06d02h20m:17,15,25,15
06d00h44m-06d04h09m:57,30,57,45
06d05h52m-06d08h25m:42,08,42,15,47,15,47,27,55,27
06d07h04m-06d07h24m:42,08,42,15,47,15,47,27,55,27
06d07h53m-06d10h11m:25,45,45,45,45,40
06d09h24m-06d11h48m:42,08,42,15,47,15,47,27,55,27
06d11h11m-06d11h29m:67,37,67,22
06d18h29m-06d22h24m:05,20,05,35
06d19h17m-06d21h59m:15,40,27,40
06d21h20m-06d23h18m:10,20,40,20,40,35
06d21h42m-07d01h24m:50,10,55,10,55,25
07d00h03m-07d03h36m:10,20,40,20,40,35
07d00h08m-07d01h19m:15,40,27,40
07d01h25m-07d04h37m:60,10,60,25
07d01h49m-07d02h44m:57,30,57,45
07d02h59m-07d04h05m:42,08,42,15,47,15,47,27,55,27
07d03h05m-07d03h51m:15,25,15,30,20,30,20,35,30,35,30,40
07d05h00m-07d08h03m:15,25,15,30,20,30,20,35,30,35,30,40
07d07h07m-07d08h08m:25,45,45,45,45,40
07d07h49m-07d11h16m:50,10,55,10,55,25
07d08h09m-07d09h12m:25,45,45,45,45,40
07d08h12m-07d11h18m:42,08,42,15,47,15,47,27,55,27
07d08h50m-07d11h16m:57,30,57,45
07d09h56m-07d10h57m:15,10,30,10,30,18
07d10h33m-07d11h12m:42,08,42,15,47,15,47,27,55,27
07d10h56m-07d12h51m:67,37,67,22
07d11h31m-07d12h20m:17,15,25,15
07d13h00m-07d15h24m:08,03,08,23,20,23
07d14h58m-07d17h39m:15,10,30,10,30,18
07d16h49m-07d18h27m:10,20,40,20,40,35
07d16h52m-07d18h00m:57,30,57,45
07d17h04m-07d21h04m:60,10,60,25
07d17h17m-07d21h15m:05,20,05,35
07d19h14m-07d20h07m:42,08,42,15,47,15,47,27,55,27
07d19h29m-07d21h04m:67,37,67,22
07d20h04m-07d20h33m:25,25,30,25,30,30,35,30
07d20h23m-08d00h11m:57,30,57,45
07d22h36m-08d01h12m:42,08,42,15,47,15,47,27,55,27
07d22h42m-08d00h14m:05,20,05,35
07d23h48m-08d02h09m:15,25,15,30,20,30,20,35,30,35,30,40
08d01h34m-08d05h04m:15,25,15,30,20,30,20,35,30,35,30,40
08d03h11m-08d03h37m:08,03,08,23,20,23
08d03h27m-08d04h00m:05,20,05,35
08d08h29m-08d12h19m:05,20,05,35
08d08h58m-08d11h30m:57,30,57,45
08d09h25m-08d12h36m:17,15,25,15
08d11h09m-08d12h22m:10,20,40,20,40,35
08d12h05m-08d15h41m:10,20,40,20,40,35
08d15h56m-08d17h39m:60,10,60,25
08d16h38m-08d20h04m:25,25,30,25,30,30,35,30
08d18h42m-08d21h13m:17,15,25,15
08d19h12m-08d22h32m:50,10,55,10,55,25
08d20h42m-08d21h57m:25,25,30,25,30,30,35,30
08d20h48m-08d21h16m:15,40,27,40
08d20h52m-08d21h32m:15,10,30,10,30,18
08d21h55m-09d00h19m:08,03,08,23,20,23
08d22h17m-09d01h25m:08,03,08,23,20,23
09d02h21m-09d04h25m:60,10,60,25
09d05h43m-09d06h15m:15,25,15,30,20,30,20,35,30,35,30,40
09d06h00m-09d08h42m:50,10,55,10,55,25
09d06h43m-09d10h13m:15,03,22,03,22,08,37,08,37,12
09d06h57m-09d09h16m:57,30,57,45
09d08h31m-09d10h45m:57,30,57,45
09d09h36m-09d12h07m:25,25,30,25,30,30,35,30
09d09h41m-09d12h58m:42,08,42,15,47,15,47,27,55,27
09d10h26m-09d10h54m:15,40,27,40
09d10h36m-09d11h16m:15,25,15,30,20,30,20,35,30,35,30,40
09d10h46m-09d11h48m:60,10,60,25
09d13h23m-09d15h48m:42,08,42,15,47,15,47,27,55,27
09d14h07m-09d15h18m:57,30,57,45
09d15h21m-09d19h17m:42,08,42,15,47,15,47,27,55,27
09d15h39m-09d19h36m:15,10,30,10,30,18
09d16h09m-09d18h13m:17,15,25,15
09d16h27m-09d19h15m:25,45,45,45,45,40
09d17h42m-09d20h30m:15,40,27,40
09d19h17m-09d22h27m:17,15,25,15
09d19h28m-09d21h03m:17,15,25,15
09d20h22m-09d22h16m:57,30,57,45
09d20h28m-09d23h53m:15,03,22,03,22,08,37,08,37,12
09d20h48m-09d23h23m:42,08,42,15,47,15,47,27,55,27
09d21h50m-10d01h44m:05,20,05,35
09d22h04m-09d22h26m:05,20,05,35
09d22h05m-10d00h25m:50,10,55,10,55,25
09d22h22m-09d23h05m:15,03,22,03,22,08,37,08,37,12
09d23h00m-10d01h30m:57,30,57,45
10d00h58m-10d01h49m:25,25,30,25,30,30,35,30
10d01h59m-10d04h56m:15,40,27,40
10d03h18m-10d06h32m:50,10,55,10,55,25
10d04h48m-10d05h58m:67,37,67,22
10d07h14m-10d07h56m:17,15,25,15
10d08h07m-10d10h50m:50,10,55,10,55,25
10d08h33m-10d09h35m:50,10,55,10,55,25
10d08h51m-10d12h11m:25,45,45,45,45,40
10d09h22m-10d13h20m:25,25,30,25,30,30,35,30
10d10h04m-10d13h33m:15,10,30,10,30,18
10d10h27m-10d13h01m:25,25,30,25,30,30,35,30
10d10h37m-10d12h18m:17,15,25,15
10d11h11m-10d12h11m:05,20,05,35
10d12h19m-10d12h38m:15,03,22,03,22,08,37,08,37,12
10d12h53m-10d16h16m:25,45,45,45,45,40
10d13h26m-10d14h38m:60,10,60,25
10d14h03m-10d17h00m:42,08,42,15,47,15,47,27,55,27
10d15h20m-10d19h20m:25,25,30,25,30,30,35,30
10d15h44m-10d17h37m:42,08,42,15,47,15,47,27,55,27
10d16h46m-10d20h18m:25,25,30,25,30,30,35,30
10d17h21m-10d19h09m:42,08,42,15,47,15,47,27,55,27
10d18h15m-10d18h36m:15,25,15,30,20,30,20,35,30,35,30,40
10d20h05m-10d22h21m:15,03,22,03,22,08,37,08,37,12
10d22h09m-11d01h48m:25,45,45,45,45,40
10d22h36m-10d23h34m:50,10,55,10,55,25
10d23h58m-11d00h26m:50,10,55,10,55,25
11d02h05m-11d05h08m:50,10,55,10,55,25
11d02h20m-11d05h21m:60,10,60,25
11d02h33m-11d05h55m:25,45,45,45,45,40
11d03h36m-11d05h03m:42,08,42,15,47,15,47,27,55,27
11d04h42m-11d08h23m:05,20,05,35
11d05h05m-11d05h50m:15,25,15,30,20,30,20,35,30,35,30,40
11d05h18m-11d06h32m:67,37,67,22
11d06h54m-11d09h50m:67,37,67,22
11d08h07m-11d10h36m:10,20,40,20,40,35
11d08h29m-11d11h18m:25,45,45,45,45,40
11d11h28m-11d14h23m:15,25,15,30,20,30,20,35,30,35,30,40
11d11h54m-11d13h41m:15,25,15,30,20,30,20,35,30,35,30,40
11d12h39m-11d16h16m:57,30,57,45
11d13h16m-11d16h38m:25,25,30,25,30,30,35,30
11d13h57m-11d16h45m:15,40,27,40
11d14h51m-11d18h41m:08,03,08,23,20,23
11d15h41m-11d16h04m:25,25,30,25,30,30,35,30
11d15h44m-11d18h05m:05,20,05,35
11d16h29m-11d17h28m:15,03,22,03,22,08,37,08,37,12
11d17h33m-11d21h24m:60,10,60,25
11d17h34m-11d19h19m:15,03,22,03,22,08,37,08,37,12
11d18h54m-11d21h53m:25,25,30,25,30,30,35,30
11d19h37m-11d22h22m:60,10,60,25
11d21h02m-11d23h23m:25,25,30,25,30,30,35,30
11d21h09m-12d00h58m:25,45,45,45,45,40
12d02h39m-12d06h35m:15,03,22,03,22,08,37,08,37,12
12d06h07m-12d08h46m:67,37,67,22
12d09h28m-12d12h25m:42,08,42,15,47,15,47,27,55,27
12d10h55m-12d13h48m:05,20,05,35
12d11h16m-12d12h02m:08,03,08,23,20,23
12d12h01m-12d12h26m:05,20,05,35
12d14h07m-12d17h43m:60,10,60,25
12d18h01m-12d19h29m:15,25,15,30,20,30,20,35,30,35,30,40
12d20h17m-12d21h19m:15,25,15,30,20,30,20,35,30,35,30,40
12d20h22m-12d21h10m:57,30,57,45
12d22h04m-13d01h03m:17,15,25,15
12d22h52m-13d00h20m:67,37,67,22
13d00h09m-13d02h39m:15,03,22,03,22,08,37,08,37,12
13d01h39m-13d03h23m:25,45,45,45,45,40
13d03h07m-13d03h43m:10,20,40,20,40,35
13d03h17m-13d03h58m:15,40,27,40
13d06h05m-13d08h18m:05,20,05,35
13d06h23m-13d07h17m:67,37,67,22
13d06h45m-13d10h22m:10,20,40,20,40,35
13d06h48m-13d07h48m:42,08,42,15,47,15,47,27,55,27
13d07h19m-13d09h59m:17,15,25,15
13d07h40m-13d08h46m:08,03,08,23,20,23
13d09h44m-13d13h21m:15,25,15,30,20,30,20,35,30,35,30,40
13d12h08m-13d13h25m:15,03,22,03,22,08,37,08,37,12
13d12h35m-13d15h47m:15,25,15,30,20,30,20,35,30,35,30,40
13d13h51m-13d15h55m:60,10,60,25
13d15h06m-13d17h42m:25,25,30,25,30,30,35,30
13d17h51m-13d18h27m:08,03,08,23,20,23
13d17h55m-13d21h42m:25,45,45,45,45,40
13d18h42m-13d22h20m:15,10,30,10,30,18
13d19h05m-13d19h59m:42,08,42,15,47,15,47,27,55,27
13d20h08m-13d23h35m:15,25,15,30,20,30,20,35,30,35,30,40
13d21h04m-13d21h46m:57,30,57,45
13d21h54m-14d00h14m:17,15,25,15
14d00h39m-14d03h09m:60,10,60,25
14d01h02m-14d04h49m:15,25,15,30,20,30,20,35,30,35,30,40
14d03h30m-14d06h00m:60,10,60,25
14d03h47m-14d05h10m:60,10,60,25
14d03h53m-14d07h49m:25,45,45,45,45,40
14d04h13m-14d07h33m:10,20,40,20,40,35
14d05h00m-14d08h59m:60,10,60,25
14d05h27m-14d06h22m:25,45,45,45,45,40
14d08h02m-14d09h53m:42,08,42,15,47,15,47,27,55,27
14d09h41m-14d12h39m:10,20,40,20,40,35
14d11h27m-14d13h21m:05,20,05,35
14d14h05m-14d15h27m:05,20,05,35
14d16h09m-14d18h32m:25,45,45,45,45,40
14d17h22m-14d21h12m:25,45,45,45,45,40
14d19h53m-14d22h16m:42,08,42,15,47,15,47,27,55,27
14d20h51m-14d23h57m:15,03,22,03,22,08,37,08,37,12
14d20h57m-15d00h29m:05,20,05,35
15d00h44m-15d02h00m:57,30,57,45
15d03h43m-15d07h13m:05,20,05,35
15d04h10m-15d07h07m:25,25,30,25,30,30,35,30
15d05h06m-15d07h18m:15,03,22,03,22,08,37,08,37,12
15d05h49m-15d07h47m:67,37,67,22
15d06h45m-15d07h11m:05,20,05,35
15d06h56m-15d10h39m:17,15,25,15
15d10h52m-15d11h45m:15,10,30,10,30,18
15d11h51m-15d12h31m:10,20,40,20,40,35
15d12h11m-15d15h40m:15,40,27,40
15d12h23m-15d14h56m:15,03,22,03,22,08,37,08,37,12
15d14h03m-15d16h22m:05,20,05,35
15d14h35m-15d16h00m:25,25,30,25,30,30,35,30
15d15h32m-15d17h04m:15,25,15,30,20,30,20,35,30,35,30,40
15d15h44m-15d16h42m:57,30,57,45
15d17h20m-15d18h39m:15,03,22,03,22,08,37,08,37,12
15d20h52m-15d23h52m:50,10,55,10,55,25
15d21h15m-15d23h47m:57,30,57,45
16d02h15m-16d06h02m:60,10,60,25
16d02h58m-16d05h54m:67,37,67,22
16d05h07m-16d05h47m:15,03,22,03,22,08,37,08,37,12
16d07h03m-16d09h34m:08,03,08,23,20,23
16d07h15m-16d07h50m:15,25,15,30,20,30,20,35,30,35,30,40
16d11h31m-16d12h05m:25,25,30,25,30,30,35,30
16d11h47m-16d15h47m:05,20,05,35
16d13h32m-16d13h50m:25,45,45,45,45,40
16d14h04m-16d17h42m:50,10,55,10,55,25
16d15h41m-16d16h29m:57,30,57,45
16d15h41m-16d16h51m:60,10,60,25
16d16h27m-16d19h30m:15,40,27,40
16d17h40m-16d19h49m:57,30,57,45
16d19h03m-16d22h19m:25,45,45,45,45,40
16d19h47m-16d21h28m:15,03,22,03,22,08,37,08,37,12
16d19h56m-16d20h55m:15,40,27,40
16d20h08m-16d20h54m:17,15,25,15
16d20h13m-17d00h09m:57,30,57,45
17d05h18m-17d06h24m:15,40,27,40
17d08h57m-17d09h16m:60,10,60,25
17d09h26m-17d12h32m:57,30,57,45
17d10h00m-17d10h26m:60,10,60,25
17d16h12m-17d16h34m:15,03,22,03,22,08,37,08,37,12
17d16h52m-17d20h03m:57,30,57,45
17d19h30m-17d20h31m:15,25,15,30,20,30,20,35,30,35,30,40
17d21h20m-17d21h57m:50,10,55,10,55,25
17d21h46m-18d00h38m:42,08,42,15,47,15,47,27,55,27
17d21h53m-17d23h38m:15,40,27,40
17d23h48m-18d00h15m:50,10,55,10,55,25
18d00h26m-18d02h46m:50,10,55,10,55,25
18d06h38m-18d10h38m:15,25,15,30,20,30,20,35,30,35,30,40
18d09h32m-18d10h05m:15,25,15,30,20,30,20,35,30,35,30,40
18d09h44m-18d11h19m:15,03,22,03,22,08,37,08,37,12
18d10h29m-18d12h55m:42,08,42,15,47,15,47,27,55,27
18d12h33m-18d15h31m:15,03,22,03,22,08,37,08,37,12
18d13h24m-18d13h42m:15,40,27,40
18d13h44m-18d17h27m:17,15,25,15
18d14h01m-18d15h39m:15,25,15,30,20,30,20,35,30,35,30,40
18d14h04m-18d16h00m:15,03,22,03,22,08,37,08,37,12
18d16h51m-18d20h26m:05,20,05,35
18d18h42m-18d20h48m:57,30,57,45
18d19h07m-18d20h16m:17,15,25,15
18d19h15m-18d21h28m:10,20,40,20,40,35
18d20h19m-18d22h15m:05,20,05,35
19d00h34m-19d01h25m:15,03,22,03,22,08,37,08,37,12
19d00h39m-19d02h11m:15,40,27,40
19d10h03m-19d13h08m:17,15,25,15
19d12h10m-19d14h22m:17,15,25,15
19d12h23m-19d15h16m:10,20,40,20,40,35
19d12h58m-19d16h30m:67,37,67,22
19d14h38m-19d16h33m:42,08,42,15,47,15,47,27,55,27
19d16h53m-19d19h14m:50,10,55,10,55,25
19d17h31m-19d18h46m:57,30,57,45
19d18h56m-19d20h38m:25,45,45,45,45,40
19d19h41m-19d22h27m:57,30,57,45
20d00h10m-20d01h08m:42,08,42,15,47,15,47,27,55,27
20d00h36m-20d01h54m:08,03,08,23,20,23
20d02h49m-20d03h39m:05,20,05,35
20d03h11m-20d04h49m:42,08,42,15,47,15,47,27,55,27
20d03h14m-20d03h45m:15,40,27,40
20d03h39m-20d05h24m:15,40,27,40
20d06h23m-20d09h50m:25,45,45,45,45,40
20d06h29m-20d09h05m:57,30,57,45
20d06h51m-20d10h07m:15,10,30,10,30,18
20d07h16m-20d10h51m:57,30,57,45
20d09h06m-20d10h27m:15,40,27,40
20d10h31m-20d12h25m:50,10,55,10,55,25
20d10h48m-20d11h25m:60,10,60,25
20d11h15m-20d15h00m:08,03,08,23,20,23
20d12h02m-20d14h22m:10,20,40,20,40,35
20d12h09m-20d12h41m:17,15,25,15
20d12h17m-20d15h24m:15,40,27,40
20d14h48m-20d16h05m:42,08,42,15,47,15,47,27,55,27
20d15h41m-20d18h48m:57,30,57,45
20d16h30m-20d19h59m:60,10,60,25
20d20h41m-21d00h27m:25,25,30,25,30,30,35,30
20d20h56m-20d22h54m:42,08,42,15,47,15,47,27,55,27
20d23h25m-20d23h47m:15,40,27,40
21d00h58m-21d02h29m:50,10,55,10,55,25
21d03h42m-21d07h37m:25,45,45,45,45,40
21d04h54m-21d08h43m:60,10,60,25
21d04h59m-21d08h13m:42,08,42,15,47,15,47,27,55,27
21d05h20m-21d06h29m:10,20,40,20,40,35
21d05h20m-21d08h55m:15,25,15,30,20,30,20,35,30,35,30,40
21d05h22m-21d06h09m:15,40,27,40
21d07h00m-21d10h09m:57,30,57,45
21d07h40m-21d11h33m:67,37,67,22
21d09h09m-21d09h31m:67,37,67,22
21d10h20m-21d12h15m:42,08,42,15,47,15,47,27,55,27
21d10h24m-21d11h34m:42,08,42,15,47,15,47,27,55,27
21d10h49m-21d12h40m:17,15,25,15
21d11h36m-21d14h27m:60,10,60,25
21d12h45m-21d16h14m:15,40,27,40
21d12h46m-21d14h24m:25,25,30,25,30,30,35,30
21d13h36m-21d15h26m:25,45,45,45,45,40
21d15h19m-21d16h58m:50,10,55,10,55,25
21d15h25m-21d15h56m:57,30,57,45
21d15h35m-21d18h56m:08,03,08,23,20,23
21d16h24m-21d19h04m:15,40,27,40
21d17h25m-21d18h34m:15,40,27,40
21d18h50m-21d21h02m:08,03,08,23,20,23
21d20h58m-21d23h56m:60,10,60,25
21d21h57m-22d01h43m:25,25,30,25,30,30,35,30
21d22h07m-21d23h27m:57,30,57,45
21d22h29m-22d01h46m:67,37,67,22
21d23h12m-22d00h42m:08,03,08,23,20,23
21d23h17m-22d01h41m:60,10,60,25
22d05h09m-22d05h30m:25,45,45,45,45,40
22d05h24m-22d06h24m:15,03,22,03,22,08,37,08,37,12
22d06h40m-22d10h38m:17,15,25,15
22d07h10m-22d07h26m:15,03,22,03,22,08,37,08,37,12
22d09h48m-22d10h25m:10,20,40,20,40,35
22d15h55m-22d18h49m:15,03,22,03,22,08,37,08,37,12
22d16h30m-22d18h27m:67,37,67,22
22d17h21m-22d20h14m:25,25,30,25,30,30,35,30
22d17h34m-22d18h26m:57,30,57,45
22d18h10m-22d19h20m:50,10,55,10,55,25
22d18h37m-22d20h21m:42,08,42,15,47,15,47,27,55,27
22d18h43m-22d19h02m:10,20,40,20,40,35
22d20h11m-22d20h51m:10,20,40,20,40,35
22d21h07m-23d00h27m:17,15,25,15
22d21h17m-23d01h15m:17,15,25,15
22d22h10m-22d23h16m:25,25,30,25,30,30,35,30
23d02h50m-23d06h11m:15,40,27,40
23d03h13m-23d06h21m:60,10,60,25
23d05h49m-23d07h49m:57,30,57,45
23d06h44m-23d08h16m:08,03,08,23,20,23
23d07h39m-23d08h29m:25,45,45,45,45,40
23d09h46m-23d10h30m:25,25,30,25,30,30,35,30
23d10h09m-23d14h06m:60,10,60,25
23d11h02m-23d12h40m:15,25,15,30,20,30,20,35,30,35,30,40
23d12h11m-23d13h52m:15,03,22,03,22,08,37,08,37,12
23d12h40m-23d14h28m:08,03,08,23,20,23
23d12h43m-23d13h22m:67,37,67,22
23d16h14m-23d18h24m:10,20,40,20,40,35
23d16h57m-23d20h42m:42,08,42,15,47,15,47,27,55,27
23d18h14m-23d19h27m:25,45,45,45,45,40
23d19h03m-23d21h07m:08,03,08,23,20,23
23d19h29m-23d21h41m:57,30,57,45
23d20h02m-23d21h25m:57,30,57,45
23d20h37m-23d22h02m:25,25,30,25,30,30,35,30
23d20h54m-23d23h44m:25,45,45,45,45,40
23d22h51m-23d23h37m:15,25,15,30,20,30,20,35,30,35,30,40
24d00h02m-24d03h38m:15,25,15,30,20,30,20,35,30,35,30,40
24d00h54m-24d03h22m:08,03,08,23,20,23
24d02h49m-24d05h24m:10,20,40,20,40,35
24d03h17m-24d05h06m:67,37,67,22
24d06h10m-24d06h55m:67,37,67,22
24d09h09m-24d10h37m:60,10,60,25
24d09h36m-24d10h22m:08,03,08,23,20,23
24d10h45m-24d12h25m:50,10,55,10,55,25
24d11h58m-24d12h37m:50,10,55,10,55,25
24d12h55m-24d16h20m:05,20,05,35
24d13h02m-24d15h04m:10,20,40,20,40,35
24d18h38m-24d19h09m:25,45,45,45,45,40
24d19h17m-24d21h41m:50,10,55,10,55,25
24d19h17m-24d21h51m:08,03,08,23,20,23
24d20h52m-24d22h04m:25,25,30,25,30,30,35,30
24d21h39m-24d23h19m:15,03,22,03,22,08,37,08,37,12
24d21h40m-24d22h07m:08,03,08,23,20,23
25d00h39m-25d01h09m:42,08,42,15,47,15,47,27,55,27
25d01h35m-25d01h59m:42,08,42,15,47,15,47,27,55,27
25d02h00m-25d03h44m:25,25,30,25,30,30,35,30
25d02h13m-25d04h25m:10,20,40,20,40,35
25d02h16m-25d03h46m:67,37,67,22
25d05h05m-25d05h50m:25,45,45,45,45,40
25d05h14m-25d09h09m:60,10,60,25
25d07h29m-25d08h48m:15,25,15,30,20,30,20,35,30,35,30,40
25d08h38m-25d11h06m:10,20,40,20,40,35
25d08h41m-25d09h01m:05,20,05,35
25d08h56m-25d09h57m:15,40,27,40
25d09h02m-25d09h57m:15,25,15,30,20,30,20,35,30,35,30,40
25d11h55m-25d14h50m:15,10,30,10,30,18
25d12h09m-25d15h39m:25,25,30,25,30,30,35,30
25d13h39m-25d14h08m:67,37,67,22
25d14h32m-25d16h26m:15,10,30,10,30,18
25d16h05m-25d18h57m:67,37,67,22
25d16h11m-25d19h40m:25,25,30,25,30,30,35,30
25d16h25m-25d19h10m:08,03,08,23,20,23
25d17h26m-25d20h19m:25,45,45,45,45,40
25d17h44m-25d20h41m:67,37,67,22
25d18h08m-25d18h28m:08,03,08,23,20,23
25d19h16m-25d22h00m:08,03,08,23,20,23
25d19h18m-25d21h30m:10,20,40,20,40,35
25d22h24m-26d01h05m:42,08,42,15,47,15,47,27,55,27
25d23h23m-26d01h15m:57,30,57,45
25d23h55m-26d03h49m:10,20,40,20,40,35
26d02h57m-26d04h53m:15,25,15,30,20,30,20,35,30,35,30,40
26d03h08m-26d06h01m:15,40,27,40
26d03h16m-26d04h12m:60,10,60,25
26d04h05m-26d07h39m:15,40,27,40
26d04h08m-26d05h13m:10,20,40,20,40,35
26d04h43m-26d07h51m:08,03,08,23,20,23
26d05h01m-26d07h36m:08,03,08,23,20,23
26d09h11m-26d10h03m:15,03,22,03,22,08,37,08,37,12
26d09h21m-26d12h13m:08,03,08,23,20,23
26d09h38m-26d12h20m:05,20,05,35
26d12h03m-26d13h19m:17,15,25,15
26d13h34m-26d14h05m:57,30,57,45
26d13h45m-26d16h02m:42,08,42,15,47,15,47,27,55,27
26d14h56m-26d17h31m:15,10,30,10,30,18
26d15h12m-26d18h01m:15,40,27,40
26d15h48m-26d16h56m:10,20,40,20,40,35
26d17h46m-26d21h05m:05,20,05,35
26d17h53m-26d19h38m:08,03,08,23,20,23
26d18h19m-26d20h16m:57,30,57,45
26d18h49m-26d19h06m:60,10,60,25
26d19h09m-26d20h09m:15,25,15,30,20,30,20,35,30,35,30,40
26d19h53m-26d20h22m:57,30,57,45
26d20h30m-26d22h55m:25,45,45,45,45,40
26d21h49m-26d22h57m:15,40,27,40
26d22h44m-27d01h38m:67,37,67,22
26d22h55m-26d23h18m:50,10,55,10,55,25
26d23h34m-27d00h38m:05,20,05,35
26d23h44m-27d00h09m:17,15,25,15
26d23h44m-27d01h44m:15,03,22,03,22,08,37,08,37,12
26d23h46m-27d01h41m:67,37,67,22
27d00h30m-27d04h06m:25,45,45,45,45,40
27d01h44m-27d03h15m:15,03,22,03,22,08,37,08,37,12
27d02h03m-27d05h11m:50,10,55,10,55,25
27d02h31m-27d05h24m:50,10,55,10,55,25
27d03h43m-27d07h06m:15,25,15,30,20,30,20,35,30,35,30,40
27d06h01m-27d06h51m:50,10,55,10,55,25
27d06h43m-27d10h33m:60,10,60,25
27d07h31m-27d09h45m:42,08,42,15,47,15,47,27,55,27
27d08h28m-27d08h52m:08,03,08,23,20,23
27d09h45m-27d10h03m:15,25,15,30,20,30,20,35,30,35,30,40
27d09h46m-27d10h51m:08,03,08,23,20,23
27d10h04m-27d13h59m:15,10,30,10,30,18
27d10h25m-27d12h32m:15,10,30,10,30,18
27d10h27m-27d12h22m:67,37,67,22
27d12h13m-27d15h32m:15,25,15,30,20,30,20,35,30,35,30,40
27d13h32m-27d17h01m:42,08,42,15,47,15,47,27,55,27
27d15h38m-27d18h28m:50,10,55,10,55,25
27d16h37m-27d18h12m:10,20,40,20,40,35
27d16h45m-27d19h09m:25,25,30,25,30,30,35,30
27d18h39m-27d22h27m:15,25,15,30,20,30,20,35,30,35,30,40
27d20h21m-27d21h45m:17,15,25,15
27d20h23m-27d23h47m:57,30,57,45
27d20h33m-27d21h20m:17,15,25,15
27d20h44m-27d23h21m:15,03,22,03,22,08,37,08,37,12
27d22h01m-27d22h42m:15,10,30,10,30,18
27d22h11m-28d01h51m:15,40,27,40
28d01h29m-28d05h08m:57,30,57,45
28d02h35m-28d03h01m:57,30,57,45
28d03h40m-28d05h53m:15,25,15,30,20,30,20,35,30,35,30,40
28d04h58m-28d06h40m:15,03,22,03,22,08,37,08,37,12
28d06h52m-28d09h36m:57,30,57,45
28d07h39m-28d08h44m:15,03,22,03,22,08,37,08,37,12
28d09h02m-28d10h47m:17,15,25,15
28d09h03m-28d11h42m:10,20,40,20,40,35
28d11h02m-28d13h20m:25,45,45,45,45,40
28d11h36m-28d12h48m:17,15,25,15
28d13h02m-28d16h49m:15,25,15,30,20,30,20,35,30,35,30,40
28d14h13m-28d17h29m:60,10,60,25
28d15h39m-28d16h43m:50,10,55,10,55,25
28d17h43m-28d19h48m:05,20,05,35
28d19h23m-28d20h01m:15,03,22,03,22,08,37,08,37,12
28d19h58m-28d23h39m:05,20,05,35
28d21h18m-28d22h41m:67,37,67,22
28d23h55m-29d02h18m:08,03,08,23,20,23
29d00h46m-29d03h59m:25,25,30,25,30,30,35,30
29d02h26m-29d04h20m:60,10,60,25
29d05h16m-29d06h16m:15,10,30,10,30,18
29d05h49m-29d08h21m:05,20,05,35
29d06h43m-29d08h07m:60,10,60,25
29d08h56m-29d12h19m:05,20,05,35
29d10h46m-29d13h50m:60,10,60,25
29d11h12m-29d13h40m:50,10,55,10,55,25
29d11h20m-29d14h56m:17,15,25,15
29d11h33m-29d14h21m:50,10,55,10,55,25
29d12h12m-29d15h37m:15,40,27,40
29d14h00m-29d17h21m:15,25,15,30,20,30,20,35,30,35,30,40
29d18h18m-29d19h50m:57,30,57,45
29d18h23m-29d20h46m:10,20,40,20,40,35
29d18h54m-29d19h30m:05,20,05,35
29d20h04m-29d21h33m:25,25,30,25,30,30,35,30
29d21h06m-30d00h08m:15,03,22,03,22,08,37,08,37,12
29d21h32m-30d01h08m:25,25,30,25,30,30,35,30
29d21h36m-29d22h45m:25,25,30,25,30,30,35,30
29d21h44m-29d23h15m:15,10,30,10,30,18
30d00h04m-30d02h03m:05,20,05,35
30d00h44m-30d02h17m:50,10,55,10,55,25
30d01h34m-30d03h17m:10,20,40,20,40,35
30d03h56m-30d07h01m:57,30,57,45
30d04h27m-30d07h51m:17,15,25,15
30d05h05m-30d06h10m:17,15,25,15
30d05h39m-30d06h04m:67,37,67,22
30d06h49m-30d08h39m:10,20,40,20,40,35
30d08h14m-30d10h26m:17,15,25,15
30d08h41m-30d11h33m:42,08,42,15,47,15,47,27,55,27
30d09h29m-30d11h50m:08,03,08,23,20,23
30d11h23m-30d12h43m:15,25,15,30,20,30,20,35,30,35,30,40
30d11h27m-30d14h03m:15,10,30,10,30,18
30d11h44m-30d14h05m:67,37,67,22
30d13h57m-30d16h41m:05,20,05,35
30d16h40m-30d18h28m:15,40,27,40
30d17h12m-30d20h28m:60,10,60,25
30d19h15m-30d22h28m:17,15,25,15
30d19h50m-30d20h50m:15,03,22,03,22,08,37,08,37,12
30d19h56m-30d21h59m:10,20,40,20,40,35
30d20h31m-30d22h49m:25,45,45,45,45,40
30d21h48m-30d23h59m:15,03,22,03,22,08,37,08,37,12
30d22h12m-31d00h06m:15,40,27,40
30d22h32m-30d23h41m:10,20,40,20,40,35
31d06h41m-31d09h50m:05,20,05,35
31d07h34m-31d11h18m:17,15,25,15
31d08h15m-31d08h45m:15,40,27,40
31d10h09m-31d11h44m:50,10,55,10,55,25
31d13h44m-31d17h23m:05,20,05,35
31d14h46m-31d18h29m:50,10,55,10,55,25
31d15h46m-31d18h33m:42,08,42,15,47,15,47,27,55,27
31d15h53m-31d18h54m:17,15,25,15
31d16h55m-31d20h22m:15,10,30,10,30,18
31d19h10m-31d21h29m:67,37,67,22
31d21h43m-31d22h57m:67,37,67,22
31d22h47m-31d23h59m:08,03,08,23,20,23
31d23h51m-31d23h59m:17,15,25,15
