01d00h24m-01d00h50m:15,40,27,40
01d00h50m-01d01h47m:10,20,40,20,40,35
01d01h11m-01d04h48m:25,25,30,25,30,30,35,30
01d01h26m-01d04h03m:15,40,27,40
01d02h22m-01d02h47m:05,20,05,35
01d04h15m-01d04h59m:10,20,40,20,40,35
01d04h29m-01d05h16m:25,25,30,25,30,30,35,30
01d04h59m-01d07h27m:25,25,30,25,30,30,35,30
01d07h47m-01d10h32m:15,25,15,30,20,30,20,35,30,35,30,40
01d08h29m-01d10h21m:15,03,22,03,22,08,37,08,37,12
01d09h05m-01d11h29m:42,08,42,15,47,15,47,27,55,27
01d09h28m-01d13h24m:08,03,08,23,20,23
01d10h33m-01d12h14m:42,08,42,15,47,15,47,27,55,27
01d10h56m-01d14h06m:15,40,27,40
01d11h22m-01d13h27m:50,10,55,10,55,25
01d12h14m-01d15h55m:25,25,30,25,30,30,35,30
01d13h46m-01d15h20m:60,10,60,25
01d13h54m-01d16h28m:10,20,40,20,40,35
01d15h51m-01d16h36m:15,25,15,30,20,30,20,35,30,35,30,40
01d16h39m-01d19h15m:67,37,67,22
01d17h15m-01d21h08m:17,15,25,15
01d18h57m-01d22h18m:15,40,27,40
01d19h04m-01d22h14m:17,15,25,15
01d19h07m-01d22h36m:05,20,05,35
01d19h37m-01d21h22m:25,45,45,45,45,40
01d20h48m-02d00h17m:05,20,05,35
01d21h19m-01d22h25m:50,10,55,10,55,25
01d22h06m-02d01h04m:15,25,15,30,20,30,20,35,30,35,30,40
01d22h41m-02d01h47m:57,30,57,45
01d23h57m-02d02h34m:05,20,05,35
02d00h32m-02d02h50m:57,30,57,45
02d01h24m-02d04h01m:42,08,42,15,47,15,47,27,55,27
02d01h35m-02d05h29m:15,10,30,10,30,18
02d02h27m-02d05h13m:25,45,45,45,45,40
02d07h11m-02d08h02m:57,30,57,45
02d07h16m-02d09h53m:60,10,60,25
02d09h24m-02d10h01m:08,03,08,23,20,23
02d11h04m-02d13h26m:15,40,27,40
02d11h16m-02d12h36m:67,37,67,22
02d12h07m-02d15h14m:57,30,57,45
02d12h35m-02d14h08m:15,03,22,03,22,08,37,08,37,12
02d12h42m-02d15h15m:15,03,22,03,22,08,37,08,37,12
02d12h50m-02d14h29m:25,25,30,25,30,30,35,30
02d14h26m-02d15h44m:15,25,15,30,20,30,20,35,30,35,30,40
02d14h59m-02d15h36m:17,15,25,15
02d18h33m-02d19h25m:60,10,60,25
02d19h11m-02d22h37m:08,03,08,23,20,23
02d19h22m-02d20h33m:15,03,22,03,22,08,37,08,37,12
02d21h44m-02d23h21m:50,10,55,10,55,25
02d22h02m-03d01h10m:25,45,45,45,45,40
03d00h32m-03d00h59m:25,25,30,25,30,30,35,30
03d02h07m-03d05h38m:15,03,22,03,22,08,37,08,37,12
03d02h17m-03d05h55m:08,03,08,23,20,23
03d02h46m-03d06h45m:42,08,42,15,47,15,47,27,55,27
03d03h31m-03d05h20m:05,20,05,35
03d09h27m-03d10h43m:15,03,22,03,22,08,37,08,37,12
03d09h53m-03d12h02m:25,25,30,25,30,30,35,30
03d10h23m-03d11h00m:25,25,30,25,30,30,35,30
03d12h01m-03d13h29m:15,25,15,30,20,30,20,35,30,35,30,40
03d12h26m-03d13h55m:57,30,57,45
03d17h36m-03d18h03m:17,15,25,15
03d18h08m-03d19h10m:25,45,45,45,45,40
03d20h10m-03d21h22m:17,15,25,15
03d21h24m-04d00h24m:42,08,42,15,47,15,47,27,55,27
03d22h49m-04d00h54m:15,03,22,03,22,08,37,08,37,12
04d00h11m-04d01h39m:50,10,55,10,55,25
04d01h50m-04d03h23m:15,10,30,10,30,18
04d04h15m-04d07h34m:10,20,40,20,40,35
04d04h43m-04d06h48m:25,45,45,45,45,40
04d04h43m-04d07h02m:17,15,25,15
04d09h04m-04d10h43m:08,03,08,23,20,23
04d10h02m-04d13h10m:42,08,42,15,47,15,47,27,55,27
04d10h06m-04d12h54m:10,20,40,20,40,35
04d10h28m-04d10h56m:10,20,40,20,40,35
04d10h42m-04d11h53m:42,08,42,15,47,15,47,27,55,27
04d11h22m-04d12h59m:08,03,08,23,20,23
04d13h16m-04d14h53m:15,03,22,03,22,08,37,08,37,12
04d14h40m-04d17h28m:57,30,57,45
04d15h51m-04d19h34m:15,03,22,03,22,08,37,08,37,12
04d16h41m-04d17h47m:08,03,08,23,20,23
04d16h59m-04d17h40m:42,08,42,15,47,15,47,27,55,27
04d17h09m-04d19h54m:42,08,42,15,47,15,47,27,55,27
04d17h40m-04d17h57m:50,10,55,10,55,25
04d18h50m-04d20h01m:08,03,08,23,20,23
04d19h45m-04d21h03m:60,10,60,25
04d20h42m-04d21h10m:57,30,57,45
04d20h57m-04d21h44m:67,37,67,22
04d21h29m-04d22h42m:05,20,05,35
04d23h30m-05d00h52m:15,25,15,30,20,30,20,35,30,35,30,40
05d00h19m-05d01h49m:25,25,30,25,30,30,35,30
05d00h38m-05d03h38m:15,40,27,40
05d00h38m-05d04h02m:25,25,30,25,30,30,35,30
05d04h33m-05d04h56m:05,20,05,35
05d04h41m-05d07h24m:15,03,22,03,22,08,37,08,37,12
05d05h20m-05d08h53m:08,03,08,23,20,23
05d06h33m-05d10h02m:25,25,30,25,30,30,35,30
05d13h51m-05d16h31m:50,10,55,10,55,25
05d14h12m-05d14h36m:42,08,42,15,47,15,47,27,55,27
05d14h31m-05d18h14m:15,03,22,03,22,08,37,08,37,12
05d16h28m-05d19h03m:25,25,30,25,30,30,35,30
05d16h56m-05d19h32m:57,30,57,45
05d17h26m-05d18h52m:10,20,40,20,40,35
05d22h25m-05d22h50m:08,03,08,23,20,23
05d23h10m-06d01h08m:67,37,67,22
05d23h36m-06d01h38m:50,10,55,10,55,25
06d00h32m-06d02h24m:15,03,22,03,22,08,37,08,37,12
06d00h40m-06d02h43m:15,10,30,10,30,18
06d01h28m-06d04h31m:57,30,57,45
06d01h53m-06d03h17m:25,45,45,45,45,40
06d04h11m-06d06h08m:60,10,60,25
06d04h15m-06d07h12m:15,03,22,03,22,08,37,08,37,12
06d04h21m-06d05h02m:60,10,60,25
06d05h04m-06d06h52m:08,03,08,23,20,23
06d05h09m-06d07h43m:25,25,30,25,30,30,35,30
06d07h05m-06d10h30m:15,10,30,10,30,18
06d08h30m-06d10h39m:50,10,55,10,55,25
06d09h48m-06d10h07m:25,25,30,25,30,30,35,30
06d10h10m-06d14h01m:15,25,15,30,20,30,20,35,30,35,30,40
06d12h43m-06d15h00m:50,10,55,10,55,25
06d13h11m-06d15h56m:08,03,08,23,20,23
06d15h29m-06d18h20m:17,15,25,15
06d16h31m-06d18h13m:67,37,67,22
06d20h18m-07d00h00m:25,25,30,25,30,30,35,30
06d20h52m-06d21h27m:67,37,67,22
06d21h13m-06d21h55m:57,30,57,45
06d22h29m-07d00h53m:05,20,05,35
06d23h36m-07d01h39m:25,25,30,25,30,30,35,30
06d23h41m-07d03h14m:42,08,42,15,47,15,47,27,55,27
07d00h01m-07d03h53m:25,25,30,25,30,30,35,30
07d00h26m-07d01h26m:05,20,05,35
07d01h22m-07d02h39m:60,10,60,25
07d02h10m-07d03h51m:25,25,30,25,30,30,35,30
07d05h15m-07d09h05m:15,25,15,30,20,30,20,35,30,35,30,40
07d09h28m-07d12h33m:15,10,30,10,30,18
07d12h32m-07d13h11m:42,08,42,15,47,15,47,27,55,27
07d14h58m-07d17h31m:60,10,60,25
07d17h19m-07d19h34m:15,10,30,10,30,18
07d17h57m-07d18h41m:15,03,22,03,22,08,37,08,37,12
07d18h01m-07d19h49m:67,37,67,22
07d20h05m-07d22h38m:15,40,27,40
08d01h32m-08d02h24m:15,40,27,40
08d02h02m-08d05h32m:25,45,45,45,45,40
08d02h05m-08d02h21m:50,10,55,10,55,25
08d02h22m-08d06h01m:15,25,15,30,20,30,20,35,30,35,30,40
08d05h24m-08d08h04m:67,37,67,22
08d05h45m-08d06h25m:15,10,30,10,30,18
08d05h55m-08d07h06m:15,25,15,30,20,30,20,35,30,35,30,40
08d05h55m-08d07h24m:17,15,25,15
08d06h30m-08d09h58m:05,20,05,35
08d11h25m-08d11h59m:57,30,57,45
08d11h52m-08d13h20m:17,15,25,15
08d13h41m-08d17h15m:60,10,60,25
08d18h03m-08d20h24m:05,20,05,35
08d19h02m-08d20h13m:17,15,25,15
08d19h07m-08d21h03m:25,45,45,45,45,40
08d19h20m-08d19h39m:15,25,15,30,20,30,20,35,30,35,30,40
08d23h03m-08d23h42m:60,10,60,25
09d00h32m-09d01h28m:05,20,05,35
09d02h48m-09d04h21m:25,25,30,25,30,30,35,30
09d02h54m-09d03h52m:15,10,30,10,30,18
09d04h41m-09d06h51m:10,20,40,20,40,35
09d05h04m-09d06h40m:08,03,08,23,20,23
09d06h20m-09d08h24m:57,30,57,45
09d06h44m-09d07h19m:67,37,67,22
09d06h46m-09d09h49m:15,40,27,40
09d08h10m-09d11h05m:15,10,30,10,30,18
09d10h19m-09d12h29m:15,25,15,30,20,30,20,35,30,35,30,40
09d11h28m-09d13h32m:67,37,67,22
09d18h27m-09d21h02m:17,15,25,15
09d20h08m-09d21h31m:50,10,55,10,55,25
10d01h02m-10d04h58m:05,20,05,35
10d01h28m-10d03h52m:67,37,67,22
10d01h59m-10d02h53m:57,30,57,45
10d02h21m-10d05h14m:67,37,67,22
10d02h58m-10d03h41m:15,25,15,30,20,30,20,35,30,35,30,40
10d03h03m-10d03h27m:50,10,55,10,55,25
10d05h33m-10d08h30m:25,25,30,25,30,30,35,30
10d07h07m-10d08h20m:15,03,22,03,22,08,37,08,37,12
10d07h14m-10d10h00m:15,10,30,10,30,18
10d08h56m-10d11h07m:60,10,60,25
10d11h06m-10d13h43m:25,45,45,45,45,40
10d11h25m-10d12h06m:57,30,57,45
10d12h38m-10d14h58m:10,20,40,20,40,35
10d21h57m-11d00h04m:10,20,40,20,40,35
10d23h01m-11d00h41m:57,30,57,45
10d23h50m-11d02h26m:25,25,30,25,30,30,35,30
11d00h00m-11d01h20m:67,37,67,22
11d00h53m-11d02h04m:57,30,57,45
11d01h56m-11d05h43m:15,25,15,30,20,30,20,35,30,35,30,40
11d02h07m-11d03h16m:50,10,55,10,55,25
11d02h48m-11d03h15m:10,20,40,20,40,35
11d04h26m-11d08h21m:50,10,55,10,55,25
11d05h38m-11d06h48m:15,40,27,40
11d07h00m-11d10h00m:25,25,30,25,30,30,35,30
11d07h24m-11d08h46m:08,03,08,23,20,23
11d07h53m-11d09h30m:15,40,27,40
11d09h54m-11d10h24m:42,08,42,15,47,15,47,27,55,27
11d11h09m-11d15h01m:15,25,15,30,20,30,20,35,30,35,30,40
11d11h15m-11d13h22m:10,20,40,20,40,35
11d13h00m-11d15h58m:17,15,25,15
11d14h24m-11d15h20m:25,25,30,25,30,30,35,30
11d14h27m-11d17h45m:10,20,40,20,40,35
11d15h16m-11d17h26m:17,15,25,15
11d15h51m-11d18h55m:15,25,15,30,20,30,20,35,30,35,30,40
11d16h54m-11d17h48m:67,37,67,22
11d16h57m-11d18h22m:17,15,25,15
11d17h56m-11d19h58m:17,15,25,15
11d18h40m-11d21h43m:08,03,08,23,20,23
11d19h07m-11d21h39m:25,25,30,25,30,30,35,30
11d20h24m-11d23h17m:15,40,27,40
11d22h45m-11d23h28m:15,10,30,10,30,18
11d22h53m-12d02h38m:60,10,60,25
11d23h51m-12d02h13m:67,37,67,22
12d00h33m-12d01h23m:10,20,40,20,40,35
12d01h12m-12d01h32m:42,08,42,15,47,15,47,27,55,27
12d02h19m-12d02h42m:17,15,25,15
12d02h30m-12d03h24m:57,30,57,45
12d02h44m-12d06h13m:15,10,30,10,30,18
12d05h04m-12d07h54m:25,45,45,45,45,40
12d05h11m-12d07h03m:15,25,15,30,20,30,20,35,30,35,30,40
12d06h08m-12d09h31m:25,45,45,45,45,40
12d08h16m-12d10h26m:17,15,25,15
12d08h27m-12d09h37m:57,30,57,45
12d10h09m-12d10h30m:05,20,05,35
12d10h15m-12d12h11m:15,25,15,30,20,30,20,35,30,35,30,40
12d11h24m-12d13h01m:05,20,05,35
12d11h38m-12d14h47m:15,03,22,03,22,08,37,08,37,12
12d13h01m-12d15h00m:08,03,08,23,20,23
12d15h04m-12d17h08m:57,30,57,45
12d15h27m-12d16h15m:25,45,45,45,45,40
12d16h36m-12d20h21m:25,25,30,25,30,30,35,30
12d16h47m-12d20h37m:17,15,25,15
12d17h05m-12d20h16m:25,25,30,25,30,30,35,30
12d18h29m-12d18h54m:15,10,30,10,30,18
12d18h44m-12d19h56m:17,15,25,15
12d18h46m-12d21h23m:42,08,42,15,47,15,47,27,55,27
12d19h44m-12d22h27m:50,10,55,10,55,25
12d20h42m-12d23h15m:15,40,27,40
12d21h01m-12d23h54m:42,08,42,15,47,15,47,27,55,27
12d21h15m-12d23h20m:50,10,55,10,55,25
12d22h01m-13d01h41m:15,25,15,30,20,30,20,35,30,35,30,40
12d22h35m-13d00h40m:57,30,57,45
12d23h15m-12d23h49m:05,20,05,35
13d01h05m-13d02h09m:15,40,27,40
13d02h31m-13d03h53m:60,10,60,25
13d03h04m-13d05h02m:50,10,55,10,55,25
13d03h46m-13d04h46m:25,45,45,45,45,40
13d04h23m-13d06h04m:60,10,60,25
13d07h39m-13d10h33m:50,10,55,10,55,25
13d07h54m-13d10h53m:15,40,27,40
13d08h05m-13d08h40m:67,37,67,22
13d11h34m-13d13h47m:25,25,30,25,30,30,35,30
13d14h06m-13d16h24m:08,03,08,23,20,23
13d16h42m-13d20h06m:15,03,22,03,22,08,37,08,37,12
13d17h17m-13d18h08m:17,15,25,15
13d19h50m-13d20h19m:08,03,08,23,20,23
13d21h42m-14d00h04m:05,20,05,35
14d00h12m-14d03h06m:15,03,22,03,22,08,37,08,37,12
14d00h50m-14d04h33m:25,45,45,45,45,40
14d00h53m-14d03h58m:42,08,42,15,47,15,47,27,55,27
14d04h37m-14d05h35m:15,40,27,40
14d05h43m-14d08h26m:10,20,40,20,40,35
14d13h11m-14d14h36m:15,10,30,10,30,18
14d14h03m-14d16h41m:25,25,30,25,30,30,35,30
14d19h00m-14d22h37m:50,10,55,10,55,25
14d20h21m-14d22h26m:42,08,42,15,47,15,47,27,55,27
14d22h56m-14d23h56m:15,40,27,40
15d00h50m-15d01h16m:15,40,27,40
15d01h11m-15d01h57m:50,10,55,10,55,25
15d01h54m-15d04h38m:60,10,60,25
15d02h35m-15d04h16m:67,37,67,22
15d03h05m-15d03h38m:17,15,25,15
15d03h36m-15d05h55m:10,20,40,20,40,35
15d08h32m-15d11h58m:60,10,60,25
15d12h32m-15d12h53m:15,40,27,40
15d14h08m-15d17h49m:15,40,27,40
15d16h23m-15d18h39m:67,37,67,22
15d16h24m-15d16h49m:08,03,08,23,20,23
15d20h29m-15d21h19m:25,45,45,45,45,40
15d21h15m-16d00h56m:57,30,57,45
15d21h47m-15d22h17m:10,20,40,20,40,35
15d23h12m-16d01h45m:25,45,45,45,45,40
16d00h21m-16d02h15m:15,40,27,40
16d00h49m-16d03h57m:25,25,30,25,30,30,35,30
16d01h39m-16d04h18m:15,40,27,40
16d02h53m-16d04h02m:42,08,42,15,47,15,47,27,55,27
16d04h46m-16d07h09m:67,37,67,22
16d04h51m-16d08h00m:15,40,27,40
16d05h04m-16d05h35m:10,20,40,20,40,35
16d05h15m-16d06h20m:17,15,25,15
16d05h19m-16d08h49m:15,40,27,40
16d08h02m-16d09h27m:17,15,25,15
16d08h46m-16d10h19m:08,03,08,23,20,23
16d09h24m-16d10h25m:15,40,27,40
16d11h29m-16d12h32m:15,40,27,40
16d11h57m-16d12h18m:15,03,22,03,22,08,37,08,37,12
16d12h00m-16d12h33m:25,45,45,45,45,40
16d12h10m-16d12h43m:15,03,22,03,22,08,37,08,37,12
16d12h35m-16d15h30m:10,20,40,20,40,35
16d13h50m-16d15h27m:50,10,55,10,55,25
16d13h55m-16d17h13m:05,20,05,35
16d14h25m-16d14h50m:15,25,15,30,20,30,20,35,30,35,30,40
16d15h02m-16d17h36m:15,25,15,30,20,30,20,35,30,35,30,40
16d15h37m-16d17h08m:15,40,27,40
16d16h48m-16d20h38m:25,45,45,45,45,40
16d18h54m-16d20h28m:67,37,67,22
16d23h15m-17d00h19m:05,20,05,35
17d00h21m-17d00h46m:05,20,05,35
17d00h36m-17d00h59m:15,40,27,40
17d00h57m-17d02h33m:15,03,22,03,22,08,37,08,37,12
17d02h11m-17d04h11m:15,40,27,40
17d02h14m-17d03h21m:15,25,15,30,20,30,20,35,30,35,30,40
17d02h19m-17d03h52m:42,08,42,15,47,15,47,27,55,27
17d03h37m-17d03h55m:17,15,25,15
17d03h47m-17d05h27m:25,45,45,45,45,40
17d04h06m-17d07h04m:50,10,55,10,55,25
17d04h27m-17d08h07m:57,30,57,45
17d05h59m-17d09h35m:25,45,45,45,45,40
17d07h21m-17d09h49m:15,10,30,10,30,18
17d08h09m-17d10h13m:57,30,57,45
17d09h49m-17d12h35m:50,10,55,10,55,25
17d09h53m-17d10h57m:15,40,27,40
17d10h42m-17d11h24m:67,37,67,22
17d11h18m-17d13h25m:08,03,08,23,20,23
17d11h27m-17d13h04m:25,25,30,25,30,30,35,30
17d11h46m-17d12h44m:15,03,22,03,22,08,37,08,37,12
17d15h29m-17d17h14m:50,10,55,10,55,25
17d16h48m-17d18h30m:25,25,30,25,30,30,35,30
17d17h47m-17d21h08m:15,10,30,10,30,18
17d19h32m-17d22h04m:15,03,22,03,22,08,37,08,37,12
17d19h47m-17d21h32m:15,40,27,40
17d20h00m-17d20h59m:15,03,22,03,22,08,37,08,37,12
17d22h02m-18d01h18m:42,08,42,15,47,15,47,27,55,27
17d22h07m-17d22h37m:15,25,15,30,20,30,20,35,30,35,30,40
17d22h42m-18d01h43m:25,25,30,25,30,30,35,30
17d23h12m-18d01h28m:08,03,08,23,20,23
18d00h14m-18d02h51m:10,20,40,20,40,35
18d01h53m-18d05h01m:25,45,45,45,45,40
18d05h37m-18d08h00m:15,03,22,03,22,08,37,08,37,12
18d06h27m-18d07h17m:05,20,05,35
18d06h46m-18d09h20m:15,10,30,10,30,18
18d07h27m-18d09h49m:05,20,05,35
18d08h35m-18d10h39m:15,40,27,40
18d08h42m-18d09h09m:10,20,40,20,40,35
18d09h30m-18d10h00m:15,25,15,30,20,30,20,35,30,35,30,40
18d13h11m-18d16h36m:42,08,42,15,47,15,47,27,55,27
18d14h46m-18d15h59m:15,10,30,10,30,18
18d14h55m-18d15h34m:60,10,60,25
18d17h10m-18d20h11m:08,03,08,23,20,23
18d17h22m-18d21h16m:15,10,30,10,30,18
18d18h20m-18d19h53m:42,08,42,15,47,15,47,27,55,27
18d22h59m-18d23h58m:67,37,67,22
18d23h13m-19d00h37m:08,03,08,23,20,23
19d00h40m-19d02h30m:15,40,27,40
19d01h27m-19d05h19m:50,10,55,10,55,25
19d02h03m-19d04h52m:25,45,45,45,45,40
19d02h15m-19d05h27m:15,40,27,40
19d04h12m-19d06h25m:50,10,55,10,55,25
19d04h27m-19d04h48m:25,45,45,45,45,40
19d04h58m-19d07h21m:15,03,22,03,22,08,37,08,37,12
19d05h41m-19d07h52m:15,03,22,03,22,08,37,08,37,12
19d06h00m-19d09h19m:15,40,27,40
19d06h09m-19d08h02m:57,30,57,45
19d07h49m-19d10h20m:15,25,15,30,20,30,20,35,30,35,30,40
19d08h34m-19d12h30m:15,10,30,10,30,18
19d08h52m-19d10h02m:15,10,30,10,30,18
19d09h16m-19d10h53m:25,45,45,45,45,40
19d09h48m-19d12h36m:15,40,27,40
19d13h04m-19d16h05m:50,10,55,10,55,25
19d14h06m-19d17h18m:67,37,67,22
19d14h22m-19d17h04m:15,10,30,10,30,18
19d14h42m-19d18h01m:15,03,22,03,22,08,37,08,37,12
19d14h44m-19d15h35m:15,10,30,10,30,18
19d15h17m-19d16h02m:08,03,08,23,20,23
19d16h23m-19d19h45m:10,20,40,20,40,35
19d20h38m-19d21h59m:05,20,05,35
19d22h10m-20d00h13m:50,10,55,10,55,25
19d22h59m-20d02h45m:15,10,30,10,30,18
19d23h53m-20d02h36m:60,10,60,25
20d02h19m-20d04h32m:10,20,40,20,40,35
20d02h48m-20d04h45m:15,10,30,10,30,18
20d02h50m-20d04h38m:67,37,67,22
20d03h00m-20d04h41m:50,10,55,10,55,25
20d03h53m-20d05h49m:25,45,45,45,45,40
20d05h23m-20d06h38m:10,20,40,20,40,35
20d08h21m-20d11h33m:57,30,57,45
20d09h18m-20d12h52m:25,45,45,45,45,40
20d09h45m-20d12h13m:42,08,42,15,47,15,47,27,55,27
20d12h53m-20d14h27m:15,25,15,30,20,30,20,35,30,35,30,40
20d14h03m-20d15h18m:60,10,60,25
20d14h18m-20d18h12m:10,20,40,20,40,35
20d14h29m-20d15h50m:15,10,30,10,30,18
20d14h37m-20d15h56m:25,45,45,45,45,40
20d15h03m-20d16h59m:08,03,08,23,20,23
20d15h28m-20d18h43m:15,03,22,03,22,08,37,08,37,12
20d18h20m-20d20h56m:08,03,08,23,20,23
20d19h33m-20d22h07m:15,25,15,30,20,30,20,35,30,35,30,40
20d20h31m-20d23h08m:15,03,22,03,22,08,37,08,37,12
20d20h33m-20d21h55m:15,40,27,40
20d20h54m-20d22h29m:17,15,25,15
20d21h32m-20d22h27m:08,03,08,23,20,23
20d21h33m-20d23h28m:15,03,22,03,22,08,37,08,37,12
20d23h17m-21d01h44m:15,40,27,40
21d00h13m-21d02h40m:17,15,25,15
21d03h30m-21d07h18m:15,40,27,40
21d04h30m-21d06h49m:15,40,27,40
21d06h29m-21d09h49m:67,37,67,22
21d09h43m-21d12h20m:67,37,67,22
21d12h18m-21d15h00m:60,10,60,25
21d12h26m-21d15h01m:25,25,30,25,30,30,35,30
21d16h36m-21d18h25m:05,20,05,35
21d17h12m-21d20h59m:15,25,15,30,20,30,20,35,30,35,30,40
21d20h08m-21d23h07m:15,10,30,10,30,18
21d21h15m-21d23h07m:67,37,67,22
21d21h27m-22d00h06m:17,15,25,15
21d22h18m-22d02h00m:25,45,45,45,45,40
22d00h52m-22d04h04m:08,03,08,23,20,23
22d01h56m-22d05h20m:57,30,57,45
22d02h10m-22d02h57m:42,08,42,15,47,15,47,27,55,27
22d02h17m-22d04h33m:15,03,22,03,22,08,37,08,37,12
22d03h11m-22d03h50m:15,10,30,10,30,18
22d05h03m-22d07h45m:15,03,22,03,22,08,37,08,37,12
22d05h28m-22d09h02m:15,03,22,03,22,08,37,08,37,12
22d05h45m-22d08h23m:15,40,27,40
22d07h47m-22d10h24m:50,10,55,10,55,25
22d09h09m-22d11h00m:05,20,05,35
22d11h07m-22d14h24m:15,25,15,30,20,30,20,35,30,35,30,40
22d12h31m-22d13h16m:15,10,30,10,30,18
22d13h09m-22d14h06m:08,03,08,23,20,23
22d13h46m-22d14h40m:15,40,27,40
22d14h03m-22d15h54m:57,30,57,45
22d14h46m-22d15h21m:60,10,60,25
22d15h35m-22d17h47m:25,45,45,45,45,40
22d16h02m-22d18h48m:15,40,27,40
22d16h09m-22d17h37m:25,25,30,25,30,30,35,30
22d17h00m-22d19h06m:15,10,30,10,30,18
22d18h40m-22d20h26m:15,25,15,30,20,30,20,35,30,35,30,40
22d18h43m-22d19h33m:15,10,30,10,30,18
22d19h10m-22d21h11m:42,08,42,15,47,15,47,27,55,27
22d20h09m-22d23h07m:60,10,60,25
22d20h45m-23d00h45m:10,20,40,20,40,35
22d20h52m-22d22h12m:08,03,08,23,20,23
22d22h45m-23d02h15m:50,10,55,10,55,25
22d23h39m-23d01h02m:15,03,22,03,22,08,37,08,37,12
23d01h01m-23d02h58m:05,20,05,35
23d01h13m-23d02h40m:15,40,27,40
23d01h24m-23d04h19m:15,40,27,40
23d01h46m-23d03h23m:05,20,05,35
23d02h04m-23d03h22m:15,40,27,40
23d02h09m-23d03h16m:15,10,30,10,30,18
23d02h46m-23d05h15m:42,08,42,15,47,15,47,27,55,27
23d05h08m-23d05h37m:15,03,22,03,22,08,37,08,37,12
23d05h27m-23d07h24m:05,20,05,35
23d05h29m-23d07h17m:15,25,15,30,20,30,20,35,30,35,30,40
23d06h32m-23d10h26m:25,45,45,45,45,40
23d06h53m-23d08h44m:50,10,55,10,55,25
23d09h50m-23d12h36m:15,03,22,03,22,08,37,08,37,12
23d10h38m-23d11h19m:42,08,42,15,47,15,47,27,55,27
23d12h36m-23d14h15m:60,10,60,25
23d17h11m-23d18h37m:15,40,27,40
23d18h35m-23d19h54m:17,15,25,15
23d18h54m-23d22h34m:15,10,30,10,30,18
23d20h02m-23d20h43m:67,37,67,22
23d20h18m-23d21h20m:15,25,15,30,20,30,20,35,30,35,30,40
23d20h35m-24d00h28m:15,25,15,30,20,30,20,35,30,35,30,40
23d20h56m-23d22h05m:15,03,22,03,22,08,37,08,37,12
23d22h05m-23d22h20m:15,25,15,30,20,30,20,35,30,35,30,40
23d22h45m-23d23h51m:50,10,55,10,55,25
23d23h04m-24d00h26m:15,10,30,10,30,18
23d23h23m-24d00h02m:15,03,22,03,22,08,37,08,37,12
23d23h30m-23d23h49m:42,08,42,15,47,15,47,27,55,27
24d00h03m-24d02h31m:57,30,57,45
24d00h29m-24d03h47m:57,30,57,45
24d01h13m-24d02h23m:25,45,45,45,45,40
24d02h38m-24d04h51m:05,20,05,35
24d02h58m-24d03h38m:15,40,27,40
24d04h02m-24d06h05m:25,25,30,25,30,30,35,30
24d05h23m-24d08h14m:08,03,08,23,20,23
24d05h59m-24d07h34m:08,03,08,23,20,23
24d06h16m-24d09h35m:57,30,57,45
24d07h21m-24d10h07m:60,10,60,25
24d17h13m-24d17h54m:15,10,30,10,30,18
24d17h56m-24d19h20m:15,40,27,40
24d20h06m-24d23h13m:60,10,60,25
24d21h46m-24d23h29m:60,10,60,25
25d00h43m-25d01h11m:15,25,15,30,20,30,20,35,30,35,30,40
25d01h06m-25d04h14m:15,10,30,10,30,18
25d01h17m-25d01h59m:17,15,25,15
25d02h26m-25d06h23m:17,15,25,15
25d02h59m-25d03h58m:15,25,15,30,20,30,20,35,30,35,30,40
25d03h44m-25d04h52m:57,30,57,45
25d06h27m-25d06h46m:25,45,45,45,45,40
25d06h57m-25d10h40m:10,20,40,20,40,35
25d09h24m-25d13h11m:25,45,45,45,45,40
25d10h44m-25d11h27m:15,03,22,03,22,08,37,08,37,12
25d12h35m-25d15h24m:05,20,05,35
25d12h58m-25d15h32m:42,08,42,15,47,15,47,27,55,27
25d13h50m-25d17h28m:15,10,30,10,30,18
25d14h52m-25d17h43m:60,10,60,25
25d17h02m-25d18h05m:60,10,60,25
25d17h58m-25d21h32m:50,10,55,10,55,25
25d18h22m-25d21h52m:25,25,30,25,30,30,35,30
25d18h40m-25d20h14m:42,08,42,15,47,15,47,27,55,27
25d20h16m-25d23h56m:25,25,30,25,30,30,35,30
25d20h39m-25d21h39m:05,20,05,35
25d20h41m-25d22h41m:05,20,05,35
25d21h09m-26d01h00m:10,20,40,20,40,35
25d21h31m-26d00h11m:17,15,25,15
25d21h45m-25d23h09m:08,03,08,23,20,23
25d23h50m-26d03h00m:42,08,42,15,47,15,47,27,55,27
26d00h48m-26d02h06m:60,10,60,25
26d01h00m-26d02h39m:15,40,27,40
26d01h15m-26d01h39m:15,40,27,40
26d02h27m-26d06h20m:50,10,55,10,55,25
26d03h36m-26d05h28m:60,10,60,25
26d05h34m-26d08h01m:67,37,67,22
26d07h46m-26d08h24m:10,20,40,20,40,35
26d09h11m-26d10h30m:57,30,57,45
26d09h46m-26d11h34m:15,03,22,03,22,08,37,08,37,12
26d10h42m-26d11h48m:50,10,55,10,55,25
26d11h24m-26d14h23m:25,25,30,25,30,30,35,30
26d12h16m-26d14h12m:42,08,42,15,47,15,47,27,55,27
26d13h02m-26d15h32m:15,40,27,40
26d13h16m-26d16h23m:57,30,57,45
26d13h34m-26d16h25m:25,25,30,25,30,30,35,30
26d13h42m-26d16h50m:08,03,08,23,20,23
26d14h45m-26d18h20m:25,25,30,25,30,30,35,30
26d15h13m-26d15h29m:17,15,25,15
26d16h10m-26d17h39m:08,03,08,23,20,23
26d16h32m-26d20h32m:57,30,57,45
26d16h45m-26d17h40m:25,45,45,45,45,40
26d16h52m-26d17h10m:42,08,42,15,47,15,47,27,55,27
26d18h50m-26d19h46m:15,10,30,10,30,18
26d23h09m-26d23h58m:17,15,25,15
26d23h09m-27d01h53m:67,37,67,22
26d23h28m-27d01h53m:15,40,27,40
26d23h32m-27d00h38m:25,25,30,25,30,30,35,30
27d00h13m-27d00h28m:42,08,42,15,47,15,47,27,55,27
27d00h59m-27d02h21m:25,45,45,45,45,40
27d03h03m-27d06h41m:67,37,67,22
27d03h16m-27d04h18m:15,03,22,03,22,08,37,08,37,12
27d03h43m-27d04h23m:42,08,42,15,47,15,47,27,55,27
27d05h58m-27d06h29m:15,25,15,30,20,30,20,35,30,35,30,40
27d06h43m-27d07h06m:15,03,22,03,22,08,37,08,37,12
27d07h49m-27d09h28m:10,20,40,20,40,35
27d08h15m-27d10h26m:15,40,27,40
27d08h41m-27d09h45m:05,20,05,35
27d09h46m-27d10h35m:15,40,27,40
27d10h37m-27d12h15m:67,37,67,22
27d13h42m-27d14h00m:10,20,40,20,40,35
27d13h58m-27d15h24m:08,03,08,23,20,23
27d14h03m-27d15h29m:10,20,40,20,40,35
27d14h13m-27d17h30m:05,20,05,35
27d14h32m-27d14h55m:42,08,42,15,47,15,47,27,55,27
27d16h14m-27d18h11m:15,10,30,10,30,18
27d16h21m-27d17h29m:17,15,25,15
27d16h41m-27d19h42m:15,25,15,30,20,30,20,35,30,35,30,40
27d17h11m-27d18h03m:15,25,15,30,20,30,20,35,30,35,30,40
27d19h05m-27d20h57m:15,40,27,40
27d19h15m-27d20h47m:05,20,05,35
27d20h04m-27d22h10m:08,03,08,23,20,23
27d21h41m-27d23h19m:15,40,27,40
27d22h42m-28d00h09m:60,10,60,25
27d23h05m-28d01h49m:25,25,30,25,30,30,35,30
27d23h23m-28d02h30m:17,15,25,15
27d23h35m-28d01h44m:08,03,08,23,20,23
27d23h51m-28d00h31m:50,10,55,10,55,25
28d00h23m-28d03h05m:15,40,27,40
28d01h14m-28d01h31m:42,08,42,15,47,15,47,27,55,27
28d02h34m-28d05h04m:57,30,57,45
28d03h27m-28d04h01m:50,10,55,10,55,25
28d04h08m-28d04h49m:15,10,30,10,30,18
28d06h20m-28d08h15m:10,20,40,20,40,35
28d08h13m-28d11h39m:15,10,30,10,30,18
28d09h24m-28d11h43m:25,25,30,25,30,30,35,30
28d10h10m-28d13h43m:15,25,15,30,20,30,20,35,30,35,30,40
28d10h39m-28d12h03m:57,30,57,45
28d10h47m-28d14h06m:60,10,60,25
28d12h48m-28d14h01m:15,25,15,30,20,30,20,35,30,35,30,40
28d13h01m-28d14h58m:67,37,67,22
28d13h43m-28d16h10m:15,40,27,40
28d14h52m-28d16h37m:15,10,30,10,30,18
28d15h12m-28d15h57m:17,15,25,15
28d15h37m-28d19h08m:60,10,60,25
28d18h04m-28d18h24m:25,25,30,25,30,30,35,30
28d19h07m-28d21h47m:42,08,42,15,47,15,47,27,55,27
28d19h16m-28d22h28m:17,15,25,15
28d19h30m-28d23h19m:15,10,30,10,30,18
28d19h37m-28d21h26m:57,30,57,45
28d20h02m-28d23h46m:15,10,30,10,30,18
28d20h54m-29d00h53m:15,03,22,03,22,08,37,08,37,12
28d21h27m-28d23h40m:42,08,42,15,47,15,47,27,55,27
28d22h03m-29d00h19m:15,10,30,10,30,18
28d22h08m-29d01h32m:05,20,05,35
28d22h45m-29d01h07m:15,10,30,10,30,18
28d22h53m-29d00h55m:50,10,55,10,55,25
29d00h03m-29d00h42m:60,10,60,25
29d00h43m-29d03h34m:25,25,30,25,30,30,35,30
29d01h08m-29d02h04m:25,25,30,25,30,30,35,30
29d01h11m-29d02h11m:15,03,22,03,22,08,37,08,37,12
29d01h28m-29d05h23m:08,03,08,23,20,23
29d02h12m-29d03h10m:08,03,08,23,20,23
29d03h40m-29d06h30m:15,10,30,10,30,18
29d04h31m-29d05h05m:15,03,22,03,22,08,37,08,37,12
29d07h16m-29d08h16m:42,08,42,15,47,15,47,27,55,27
29d07h41m-29d09h34m:10,20,40,20,40,35
29d07h52m-29d11h37m:42,08,42,15,47,15,47,27,55,27
29d09h41m-29d10h03m:10,20,40,20,40,35
29d10h34m-29d11h50m:57,30,57,45
29d14h43m-29d16h34m:08,03,08,23,20,23
29d15h37m-29d19h06m:67,37,67,22
29d16h51m-29d18h54m:08,03,08,23,20,23
29d17h23m-29d21h18m:57,30,57,45
29d17h42m-29d20h47m:15,03,22,03,22,08,37,08,37,12
29d19h26m-29d21h11m:67,37,67,22
29d19h31m-29d19h52m:25,25,30,25,30,30,35,30
29d20h12m-29d23h01m:15,25,15,30,20,30,20,35,30,35,30,40
29d20h39m-29d22h49m:67,37,67,22
29d23h19m-30d00h57m:50,10,55,10,55,25
30d01h15m-30d04h04m:67,37,67,22
30d01h17m-30d02h43m:15,10,30,10,30,18
30d02h20m-30d05h42m:10,20,40,20,40,35
30d02h25m-30d03h25m:50,10,55,10,55,25
30d02h46m-30d05h17m:25,45,45,45,45,40
30d03h15m-30d06h16m:57,30,57,45
30d03h16m-30d06h26m:57,30,57,45
30d03h50m-30d07h50m:15,10,30,10,30,18
30d04h07m-30d05h26m:25,45,45,45,45,40
30d05h23m-30d09h20m:05,20,05,35
30d06h45m-30d10h01m:60,10,60,25
30d06h56m-30d09h06m:10,20,40,20,40,35
30d07h39m-30d08h35m:57,30,57,45
30d09h00m-30d12h11m:15,40,27,40
30d09h17m-30d12h13m:15,40,27,40
30d10h01m-30d13h36m:08,03,08,23,20,23
30d11h17m-30d11h45m:25,45,45,45,45,40
30d14h48m-30d15h11m:15,40,27,40
30d15h24m-30d18h52m:15,40,27,40
30d19h23m-30d22h12m:60,10,60,25
30d19h46m-30d22h08m:15,40,27,40
30d20h32m-30d20h57m:50,10,55,10,55,25
30d22h01m-30d23h59m:15,25,15,30,20,30,20,35,30,35,30,40
30d23h48m-30d23h59m:15,40,27,40
