01d00h49m-01d01h12m:50,10,55,10,55,25
01d01h35m-01d03h25m:10,20,40,20,40,35
01d03h19m-01d04h43m:50,10,55,10,55,25
01d04h13m-01d04h40m:60,10,60,25
01d06h38m-01d10h19m:08,03,08,23,20,23
01d09h07m-01d12h02m:42,08,42,15,47,15,47,27,55,27
01d09h10m-01d10h48m:08,03,08,23,20,23
01d13h21m-01d13h56m:15,25,15,30,20,30,20,35,30,35,30,40
01d14h08m-01d15h39m:67,37,67,22
01d15h51m-01d16h28m:05,20,05,35
01d16h30m-01d17h48m:15,40,27,40
01d16h41m-01d17h32m:05,20,05,35
01d19h27m-01d23h26m:50,10,55,10,55,25
01d21h35m-02d01h34m:60,10,60,25
02d00h05m-02d01h02m:10,20,40,20,40,35
02d00h18m-02d01h28m:15,03,22,03,22,08,37,08,37,12
02d01h12m-02d01h55m:67,37,67,22
02d03h21m-02d04h47m:15,25,15,30,20,30,20,35,30,35,30,40
02d05h29m-02d05h54m:15,03,22,03,22,08,37,08,37,12
02d06h46m-02d07h14m:15,10,30,10,30,18
02d08h29m-02d09h37m:05,20,05,35
02d09h41m-02d12h33m:50,10,55,10,55,25
02d09h53m-02d10h34m:25,45,45,45,45,40
02d10h48m-02d14h08m:50,10,55,10,55,25
02d12h48m-02d14h00m:15,03,22,03,22,08,37,08,37,12
02d13h32m-02d16h10m:67,37,67,22
02d14h39m-02d15h49m:25,45,45,45,45,40
02d17h07m-02d18h13m:05,20,05,35
02d19h27m-02d20h51m:25,25,30,25,30,30,35,30
02d19h29m-02d20h34m:25,45,45,45,45,40
02d19h53m-02d22h18m:15,10,30,10,30,18
02d21h02m-02d21h44m:17,15,25,15
02d21h59m-02d22h25m:17,15,25,15
02d22h52m-03d01h31m:60,10,60,25
03d00h01m-03d02h11m:60,10,60,25
03d01h29m-03d04h28m:15,25,15,30,20,30,20,35,30,35,30,40
03d02h22m-03d04h37m:05,20,05,35
03d04h51m-03d07h58m:15,03,22,03,22,08,37,08,37,12
03d05h35m-03d08h30m:42,08,42,15,47,15,47,27,55,27
03d05h48m-03d08h17m:25,45,45,45,45,40
03d09h11m-03d11h24m:17,15,25,15
03d11h31m-03d13h00m:25,25,30,25,30,30,35,30
03d11h43m-03d15h15m:15,03,22,03,22,08,37,08,37,12
03d14h37m-03d18h15m:05,20,05,35
03d15h00m-03d17h55m:15,10,30,10,30,18
03d17h32m-03d21h09m:10,20,40,20,40,35
03d18h36m-03d19h58m:15,25,15,30,20,30,20,35,30,35,30,40
03d18h38m-03d22h00m:10,20,40,20,40,35
03d20h06m-03d22h50m:57,30,57,45
03d21h02m-03d21h25m:10,20,40,20,40,35
04d07h20m-04d07h52m:10,20,40,20,40,35
04d07h51m-04d10h00m:15,10,30,10,30,18
04d11h39m-04d13h11m:42,08,42,15,47,15,47,27,55,27
04d13h45m-04d16h21m:25,45,45,45,45,40
04d14h00m-04d14h54m:15,40,27,40
04d15h21m-04d19h03m:25,45,45,45,45,40
04d17h11m-04d18h52m:57,30,57,45
04d19h43m-04d22h51m:25,45,45,45,45,40
04d20h09m-04d23h40m:67,37,67,22
04d21h10m-05d00h04m:67,37,67,22
04d21h32m-04d23h28m:15,40,27,40
04d22h04m-05d00h53m:50,10,55,10,55,25
04d23h09m-05d00h43m:42,08,42,15,47,15,47,27,55,27
05d01h11m-05d01h54m:05,20,05,35
05d04h06m-05d04h51m:15,03,22,03,22,08,37,08,37,12
05d04h10m-05d04h51m:60,10,60,25
05d08h06m-05d10h26m:50,10,55,10,55,25
05d10h08m-05d13h46m:67,37,67,22
05d10h20m-05d10h41m:15,40,27,40
05d11h05m-05d13h24m:67,37,67,22
05d13h00m-05d14h26m:15,03,22,03,22,08,37,08,37,12
05d13h13m-05d16h36m:25,45,45,45,45,40
05d15h48m-05d16h41m:08,03,08,23,20,23
05d16h00m-05d18h00m:15,10,30,10,30,18
05d16h03m-05d17h55m:50,10,55,10,55,25
05d17h32m-05d20h14m:50,10,55,10,55,25
05d18h02m-05d19h57m:60,10,60,25
05d20h15m-05d21h36m:60,10,60,25
05d20h44m-06d00h01m:25,45,45,45,45,40
05d21h00m-06d00h32m:10,20,40,20,40,35
05d21h48m-05d23h07m:15,10,30,10,30,18
05d22h40m-06d01h28m:15,10,30,10,30,18
06d01h50m-06d02h13m:60,10,60,25
06d02h03m-06d03h41m:60,10,60,25
06d03h00m-06d04h46m:42,08,42,15,47,15,47,27,55,27
06d03h32m-06d06h20m:17,15,25,15
06d04h38m-06d08h24m:08,03,08,23,20,23
06d04h59m-06d08h58m:05,20,05,35
06d05h18m-06d05h44m:15,25,15,30,20,30,20,35,30,35,30,40
06d06h40m-06d07h16m:25,25,30,25,30,30,35,30
06d08h59m-06d12h19m:05,20,05,35
06d09h00m-06d11h32m:15,40,27,40
06d13h55m-06d15h56m:25,25,30,25,30,30,35,30
06d14h54m-06d15h47m:67,37,67,22
06d16h33m-06d18h05m:10,20,40,20,40,35
06d18h19m-06d19h08m:60,10,60,25
06d20h19m-06d22h37m:25,45,45,45,45,40
06d21h34m-07d00h22m:05,20,05,35
06d22h31m-06d23h26m:08,03,08,23,20,23
06d22h38m-07d01h49m:15,10,30,10,30,18
06d23h32m-07d00h19m:05,20,05,35
07d00h20m-07d02h19m:15,10,30,10,30,18
07d01h51m-07d05h06m:60,10,60,25
07d02h13m-07d03h29m:05,20,05,35
07d02h21m-07d03h59m:10,20,40,20,40,35
07d02h53m-07d05h12m:60,10,60,25
07d03h47m-07d06h48m:08,03,08,23,20,23
07d03h52m-07d04h42m:67,37,67,22
07d04h42m-07d06h56m:42,08,42,15,47,15,47,27,55,27
07d05h25m-07d08h09m:15,40,27,40
07d09h53m-07d12h14m:60,10,60,25
07d13h14m-07d16h17m:25,25,30,25,30,30,35,30
07d14h30m-07d14h56m:15,03,22,03,22,08,37,08,37,12
07d15h18m-07d18h06m:57,30,57,45
07d16h16m-07d20h03m:60,10,60,25
07d17h13m-07d21h08m:42,08,42,15,47,15,47,27,55,27
07d17h50m-07d19h38m:10,20,40,20,40,35
07d17h56m-07d18h18m:15,25,15,30,20,30,20,35,30,35,30,40
07d21h06m-07d23h38m:67,37,67,22
07d21h57m-08d01h01m:15,25,15,30,20,30,20,35,30,35,30,40
08d00h32m-08d04h07m:50,10,55,10,55,25
08d02h28m-08d03h21m:25,25,30,25,30,30,35,30
08d04h49m-08d08h09m:60,10,60,25
08d04h59m-08d08h31m:60,10,60,25
08d05h00m-08d08h03m:08,03,08,23,20,23
08d05h10m-08d08h19m:05,20,05,35
08d06h00m-08d07h50m:25,25,30,25,30,30,35,30
08d07h40m-08d09h59m:25,45,45,45,45,40
08d07h59m-08d09h44m:15,25,15,30,20,30,20,35,30,35,30,40
08d14h40m-08d16h09m:67,37,67,22
08d14h51m-08d18h39m:08,03,08,23,20,23
08d15h03m-08d16h38m:05,20,05,35
08d16h07m-08d19h17m:67,37,67,22
09d01h02m-09d04h35m:10,20,40,20,40,35
09d03h13m-09d04h09m:15,03,22,03,22,08,37,08,37,12
09d03h53m-09d07h43m:05,20,05,35
09d10h36m-09d11h17m:25,25,30,25,30,30,35,30
09d10h56m-09d14h14m:67,37,67,22
09d11h00m-09d14h36m:67,37,67,22
09d12h33m-09d14h36m:08,03,08,23,20,23
09d12h40m-09d14h38m:15,10,30,10,30,18
09d14h29m-09d17h34m:15,40,27,40
09d15h37m-09d18h52m:67,37,67,22
09d16h19m-09d17h06m:17,15,25,15
09d16h48m-09d17h03m:15,03,22,03,22,08,37,08,37,12
09d19h20m-09d21h59m:60,10,60,25
09d19h25m-09d21h40m:67,37,67,22
09d20h22m-09d21h45m:15,40,27,40
09d22h06m-10d00h09m:42,08,42,15,47,15,47,27,55,27
09d22h58m-09d23h29m:15,03,22,03,22,08,37,08,37,12
09d23h15m-10d02h19m:15,25,15,30,20,30,20,35,30,35,30,40
10d00h23m-10d03h42m:42,08,42,15,47,15,47,27,55,27
10d00h58m-10d04h19m:25,25,30,25,30,30,35,30
10d03h35m-10d06h49m:67,37,67,22
10d04h50m-10d05h29m:08,03,08,23,20,23
10d06h23m-10d08h24m:10,20,40,20,40,35
10d06h32m-10d07h39m:15,10,30,10,30,18
10d06h55m-10d10h39m:17,15,25,15
10d07h00m-10d09h05m:25,25,30,25,30,30,35,30
10d07h06m-10d07h40m:60,10,60,25
10d08h22m-10d09h53m:60,10,60,25
10d09h52m-10d11h06m:08,03,08,23,20,23
10d12h22m-10d15h31m:10,20,40,20,40,35
10d18h06m-10d19h43m:25,45,45,45,45,40
10d22h02m-10d23h07m:15,40,27,40
11d01h42m-11d03h05m:15,40,27,40
11d05h12m-11d07h01m:05,20,05,35
11d05h19m-11d06h47m:60,10,60,25
11d05h51m-11d06h30m:15,03,22,03,22,08,37,08,37,12
11d10h19m-11d14h05m:25,25,30,25,30,30,35,30
11d12h59m-11d15h24m:25,45,45,45,45,40
11d13h08m-11d14h34m:25,45,45,45,45,40
11d13h44m-11d16h03m:05,20,05,35
11d15h49m-11d17h53m:60,10,60,25
11d17h07m-11d17h34m:25,25,30,25,30,30,35,30
11d18h01m-11d18h21m:67,37,67,22
11d18h18m-11d20h15m:25,25,30,25,30,30,35,30
11d18h27m-11d19h45m:42,08,42,15,47,15,47,27,55,27
11d19h02m-11d21h41m:10,20,40,20,40,35
11d20h23m-11d22h47m:15,10,30,10,30,18
11d21h46m-12d00h03m:15,40,27,40
11d22h00m-11d22h32m:57,30,57,45
11d22h14m-11d23h42m:08,03,08,23,20,23
11d23h19m-12d01h05m:15,40,27,40
12d00h21m-12d02h20m:15,40,27,40
12d00h57m-12d03h44m:17,15,25,15
12d01h48m-12d02h27m:60,10,60,25
12d04h30m-12d05h07m:25,45,45,45,45,40
12d04h33m-12d05h06m:25,45,45,45,45,40
12d05h44m-12d06h49m:50,10,55,10,55,25
12d07h39m-12d10h48m:15,03,22,03,22,08,37,08,37,12
12d09h31m-12d11h03m:05,20,05,35
12d09h39m-12d11h05m:57,30,57,45
12d10h03m-12d11h19m:25,25,30,25,30,30,35,30
12d10h08m-12d10h30m:10,20,40,20,40,35
12d10h44m-12d12h48m:57,30,57,45
12d11h24m-12d14h58m:10,20,40,20,40,35
12d11h53m-12d14h07m:67,37,67,22
12d12h24m-12d13h43m:15,03,22,03,22,08,37,08,37,12
12d13h01m-12d13h25m:42,08,42,15,47,15,47,27,55,27
12d15h58m-12d17h02m:25,25,30,25,30,30,35,30
12d16h31m-12d18h45m:60,10,60,25
12d17h44m-12d18h01m:08,03,08,23,20,23
12d18h26m-12d20h13m:25,25,30,25,30,30,35,30
12d18h35m-12d20h04m:10,20,40,20,40,35
12d20h14m-12d22h38m:60,10,60,25
12d20h44m-12d23h54m:15,03,22,03,22,08,37,08,37,12
12d21h06m-12d22h53m:05,20,05,35
12d21h21m-13d00h37m:25,25,30,25,30,30,35,30
12d22h34m-13d01h58m:15,25,15,30,20,30,20,35,30,35,30,40
12d23h59m-13d00h47m:17,15,25,15
13d00h13m-13d04h03m:08,03,08,23,20,23
13d05h02m-13d08h05m:42,08,42,15,47,15,47,27,55,27
13d05h21m-13d07h48m:17,15,25,15
13d05h29m-13d06h09m:60,10,60,25
13d06h05m-13d08h09m:17,15,25,15
13d07h18m-13d08h25m:42,08,42,15,47,15,47,27,55,27
13d11h30m-13d13h15m:57,30,57,45
13d12h47m-13d15h27m:05,20,05,35
13d14h19m-13d15h31m:10,20,40,20,40,35
13d18h30m-13d22h01m:42,08,42,15,47,15,47,27,55,27
13d18h58m-13d19h49m:10,20,40,20,40,35
13d20h02m-13d21h32m:05,20,05,35
13d20h08m-13d23h41m:57,30,57,45
13d20h53m-13d23h41m:57,30,57,45
13d21h11m-13d22h08m:15,40,27,40
13d21h18m-14d00h50m:57,30,57,45
13d22h30m-14d00h00m:57,30,57,45
13d23h07m-14d02h25m:17,15,25,15
14d02h06m-14d04h24m:57,30,57,45
14d03h16m-14d03h57m:60,10,60,25
14d06h12m-14d08h11m:50,10,55,10,55,25
14d06h13m-14d06h56m:05,20,05,35
14d06h20m-14d07h10m:25,45,45,45,45,40
14d07h25m-14d09h40m:60,10,60,25
14d11h31m-14d13h04m:50,10,55,10,55,25
14d12h34m-14d12h58m:50,10,55,10,55,25
14d12h55m-14d16h17m:50,10,55,10,55,25
14d14h28m-14d15h36m:25,45,45,45,45,40
14d14h34m-14d16h36m:67,37,67,22
14d15h10m-14d18h45m:08,03,08,23,20,23
14d15h34m-14d19h03m:17,15,25,15
14d15h35m-14d18h57m:60,10,60,25
14d16h20m-14d19h18m:15,40,27,40
14d22h03m-15d01h43m:25,45,45,45,45,40
14d22h44m-15d00h09m:42,08,42,15,47,15,47,27,55,27
14d23h02m-15d00h58m:15,25,15,30,20,30,20,35,30,35,30,40
14d23h53m-15d02h56m:05,20,05,35
15d00h59m-15d02h41m:10,20,40,20,40,35
15d03h47m-15d05h32m:15,10,30,10,30,18
15d04h01m-15d04h47m:60,10,60,25
15d04h02m-15d05h02m:17,15,25,15
15d05h42m-15d07h23m:15,25,15,30,20,30,20,35,30,35,30,40
15d06h08m-15d09h12m:10,20,40,20,40,35
15d07h16m-15d08h56m:15,40,27,40
15d07h37m-15d11h36m:17,15,25,15
15d11h17m-15d14h58m:60,10,60,25
15d12h22m-15d13h24m:15,03,22,03,22,08,37,08,37,12
15d14h10m-15d15h57m:60,10,60,25
15d14h40m-15d17h43m:15,40,27,40
15d16h35m-15d18h06m:57,30,57,45
15d17h46m-15d20h57m:10,20,40,20,40,35
15d19h10m-15d22h11m:15,03,22,03,22,08,37,08,37,12
15d21h13m-16d01h04m:10,20,40,20,40,35
15d21h37m-15d23h39m:57,30,57,45
16d00h04m-16d02h39m:08,03,08,23,20,23
16d02h44m-16d04h52m:15,25,15,30,20,30,20,35,30,35,30,40
16d04h34m-16d05h19m:15,10,30,10,30,18
16d06h23m-16d09h56m:60,10,60,25
16d09h06m-16d10h13m:17,15,25,15
16d11h19m-16d12h50m:42,08,42,15,47,15,47,27,55,27
16d12h25m-16d13h42m:60,10,60,25
16d12h35m-16d14h52m:10,20,40,20,40,35
16d16h51m-16d20h03m:05,20,05,35
16d21h03m-17d00h09m:67,37,67,22
17d13h44m-17d16h37m:50,10,55,10,55,25
17d13h53m-17d17h10m:60,10,60,25
17d13h59m-17d15h16m:50,10,55,10,55,25
17d14h22m-17d16h05m:50,10,55,10,55,25
17d15h41m-17d18h49m:50,10,55,10,55,25
17d18h05m-17d21h42m:67,37,67,22
17d20h25m-17d23h13m:15,10,30,10,30,18
17d20h53m-17d22h30m:10,20,40,20,40,35
17d21h13m-17d22h55m:17,15,25,15
17d22h31m-17d23h25m:15,25,15,30,20,30,20,35,30,35,30,40
17d23h40m-18d03h05m:15,25,15,30,20,30,20,35,30,35,30,40
17d23h43m-18d03h26m:60,10,60,25
18d00h18m-18d00h38m:25,25,30,25,30,30,35,30
18d00h27m-18d01h20m:17,15,25,15
18d00h28m-18d01h44m:17,15,25,15
18d01h42m-18d04h59m:15,10,30,10,30,18
18d02h31m-18d02h58m:42,08,42,15,47,15,47,27,55,27
18d03h07m-18d04h58m:15,03,22,03,22,08,37,08,37,12
18d03h49m-18d04h55m:17,15,25,15
18d04h49m-18d08h19m:60,10,60,25
18d05h46m-18d08h43m:15,40,27,40
18d05h51m-18d09h14m:25,45,45,45,45,40
18d06h41m-18d07h39m:15,40,27,40
18d08h48m-18d12h18m:50,10,55,10,55,25
18d08h55m-18d10h27m:25,45,45,45,45,40
18d08h59m-18d10h11m:50,10,55,10,55,25
18d09h23m-18d12h51m:57,30,57,45
18d10h21m-18d13h24m:60,10,60,25
18d10h28m-18d13h28m:50,10,55,10,55,25
18d10h44m-18d12h07m:42,08,42,15,47,15,47,27,55,27
18d10h49m-18d11h34m:57,30,57,45
18d11h08m-18d13h22m:67,37,67,22
18d11h33m-18d12h10m:60,10,60,25
18d13h35m-18d14h24m:50,10,55,10,55,25
18d14h14m-18d17h17m:57,30,57,45
18d14h46m-18d15h09m:25,45,45,45,45,40
18d15h25m-18d17h22m:15,10,30,10,30,18
18d17h13m-18d19h39m:25,45,45,45,45,40
18d18h32m-18d19h23m:60,10,60,25
18d18h32m-18d22h22m:15,10,30,10,30,18
18d22h57m-19d00h37m:25,25,30,25,30,30,35,30
18d23h59m-19d00h40m:05,20,05,35
19d02h54m-19d06h08m:15,10,30,10,30,18
19d03h10m-19d05h18m:15,40,27,40
19d04h39m-19d07h27m:25,45,45,45,45,40
19d04h50m-19d06h41m:25,25,30,25,30,30,35,30
19d04h58m-19d06h33m:15,03,22,03,22,08,37,08,37,12
19d06h12m-19d06h46m:15,25,15,30,20,30,20,35,30,35,30,40
19d07h21m-19d09h38m:10,20,40,20,40,35
19d07h28m-19d10h35m:42,08,42,15,47,15,47,27,55,27
19d09h28m-19d11h56m:05,20,05,35
19d13h36m-19d14h02m:15,25,15,30,20,30,20,35,30,35,30,40
19d14h04m-19d14h28m:25,25,30,25,30,30,35,30
19d14h45m-19d17h11m:15,03,22,03,22,08,37,08,37,12
19d15h40m-19d17h05m:50,10,55,10,55,25
19d17h29m-19d18h18m:05,20,05,35
19d18h24m-19d20h00m:15,25,15,30,20,30,20,35,30,35,30,40
19d19h11m-19d23h07m:10,20,40,20,40,35
19d23h09m-20d00h23m:42,08,42,15,47,15,47,27,55,27
20d00h56m-20d01h40m:60,10,60,25
20d02h20m-20d05h09m:15,03,22,03,22,08,37,08,37,12
20d03h00m-20d04h19m:08,03,08,23,20,23
20d03h38m-20d06h28m:57,30,57,45
20d04h57m-20d05h22m:42,08,42,15,47,15,47,27,55,27
20d10h10m-20d11h59m:08,03,08,23,20,23
20d10h35m-20d12h16m:05,20,05,35
20d10h55m-20d12h14m:57,30,57,45
20d11h49m-20d12h09m:15,40,27,40
20d13h32m-20d15h43m:60,10,60,25
20d15h31m-20d18h39m:17,15,25,15
20d18h03m-20d19h10m:25,45,45,45,45,40
20d18h10m-20d20h16m:57,30,57,45
20d18h43m-20d21h15m:25,25,30,25,30,30,35,30
20d20h56m-20d21h52m:05,20,05,35
20d23h22m-21d01h39m:57,30,57,45
21d00h37m-21d01h42m:50,10,55,10,55,25
21d02h33m-21d04h48m:15,25,15,30,20,30,20,35,30,35,30,40
21d02h42m-21d06h21m:67,37,67,22
21d02h46m-21d04h36m:25,45,45,45,45,40
21d03h20m-21d04h28m:50,10,55,10,55,25
21d04h01m-21d05h02m:15,25,15,30,20,30,20,35,30,35,30,40
21d04h13m-21d07h56m:25,45,45,45,45,40
21d04h14m-21d07h52m:15,03,22,03,22,08,37,08,37,12
21d04h37m-21d07h08m:15,25,15,30,20,30,20,35,30,35,30,40
21d05h07m-21d08h52m:15,10,30,10,30,18
21d06h21m-21d08h33m:57,30,57,45
21d09h21m-21d10h05m:25,45,45,45,45,40
21d09h57m-21d10h35m:50,10,55,10,55,25
21d10h13m-21d13h53m:57,30,57,45
21d12h16m-21d14h05m:15,10,30,10,30,18
21d13h11m-21d17h04m:05,20,05,35
21d13h14m-21d14h05m:50,10,55,10,55,25
21d13h18m-21d16h30m:08,03,08,23,20,23
21d14h03m-21d16h37m:08,03,08,23,20,23
21d14h37m-21d17h22m:50,10,55,10,55,25
21d15h50m-21d16h06m:15,10,30,10,30,18
21d17h31m-21d21h14m:25,25,30,25,30,30,35,30
21d19h19m-21d21h31m:05,20,05,35
21d20h03m-21d20h38m:05,20,05,35
21d21h06m-21d22h44m:25,45,45,45,45,40
21d21h42m-21d23h22m:05,20,05,35
21d23h50m-22d02h56m:10,20,40,20,40,35
22d00h43m-22d02h44m:10,20,40,20,40,35
22d01h56m-22d03h41m:15,03,22,03,22,08,37,08,37,12
22d03h37m-22d06h15m:10,20,40,20,40,35
22d05h57m-22d06h28m:15,25,15,30,20,30,20,35,30,35,30,40
22d08h03m-22d11h00m:05,20,05,35
22d08h25m-22d10h54m:10,20,40,20,40,35
22d10h03m-22d13h45m:15,03,22,03,22,08,37,08,37,12
22d10h12m-22d12h35m:57,30,57,45
22d11h35m-22d15h23m:08,03,08,23,20,23
22d12h17m-22d14h21m:05,20,05,35
22d12h24m-22d14h40m:57,30,57,45
22d12h31m-22d14h12m:08,03,08,23,20,23
22d13h22m-22d17h20m:15,10,30,10,30,18
22d14h45m-22d16h25m:15,40,27,40
22d15h22m-22d16h13m:15,25,15,30,20,30,20,35,30,35,30,40
22d15h33m-22d18h47m:05,20,05,35
22d16h17m-22d19h40m:15,10,30,10,30,18
22d16h54m-22d18h27m:25,45,45,45,45,40
22d18h12m-22d18h57m:67,37,67,22
22d18h15m-22d19h40m:10,20,40,20,40,35
22d20h12m-22d21h12m:15,03,22,03,22,08,37,08,37,12
22d21h23m-22d22h14m:15,03,22,03,22,08,37,08,37,12
22d21h33m-22d21h50m:10,20,40,20,40,35
22d21h51m-22d23h06m:15,25,15,30,20,30,20,35,30,35,30,40
22d22h19m-22d23h48m:67,37,67,22
22d22h35m-23d02h15m:17,15,25,15
22d23h16m-23d01h17m:57,30,57,45
22d23h42m-23d01h30m:67,37,67,22
23d00h04m-23d00h38m:05,20,05,35
23d01h25m-23d01h41m:08,03,08,23,20,23
23d01h31m-23d04h38m:67,37,67,22
23d04h09m-23d07h09m:25,45,45,45,45,40
23d05h06m-23d07h14m:08,03,08,23,20,23
23d05h08m-23d05h57m:15,40,27,40
23d06h28m-23d06h45m:15,10,30,10,30,18
23d07h24m-23d10h48m:08,03,08,23,20,23
23d07h56m-23d11h37m:15,03,22,03,22,08,37,08,37,12
23d09h28m-23d12h31m:08,03,08,23,20,23
23d10h26m-23d12h08m:08,03,08,23,20,23
23d11h05m-23d14h57m:08,03,08,23,20,23
23d12h49m-23d15h57m:15,03,22,03,22,08,37,08,37,12
23d14h57m-23d16h46m:15,25,15,30,20,30,20,35,30,35,30,40
23d15h07m-23d18h51m:15,03,22,03,22,08,37,08,37,12
23d15h32m-23d19h06m:42,08,42,15,47,15,47,27,55,27
23d16h13m-23d19h22m:67,37,67,22
23d16h33m-23d18h18m:42,08,42,15,47,15,47,27,55,27
23d16h59m-23d17h43m:05,20,05,35
23d18h05m-23d19h31m:50,10,55,10,55,25
23d18h13m-23d19h27m:42,08,42,15,47,15,47,27,55,27
23d20h24m-24d00h15m:05,20,05,35
23d21h27m-24d00h46m:08,03,08,23,20,23
23d22h10m-24d01h46m:08,03,08,23,20,23
24d00h31m-24d02h18m:60,10,60,25
24d03h14m-24d05h42m:10,20,40,20,40,35
24d04h30m-24d06h04m:15,25,15,30,20,30,20,35,30,35,30,40
24d07h17m-24d10h12m:42,08,42,15,47,15,47,27,55,27
24d08h52m-24d11h24m:25,45,45,45,45,40
24d09h08m-24d11h39m:42,08,42,15,47,15,47,27,55,27
24d11h01m-24d12h17m:42,08,42,15,47,15,47,27,55,27
24d13h10m-24d16h19m:15,03,22,03,22,08,37,08,37,12
24d18h24m-24d21h05m:15,25,15,30,20,30,20,35,30,35,30,40
24d19h39m-24d23h33m:67,37,67,22
24d21h56m-25d00h20m:25,25,30,25,30,30,35,30
25d01h34m-25d05h25m:15,40,27,40
25d02h36m-25d05h28m:15,25,15,30,20,30,20,35,30,35,30,40
25d03h01m-25d04h07m:60,10,60,25
25d05h41m-25d08h28m:50,10,55,10,55,25
25d06h16m-25d07h10m:50,10,55,10,55,25
25d06h44m-25d08h51m:10,20,40,20,40,35
25d07h11m-25d08h34m:17,15,25,15
25d08h56m-25d12h32m:50,10,55,10,55,25
25d11h41m-25d15h11m:10,20,40,20,40,35
25d12h13m-25d15h43m:15,10,30,10,30,18
25d14h29m-25d15h00m:17,15,25,15
25d18h01m-25d21h46m:57,30,57,45
25d18h18m-25d21h25m:42,08,42,15,47,15,47,27,55,27
25d19h35m-25d21h24m:60,10,60,25
25d20h05m-25d22h26m:57,30,57,45
25d23h19m-26d03h09m:50,10,55,10,55,25
25d23h41m-26d02h07m:50,10,55,10,55,25
25d23h57m-26d00h25m:17,15,25,15
26d00h08m-26d02h12m:15,03,22,03,22,08,37,08,37,12
26d00h19m-26d01h55m:15,10,30,10,30,18
26d00h21m-26d02h42m:15,10,30,10,30,18
26d02h57m-26d04h16m:17,15,25,15
26d03h50m-26d05h11m:60,10,60,25
26d04h30m-26d08h05m:15,25,15,30,20,30,20,35,30,35,30,40
26d05h08m-26d05h25m:57,30,57,45
26d06h08m-26d07h14m:60,10,60,25
26d07h28m-26d08h04m:05,20,05,35
26d08h07m-26d10h59m:15,40,27,40
26d09h55m-26d10h38m:15,40,27,40
26d11h37m-26d13h26m:57,30,57,45
26d12h05m-26d14h09m:67,37,67,22
26d13h06m-26d16h18m:15,03,22,03,22,08,37,08,37,12
26d14h52m-26d15h59m:60,10,60,25
26d16h13m-26d16h53m:25,25,30,25,30,30,35,30
26d16h50m-26d20h29m:60,10,60,25
26d17h45m-26d19h32m:15,40,27,40
26d19h15m-26d21h14m:17,15,25,15
26d20h14m-26d21h49m:10,20,40,20,40,35
26d21h13m-27d00h55m:50,10,55,10,55,25
26d23h50m-27d02h43m:08,03,08,23,20,23
27d00h45m-27d04h23m:42,08,42,15,47,15,47,27,55,27
27d01h17m-27d03h04m:25,25,30,25,30,30,35,30
27d01h29m-27d04h39m:05,20,05,35
27d01h46m-27d03h22m:57,30,57,45
27d01h57m-27d04h06m:67,37,67,22
27d02h41m-27d05h32m:17,15,25,15
27d02h58m-27d05h20m:10,20,40,20,40,35
27d03h06m-27d05h10m:15,25,15,30,20,30,20,35,30,35,30,40
27d03h24m-27d04h07m:05,20,05,35
27d05h09m-27d06h14m:15,25,15,30,20,30,20,35,30,35,30,40
27d05h50m-27d06h56m:57,30,57,45
27d06h26m-27d07h13m:15,40,27,40
27d06h28m-27d09h30m:08,03,08,23,20,23
27d06h54m-27d08h43m:57,30,57,45
27d09h17m-27d10h29m:05,20,05,35
27d09h23m-27d10h47m:15,03,22,03,22,08,37,08,37,12
27d12h00m-27d15h11m:57,30,57,45
27d12h28m-27d13h04m:15,25,15,30,20,30,20,35,30,35,30,40
27d12h32m-27d13h49m:25,45,45,45,45,40
27d13h57m-27d17h39m:15,40,27,40
27d14h16m-27d16h50m:42,08,42,15,47,15,47,27,55,27
27d14h25m-27d17h31m:17,15,25,15
27d16h18m-27d16h52m:10,20,40,20,40,35
27d18h46m-27d20h21m:57,30,57,45
27d18h48m-27d19h36m:67,37,67,22
27d19h55m-27d21h36m:42,08,42,15,47,15,47,27,55,27
27d22h29m-28d00h09m:60,10,60,25
27d22h53m-28d02h31m:10,20,40,20,40,35
27d23h55m-28d00h10m:15,40,27,40
28d04h11m-28d06h56m:10,20,40,20,40,35
28d04h24m-28d06h42m:10,20,40,20,40,35
28d04h45m-28d08h16m:60,10,60,25
28d05h00m-28d08h52m:60,10,60,25
28d09h03m-28d10h42m:15,40,27,40
28d12h33m-28d15h44m:15,25,15,30,20,30,20,35,30,35,30,40
28d13h15m-28d14h34m:67,37,67,22
28d13h45m-28d14h04m:60,10,60,25
28d14h59m-28d15h53m:15,25,15,30,20,30,20,35,30,35,30,40
28d15h49m-28d17h51m:15,40,27,40
28d16h01m-28d18h18m:05,20,05,35
28d16h30m-28d16h57m:25,45,45,45,45,40
28d16h59m-28d18h44m:50,10,55,10,55,25
28d18h29m-28d19h13m:60,10,60,25
28d18h49m-28d22h24m:25,25,30,25,30,30,35,30
28d19h06m-28d20h46m:25,45,45,45,45,40
28d21h56m-29d01h37m:17,15,25,15
28d22h17m-29d02h05m:67,37,67,22
28d22h34m-29d02h15m:60,10,60,25
28d22h45m-29d01h30m:67,37,67,22
29d01h52m-29d05h05m:25,45,45,45,45,40
29d01h58m-29d04h09m:15,40,27,40
29d02h16m-29d03h53m:25,25,30,25,30,30,35,30
29d03h53m-29d07h52m:10,20,40,20,40,35
29d04h55m-29d06h47m:67,37,67,22
29d05h34m-29d05h50m:10,20,40,20,40,35
29d06h58m-29d08h48m:15,03,22,03,22,08,37,08,37,12
29d07h04m-29d07h21m:15,25,15,30,20,30,20,35,30,35,30,40
29d09h31m-29d09h53m:10,20,40,20,40,35
29d13h34m-29d16h39m:60,10,60,25
29d14h21m-29d17h41m:25,45,45,45,45,40
29d14h21m-29d18h18m:60,10,60,25
29d14h53m-29d18h41m:42,08,42,15,47,15,47,27,55,27
29d15h04m-29d16h49m:60,10,60,25
29d16h13m-29d16h46m:08,03,08,23,20,23
29d16h56m-29d18h37m:60,10,60,25
29d17h10m-29d20h59m:25,45,45,45,45,40
29d17h13m-29d18h05m:15,40,27,40
29d17h18m-29d19h16m:25,25,30,25,30,30,35,30
29d18h14m-29d19h54m:67,37,67,22
29d19h15m-29d21h52m:15,40,27,40
29d19h15m-29d22h28m:25,45,45,45,45,40
29d20h03m-29d21h54m:50,10,55,10,55,25
29d20h11m-29d23h22m:15,03,22,03,22,08,37,08,37,12
29d20h11m-29d23h56m:57,30,57,45
29d20h52m-29d21h19m:08,03,08,23,20,23
29d21h08m-30d00h33m:15,40,27,40
29d22h59m-30d02h54m:42,08,42,15,47,15,47,27,55,27
29d23h03m-30d01h14m:57,30,57,45
30d00h13m-30d03h21m:25,45,45,45,45,40
30d01h11m-30d03h49m:08,03,08,23,20,23
30d02h23m-30d03h25m:25,45,45,45,45,40
30d02h37m-30d05h24m:17,15,25,15
30d03h19m-30d05h02m:15,40,27,40
30d04h30m-30d07h09m:10,20,40,20,40,35
30d04h47m-30d08h03m:05,20,05,35
30d06h20m-30d08h20m:15,10,30,10,30,18
30d06h57m-30d10h04m:50,10,55,10,55,25
30d09h36m-30d13h24m:15,25,15,30,20,30,20,35,30,35,30,40
30d10h17m-30d14h14m:15,40,27,40
30d10h21m-30d13h43m:15,10,30,10,30,18
30d10h37m-30d14h22m:10,20,40,20,40,35
30d11h23m-30d13h27m:42,08,42,15,47,15,47,27,55,27
30d11h59m-30d15h34m:25,45,45,45,45,40
30d12h37m-30d13h41m:67,37,67,22
30d12h49m-30d15h07m:10,20,40,20,40,35
30d13h48m-30d17h13m:25,45,45,45,45,40
30d16h02m-30d17h25m:10,20,40,20,40,35
30d17h34m-30d18h39m:05,20,05,35
30d22h28m-31d02h26m:10,20,40,20,40,35
31d05h19m-31d08h46m:50,10,55,10,55,25
31d06h59m-31d08h20m:15,25,15,30,20,30,20,35,30,35,30,40
31d07h04m-31d08h23m:67,37,67,22
31d07h13m-31d10h48m:05,20,05,35
31d08h06m-31d11h46m:08,03,08,23,20,23
31d10h00m-31d12h40m:17,15,25,15
31d10h30m-31d14h27m:25,25,30,25,30,30,35,30
31d11h45m-31d15h30m:50,10,55,10,55,25
31d14h01m-31d14h56m:50,10,55,10,55,25
31d16h27m-31d19h09m:15,25,15,30,20,30,20,35,30,35,30,40
31d17h04m-31d19h47m:15,10,30,10,30,18
31d21h50m-31d23h50m:05,20,05,35
