01d01h23m-01d04h15m:42,08,42,15,47,15,47,27,55,27
01d01h45m-01d04h07m:17,15,25,15
01d04h12m-01d05h01m:05,20,05,35
01d05h37m-01d06h14m:57,30,57,45
01d06h22m-01d07h31m:15,25,15,30,20,30,20,35,30,35,30,40
01d06h27m-01d06h48m:60,10,60,25
01d07h53m-01d09h50m:08,03,08,23,20,23
01d08h14m-01d12h01m:67,37,67,22
01d09h48m-01d11h05m:57,30,57,45
01d15h05m-01d16h20m:17,15,25,15
01d16h06m-01d19h22m:60,10,60,25
01d17h23m-01d20h47m:10,20,40,20,40,35
01d18h54m-01d20h18m:05,20,05,35
01d19h56m-01d22h46m:60,10,60,25
01d21h32m-02d01h28m:15,10,30,10,30,18
01d21h43m-01d22h34m:08,03,08,23,20,23
01d22h21m-01d23h55m:50,10,55,10,55,25
02d00h39m-02d01h25m:05,20,05,35
02d03h03m-02d06h40m:17,15,25,15
02d04h51m-02d07h38m:42,08,42,15,47,15,47,27,55,27
02d05h08m-02d08h27m:50,10,55,10,55,25
02d05h34m-02d07h43m:10,20,40,20,40,35
02d07h06m-02d09h06m:57,30,57,45
02d07h09m-02d07h42m:05,20,05,35
02d10h10m-02d12h05m:15,10,30,10,30,18
02d11h10m-02d12h34m:05,20,05,35
02d11h21m-02d13h36m:50,10,55,10,55,25
02d12h02m-02d14h13m:25,25,30,25,30,30,35,30
02d12h06m-02d15h06m:57,30,57,45
02d13h09m-02d16h30m:42,08,42,15,47,15,47,27,55,27
02d13h54m-02d15h33m:60,10,60,25
02d14h31m-02d17h52m:42,08,42,15,47,15,47,27,55,27
02d15h03m-02d18h30m:08,03,08,23,20,23
02d16h28m-02d18h54m:42,08,42,15,47,15,47,27,55,27
02d17h03m-02d18h23m:67,37,67,22
02d18h28m-02d20h04m:08,03,08,23,20,23
02d19h57m-02d23h26m:17,15,25,15
02d22h03m-02d22h54m:15,03,22,03,22,08,37,08,37,12
02d23h55m-03d02h55m:67,37,67,22
03d00h09m-03d01h42m:08,03,08,23,20,23
03d00h24m-03d01h07m:60,10,60,25
03d02h22m-03d04h58m:50,10,55,10,55,25
03d06h52m-03d09h28m:42,08,42,15,47,15,47,27,55,27
03d07h50m-03d10h37m:60,10,60,25
03d09h00m-03d10h19m:42,08,42,15,47,15,47,27,55,27
03d09h51m-03d10h44m:50,10,55,10,55,25
03d10h53m-03d13h28m:50,10,55,10,55,25
03d11h10m-03d13h39m:15,03,22,03,22,08,37,08,37,12
03d13h09m-03d16h09m:67,37,67,22
03d15h08m-03d16h19m:57,30,57,45
03d16h06m-03d19h20m:50,10,55,10,55,25
03d18h48m-03d20h09m:67,37,67,22
03d20h44m-03d22h29m:42,08,42,15,47,15,47,27,55,27
03d20h59m-03d21h43m:17,15,25,15
03d21h27m-03d23h41m:60,10,60,25
04d00h59m-04d03h02m:42,08,42,15,47,15,47,27,55,27
04d10h42m-04d14h05m:05,20,05,35
04d10h53m-04d13h16m:08,03,08,23,20,23
04d11h09m-04d12h49m:57,30,57,45
04d12h10m-04d14h20m:50,10,55,10,55,25
04d12h12m-04d14h33m:05,20,05,35
04d12h58m-04d14h42m:05,20,05,35
04d19h33m-04d22h50m:15,25,15,30,20,30,20,35,30,35,30,40
04d19h39m-04d23h32m:25,45,45,45,45,40
04d20h29m-04d22h45m:15,03,22,03,22,08,37,08,37,12
04d20h57m-05d00h17m:15,03,22,03,22,08,37,08,37,12
04d22h38m-05d02h32m:05,20,05,35
05d00h23m-05d03h27m:25,25,30,25,30,30,35,30
05d01h06m-05d01h58m:08,03,08,23,20,23
05d03h04m-05d04h38m:50,10,55,10,55,25
05d03h24m-05d03h44m:08,03,08,23,20,23
05d04h47m-05d08h07m:50,10,55,10,55,25
05d05h36m-05d07h50m:15,40,27,40
05d05h44m-05d06h40m:15,10,30,10,30,18
05d08h47m-05d10h48m:25,45,45,45,45,40
05d13h04m-05d13h39m:15,25,15,30,20,30,20,35,30,35,30,40
05d15h48m-05d16h16m:10,20,40,20,40,35
05d16h28m-05d17h39m:57,30,57,45
05d16h28m-05d18h35m:42,08,42,15,47,15,47,27,55,27
05d23h50m-06d00h23m:42,08,42,15,47,15,47,27,55,27
06d00h02m-06d02h48m:17,15,25,15
06d00h10m-06d00h48m:15,03,22,03,22,08,37,08,37,12
06d00h24m-06d01h41m:42,08,42,15,47,15,47,27,55,27
06d01h12m-06d02h57m:15,03,22,03,22,08,37,08,37,12
06d02h28m-06d03h01m:15,03,22,03,22,08,37,08,37,12
06d05h03m-06d07h39m:15,03,22,03,22,08,37,08,37,12
06d07h32m-06d10h10m:17,15,25,15
06d07h36m-06d11h21m:50,10,55,10,55,25
06d08h11m-06d08h34m:08,03,08,23,20,23
06d08h29m-06d10h29m:08,03,08,23,20,23
06d09h41m-06d09h57m:15,40,27,40
06d10h23m-06d12h42m:25,25,30,25,30,30,35,30
06d10h33m-06d11h30m:15,03,22,03,22,08,37,08,37,12
06d12h07m-06d16h04m:15,25,15,30,20,30,20,35,30,35,30,40
06d12h39m-06d13h10m:50,10,55,10,55,25
06d14h29m-06d16h00m:15,25,15,30,20,30,20,35,30,35,30,40
06d14h30m-06d16h20m:15,25,15,30,20,30,20,35,30,35,30,40
06d14h39m-06d16h29m:15,10,30,10,30,18
06d15h20m-06d16h49m:50,10,55,10,55,25
06d15h24m-06d16h31m:67,37,67,22
06d16h06m-06d18h54m:15,03,22,03,22,08,37,08,37,12
06d16h34m-06d20h12m:42,08,42,15,47,15,47,27,55,27
06d17h32m-06d18h12m:42,08,42,15,47,15,47,27,55,27
06d17h45m-06d20h01m:67,37,67,22
06d19h01m-06d20h11m:10,20,40,20,40,35
06d19h12m-06d22h32m:15,10,30,10,30,18
06d19h34m-06d22h07m:08,03,08,23,20,23
06d20h28m-07d00h07m:05,20,05,35
06d21h26m-06d23h58m:17,15,25,15
06d23h32m-07d00h23m:10,20,40,20,40,35
07d00h45m-07d01h03m:05,20,05,35
07d00h52m-07d01h07m:57,30,57,45
07d00h52m-07d02h54m:10,20,40,20,40,35
07d02h16m-07d04h42m:15,40,27,40
07d02h27m-07d04h40m:10,20,40,20,40,35
07d05h31m-07d07h56m:57,30,57,45
07d06h24m-07d09h36m:10,20,40,20,40,35
07d08h55m-07d09h42m:67,37,67,22
07d10h04m-07d13h29m:05,20,05,35
07d10h52m-07d11h52m:15,03,22,03,22,08,37,08,37,12
07d11h26m-07d12h26m:25,25,30,25,30,30,35,30
07d11h30m-07d14h25m:08,03,08,23,20,23
07d12h14m-07d12h57m:17,15,25,15
07d12h18m-07d12h33m:15,25,15,30,20,30,20,35,30,35,30,40
07d12h46m-07d15h29m:15,10,30,10,30,18
07d15h00m-07d16h22m:60,10,60,25
07d16h38m-07d19h45m:05,20,05,35
07d17h40m-07d21h06m:25,45,45,45,45,40
07d21h12m-07d23h34m:10,20,40,20,40,35
07d21h25m-07d22h54m:25,25,30,25,30,30,35,30
07d22h46m-08d00h49m:25,45,45,45,45,40
07d23h02m-08d01h35m:17,15,25,15
08d03h56m-08d07h31m:50,10,55,10,55,25
08d04h10m-08d05h04m:57,30,57,45
08d04h29m-08d06h20m:67,37,67,22
08d06h25m-08d08h11m:08,03,08,23,20,23
08d09h12m-08d11h51m:15,03,22,03,22,08,37,08,37,12
08d12h06m-08d14h36m:17,15,25,15
08d12h19m-08d13h11m:25,45,45,45,45,40
08d12h52m-08d13h15m:67,37,67,22
08d15h35m-08d19h07m:08,03,08,23,20,23
08d21h33m-08d23h42m:17,15,25,15
08d22h53m-09d02h05m:15,40,27,40
09d00h08m-09d01h51m:15,10,30,10,30,18
09d00h59m-09d02h50m:10,20,40,20,40,35
09d02h48m-09d03h55m:67,37,67,22
09d03h25m-09d04h58m:05,20,05,35
09d03h46m-09d07h29m:10,20,40,20,40,35
09d04h49m-09d06h40m:67,37,67,22
09d06h04m-09d07h27m:67,37,67,22
09d08h12m-09d09h16m:25,45,45,45,45,40
09d08h46m-09d12h09m:15,03,22,03,22,08,37,08,37,12
09d09h40m-09d11h24m:67,37,67,22
09d10h16m-09d11h06m:60,10,60,25
09d10h47m-09d12h24m:15,03,22,03,22,08,37,08,37,12
09d11h03m-09d14h59m:15,40,27,40
09d12h34m-09d15h46m:17,15,25,15
09d13h21m-09d16h20m:15,25,15,30,20,30,20,35,30,35,30,40
09d14h02m-09d17h49m:25,25,30,25,30,30,35,30
09d15h22m-09d17h27m:15,25,15,30,20,30,20,35,30,35,30,40
09d17h05m-09d20h16m:15,03,22,03,22,08,37,08,37,12
09d18h46m-09d21h10m:15,03,22,03,22,08,37,08,37,12
09d19h00m-09d19h19m:10,20,40,20,40,35
09d19h59m-09d21h11m:60,10,60,25
09d20h06m-09d23h56m:25,25,30,25,30,30,35,30
09d20h53m-09d23h34m:08,03,08,23,20,23
09d22h37m-09d23h29m:10,20,40,20,40,35
09d22h51m-09d23h49m:57,30,57,45
09d23h49m-10d02h14m:15,25,15,30,20,30,20,35,30,35,30,40
10d00h30m-10d03h22m:60,10,60,25
10d05h10m-10d08h29m:05,20,05,35
10d05h31m-10d08h03m:15,40,27,40
10d05h43m-10d09h09m:15,40,27,40
10d06h00m-10d09h40m:08,03,08,23,20,23
10d08h59m-10d10h37m:15,03,22,03,22,08,37,08,37,12
10d10h50m-10d11h27m:57,30,57,45
10d11h18m-10d14h31m:50,10,55,10,55,25
10d11h26m-10d14h21m:17,15,25,15
10d14h54m-10d17h11m:60,10,60,25
10d15h26m-10d16h03m:15,03,22,03,22,08,37,08,37,12
10d15h50m-10d19h03m:25,25,30,25,30,30,35,30
10d16h07m-10d19h14m:57,30,57,45
10d17h01m-10d20h42m:15,25,15,30,20,30,20,35,30,35,30,40
10d18h54m-10d21h42m:42,08,42,15,47,15,47,27,55,27
10d20h44m-11d00h28m:17,15,25,15
10d21h11m-10d21h38m:08,03,08,23,20,23
10d22h53m-11d02h47m:15,03,22,03,22,08,37,08,37,12
11d00h09m-11d03h12m:15,10,30,10,30,18
11d01h32m-11d02h40m:17,15,25,15
11d01h52m-11d04h00m:10,20,40,20,40,35
11d03h30m-11d07h00m:15,40,27,40
11d03h36m-11d04h46m:15,25,15,30,20,30,20,35,30,35,30,40
11d03h59m-11d04h46m:25,45,45,45,45,40
11d04h52m-11d06h32m:15,40,27,40
11d05h52m-11d06h55m:05,20,05,35
11d06h06m-11d08h44m:60,10,60,25
11d06h14m-11d07h40m:15,25,15,30,20,30,20,35,30,35,30,40
11d06h53m-11d10h05m:05,20,05,35
11d07h20m-11d10h39m:08,03,08,23,20,23
11d10h50m-11d13h29m:57,30,57,45
11d11h54m-11d14h34m:15,25,15,30,20,30,20,35,30,35,30,40
11d12h15m-11d14h36m:15,25,15,30,20,30,20,35,30,35,30,40
11d12h39m-11d16h15m:50,10,55,10,55,25
11d13h19m-11d16h03m:05,20,05,35
11d13h27m-11d15h39m:15,40,27,40
11d13h41m-11d14h53m:15,25,15,30,20,30,20,35,30,35,30,40
11d14h00m-11d16h38m:25,45,45,45,45,40
11d15h35m-11d18h56m:25,25,30,25,30,30,35,30
11d17h02m-11d18h38m:17,15,25,15
11d17h07m-11d17h46m:08,03,08,23,20,23
11d18h10m-11d21h43m:67,37,67,22
11d18h45m-11d20h32m:25,25,30,25,30,30,35,30
11d19h22m-11d21h42m:05,20,05,35
11d23h00m-11d23h48m:57,30,57,45
11d23h11m-12d00h35m:17,15,25,15
11d23h43m-12d02h36m:25,45,45,45,45,40
11d23h55m-12d02h39m:60,10,60,25
12d01h18m-12d05h16m:25,25,30,25,30,30,35,30
12d01h55m-12d04h24m:57,30,57,45
12d03h56m-12d06h47m:15,40,27,40
12d04h05m-12d06h39m:17,15,25,15
12d04h33m-12d06h03m:08,03,08,23,20,23
12d05h21m-12d05h51m:15,25,15,30,20,30,20,35,30,35,30,40
12d05h37m-12d09h22m:17,15,25,15
12d06h20m-12d07h15m:10,20,40,20,40,35
12d06h49m-12d09h03m:25,45,45,45,45,40
12d07h49m-12d10h41m:15,40,27,40
12d07h49m-12d11h21m:15,03,22,03,22,08,37,08,37,12
12d11h16m-12d12h46m:57,30,57,45
12d11h51m-12d12h36m:15,25,15,30,20,30,20,35,30,35,30,40
12d12h51m-12d13h37m:15,25,15,30,20,30,20,35,30,35,30,40
12d13h02m-12d15h53m:57,30,57,45
12d14h44m-12d16h23m:67,37,67,22
12d15h50m-12d17h21m:15,03,22,03,22,08,37,08,37,12
12d16h34m-12d19h27m:15,03,22,03,22,08,37,08,37,12
12d17h19m-12d17h40m:25,45,45,45,45,40
12d17h23m-12d19h14m:05,20,05,35
12d17h49m-12d19h01m:25,45,45,45,45,40
12d18h23m-12d21h16m:50,10,55,10,55,25
12d18h36m-12d19h47m:60,10,60,25
12d18h58m-12d21h15m:15,03,22,03,22,08,37,08,37,12
12d20h01m-12d23h58m:08,03,08,23,20,23
12d20h04m-12d23h29m:17,15,25,15
12d20h35m-12d22h14m:10,20,40,20,40,35
12d21h21m-12d22h23m:05,20,05,35
12d22h41m-13d00h35m:17,15,25,15
12d23h21m-13d00h59m:67,37,67,22
13d00h42m-13d02h00m:57,30,57,45
13d03h37m-13d04h51m:15,03,22,03,22,08,37,08,37,12
13d03h46m-13d06h02m:25,45,45,45,45,40
13d04h19m-13d05h09m:15,10,30,10,30,18
13d05h14m-13d05h32m:10,20,40,20,40,35
13d05h24m-13d05h59m:15,03,22,03,22,08,37,08,37,12
13d05h43m-13d06h01m:25,45,45,45,45,40
13d05h58m-13d08h25m:67,37,67,22
13d08h45m-13d12h29m:15,03,22,03,22,08,37,08,37,12
13d09h48m-13d11h07m:15,40,27,40
13d10h13m-13d13h11m:67,37,67,22
13d11h16m-13d13h24m:25,45,45,45,45,40
13d11h24m-13d12h54m:15,25,15,30,20,30,20,35,30,35,30,40
13d12h21m-13d13h04m:60,10,60,25
13d12h36m-13d15h41m:50,10,55,10,55,25
13d12h55m-13d15h31m:25,25,30,25,30,30,35,30
13d15h03m-13d17h16m:60,10,60,25
13d15h45m-13d19h15m:15,40,27,40
13d16h01m-13d18h04m:10,20,40,20,40,35
13d16h06m-13d19h03m:25,25,30,25,30,30,35,30
13d18h38m-13d20h01m:17,15,25,15
13d19h41m-13d20h08m:25,45,45,45,45,40
13d20h34m-14d00h23m:15,10,30,10,30,18
13d21h14m-14d00h53m:67,37,67,22
13d21h15m-13d23h06m:10,20,40,20,40,35
13d21h53m-13d23h14m:05,20,05,35
14d04h28m-14d05h52m:15,10,30,10,30,18
14d04h33m-14d08h15m:15,40,27,40
14d04h40m-14d06h54m:08,03,08,23,20,23
14d06h05m-14d10h00m:25,45,45,45,45,40
14d08h52m-14d11h08m:25,25,30,25,30,30,35,30
14d09h55m-14d11h46m:10,20,40,20,40,35
14d10h19m-14d11h21m:15,03,22,03,22,08,37,08,37,12
14d11h51m-14d15h49m:15,03,22,03,22,08,37,08,37,12
14d12h03m-14d14h34m:15,03,22,03,22,08,37,08,37,12
14d12h06m-14d15h52m:15,10,30,10,30,18
14d12h47m-14d14h19m:57,30,57,45
14d13h05m-14d17h00m:17,15,25,15
14d13h19m-14d16h22m:15,40,27,40
14d16h00m-14d18h39m:15,40,27,40
14d19h27m-14d23h18m:25,25,30,25,30,30,35,30
14d20h29m-14d21h35m:05,20,05,35
14d21h13m-14d21h33m:10,20,40,20,40,35
14d22h35m-15d01h00m:05,20,05,35
14d23h38m-15d01h18m:67,37,67,22
15d00h17m-15d01h04m:60,10,60,25
15d00h44m-15d01h09m:15,10,30,10,30,18
15d01h39m-15d05h10m:50,10,55,10,55,25
15d02h24m-15d05h41m:08,03,08,23,20,23
15d04h38m-15d05h58m:50,10,55,10,55,25
15d05h30m-15d08h24m:08,03,08,23,20,23
15d07h46m-15d11h05m:42,08,42,15,47,15,47,27,55,27
15d09h37m-15d09h56m:17,15,25,15
15d09h54m-15d10h31m:15,25,15,30,20,30,20,35,30,35,30,40
15d10h49m-15d11h11m:10,20,40,20,40,35
15d11h27m-15d13h01m:17,15,25,15
15d12h56m-15d16h26m:57,30,57,45
15d13h43m-15d17h04m:15,40,27,40
15d15h38m-15d16h19m:57,30,57,45
15d15h42m-15d19h08m:25,45,45,45,45,40
15d17h21m-15d20h35m:10,20,40,20,40,35
15d17h44m-15d19h22m:17,15,25,15
15d19h15m-15d22h12m:60,10,60,25
15d19h24m-15d22h16m:60,10,60,25
15d21h38m-15d23h08m:10,20,40,20,40,35
15d21h54m-15d23h14m:15,40,27,40
15d22h37m-16d01h09m:42,08,42,15,47,15,47,27,55,27
15d23h21m-16d02h34m:25,45,45,45,45,40
15d23h47m-16d00h22m:15,25,15,30,20,30,20,35,30,35,30,40
15d23h58m-16d01h42m:15,03,22,03,22,08,37,08,37,12
16d04h57m-16d08h42m:05,20,05,35
16d06h52m-16d10h40m:60,10,60,25
16d08h46m-16d11h40m:67,37,67,22
16d08h48m-16d12h24m:05,20,05,35
16d09h24m-16d12h43m:42,08,42,15,47,15,47,27,55,27
16d09h46m-16d12h28m:15,25,15,30,20,30,20,35,30,35,30,40
16d12h04m-16d13h22m:08,03,08,23,20,23
16d13h42m-16d16h31m:15,10,30,10,30,18
16d16h10m-16d17h29m:57,30,57,45
16d16h52m-16d17h46m:15,10,30,10,30,18
16d17h20m-16d20h20m:15,25,15,30,20,30,20,35,30,35,30,40
16d18h10m-16d19h22m:60,10,60,25
16d18h44m-16d22h35m:57,30,57,45
16d20h00m-16d20h39m:25,45,45,45,45,40
16d20h39m-16d21h44m:57,30,57,45
17d00h05m-17d02h21m:67,37,67,22
17d00h32m-17d00h56m:25,45,45,45,45,40
17d02h51m-17d03h08m:67,37,67,22
17d04h48m-17d05h25m:50,10,55,10,55,25
17d09h56m-17d13h05m:42,08,42,15,47,15,47,27,55,27
17d14h16m-17d16h36m:25,25,30,25,30,30,35,30
17d15h34m-17d16h55m:57,30,57,45
17d16h39m-17d17h05m:57,30,57,45
17d19h40m-17d21h00m:05,20,05,35
17d22h10m-18d00h54m:57,30,57,45
18d01h00m-18d01h43m:67,37,67,22
18d02h29m-18d04h27m:50,10,55,10,55,25
18d03h11m-18d04h09m:15,25,15,30,20,30,20,35,30,35,30,40
18d04h27m-18d07h20m:67,37,67,22
18d09h58m-18d12h06m:25,45,45,45,45,40
18d10h24m-18d14h19m:42,08,42,15,47,15,47,27,55,27
18d12h03m-18d14h22m:15,03,22,03,22,08,37,08,37,12
18d12h40m-18d15h48m:17,15,25,15
18d14h24m-18d15h13m:60,10,60,25
18d17h58m-18d21h44m:17,15,25,15
18d19h43m-18d20h27m:25,45,45,45,45,40
18d21h03m-19d00h31m:05,20,05,35
18d22h56m-19d01h06m:25,45,45,45,45,40
19d00h25m-19d02h01m:25,45,45,45,45,40
19d00h53m-19d02h16m:25,25,30,25,30,30,35,30
19d03h47m-19d04h57m:08,03,08,23,20,23
19d05h51m-19d06h33m:15,40,27,40
19d06h05m-19d08h24m:25,25,30,25,30,30,35,30
19d06h31m-19d07h51m:25,45,45,45,45,40
19d07h24m-19d09h57m:17,15,25,15
19d08h13m-19d10h30m:08,03,08,23,20,23
19d09h29m-19d13h11m:25,25,30,25,30,30,35,30
19d09h55m-19d12h42m:05,20,05,35
19d10h27m-19d11h06m:42,08,42,15,47,15,47,27,55,27
19d10h40m-19d11h26m:15,03,22,03,22,08,37,08,37,12
19d11h07m-19d12h57m:67,37,67,22
19d11h58m-19d15h34m:10,20,40,20,40,35
19d12h14m-19d13h12m:60,10,60,25
19d13h17m-19d14h42m:50,10,55,10,55,25
19d13h40m-19d15h30m:05,20,05,35
19d14h41m-19d16h07m:05,20,05,35
19d16h38m-19d19h49m:15,25,15,30,20,30,20,35,30,35,30,40
19d17h13m-19d20h55m:50,10,55,10,55,25
19d17h51m-19d19h13m:25,25,30,25,30,30,35,30
19d19h28m-19d22h29m:10,20,40,20,40,35
19d19h52m-19d22h04m:08,03,08,23,20,23
19d19h57m-19d20h54m:60,10,60,25
19d23h32m-20d03h30m:05,20,05,35
20d01h03m-20d03h01m:60,10,60,25
20d02h31m-20d03h36m:10,20,40,20,40,35
20d04h11m-20d05h00m:15,40,27,40
20d04h11m-20d05h20m:05,20,05,35
20d06h11m-20d07h31m:15,25,15,30,20,30,20,35,30,35,30,40
20d06h31m-20d06h54m:15,03,22,03,22,08,37,08,37,12
20d07h14m-20d08h55m:08,03,08,23,20,23
20d07h54m-20d09h27m:25,25,30,25,30,30,35,30
20d08h08m-20d09h32m:17,15,25,15
20d08h09m-20d10h48m:60,10,60,25
20d08h23m-20d12h10m:15,25,15,30,20,30,20,35,30,35,30,40
20d08h54m-20d11h47m:15,25,15,30,20,30,20,35,30,35,30,40
20d10h32m-20d11h00m:05,20,05,35
20d10h33m-20d10h51m:10,20,40,20,40,35
20d11h46m-20d14h24m:15,10,30,10,30,18
20d12h07m-20d14h58m:67,37,67,22
20d13h22m-20d15h49m:67,37,67,22
20d13h40m-20d14h20m:42,08,42,15,47,15,47,27,55,27
20d15h37m-20d18h58m:25,45,45,45,45,40
20d16h46m-20d19h49m:15,03,22,03,22,08,37,08,37,12
20d17h27m-20d21h04m:15,25,15,30,20,30,20,35,30,35,30,40
20d17h43m-20d19h36m:15,03,22,03,22,08,37,08,37,12
20d18h33m-20d20h30m:42,08,42,15,47,15,47,27,55,27
20d19h44m-20d20h57m:25,25,30,25,30,30,35,30
20d20h47m-20d22h41m:15,10,30,10,30,18
20d21h12m-20d23h58m:25,25,30,25,30,30,35,30
20d21h45m-20d22h01m:15,03,22,03,22,08,37,08,37,12
20d22h05m-21d00h21m:05,20,05,35
20d22h13m-21d00h20m:15,40,27,40
20d22h43m-21d00h07m:57,30,57,45
21d00h16m-21d03h27m:50,10,55,10,55,25
21d00h19m-21d00h47m:15,03,22,03,22,08,37,08,37,12
21d01h55m-21d03h27m:15,25,15,30,20,30,20,35,30,35,30,40
21d03h19m-21d03h43m:50,10,55,10,55,25
21d06h05m-21d07h46m:42,08,42,15,47,15,47,27,55,27
21d06h16m-21d09h38m:15,03,22,03,22,08,37,08,37,12
21d06h44m-21d07h26m:05,20,05,35
21d08h43m-21d09h22m:57,30,57,45
21d12h38m-21d14h11m:60,10,60,25
21d13h34m-21d13h51m:15,03,22,03,22,08,37,08,37,12
21d16h10m-21d18h51m:60,10,60,25
21d18h28m-21d19h26m:05,20,05,35
21d20h23m-22d00h15m:05,20,05,35
21d21h00m-21d21h18m:67,37,67,22
21d23h13m-22d01h19m:15,25,15,30,20,30,20,35,30,35,30,40
22d00h51m-22d01h54m:25,45,45,45,45,40
22d03h47m-22d04h27m:15,10,30,10,30,18
22d03h53m-22d07h10m:08,03,08,23,20,23
22d04h52m-22d05h26m:60,10,60,25
22d06h55m-22d09h27m:17,15,25,15
22d07h08m-22d08h20m:15,25,15,30,20,30,20,35,30,35,30,40
22d07h53m-22d10h09m:08,03,08,23,20,23
22d09h00m-22d10h25m:60,10,60,25
22d09h28m-22d12h10m:10,20,40,20,40,35
22d09h50m-22d11h07m:57,30,57,45
22d09h54m-22d10h32m:57,30,57,45
22d10h00m-22d12h27m:17,15,25,15
22d10h06m-22d13h53m:10,20,40,20,40,35
22d10h46m-22d11h46m:15,40,27,40
22d11h27m-22d13h20m:50,10,55,10,55,25
22d11h53m-22d13h13m:08,03,08,23,20,23
22d12h28m-22d13h53m:08,03,08,23,20,23
22d13h01m-22d14h14m:08,03,08,23,20,23
22d13h19m-22d16h45m:67,37,67,22
22d14h27m-22d16h03m:17,15,25,15
22d17h13m-22d18h22m:50,10,55,10,55,25
22d19h29m-22d21h59m:05,20,05,35
22d20h34m-22d22h03m:15,40,27,40
22d22h53m-23d02h26m:10,20,40,20,40,35
23d01h55m-23d04h33m:08,03,08,23,20,23
23d03h19m-23d04h47m:42,08,42,15,47,15,47,27,55,27
23d05h10m-23d07h00m:60,10,60,25
23d06h54m-23d10h41m:08,03,08,23,20,23
23d07h19m-23d09h55m:25,25,30,25,30,30,35,30
23d08h12m-23d10h22m:17,15,25,15
23d08h27m-23d09h44m:50,10,55,10,55,25
23d08h56m-23d10h21m:25,45,45,45,45,40
23d10h13m-23d10h33m:42,08,42,15,47,15,47,27,55,27
23d10h27m-23d11h02m:15,40,27,40
23d10h55m-23d11h57m:15,25,15,30,20,30,20,35,30,35,30,40
23d11h21m-23d14h42m:08,03,08,23,20,23
23d12h32m-23d14h00m:17,15,25,15
23d13h33m-23d15h57m:17,15,25,15
23d14h20m-23d18h08m:15,03,22,03,22,08,37,08,37,12
23d14h39m-23d15h22m:60,10,60,25
23d16h23m-23d20h01m:15,40,27,40
23d16h29m-23d18h43m:25,25,30,25,30,30,35,30
23d18h07m-23d20h49m:67,37,67,22
23d19h03m-23d19h53m:15,10,30,10,30,18
23d19h44m-23d21h38m:25,45,45,45,45,40
23d21h33m-23d23h41m:25,45,45,45,45,40
23d22h16m-24d01h46m:15,03,22,03,22,08,37,08,37,12
24d00h26m-24d04h15m:05,20,05,35
24d01h03m-24d04h12m:50,10,55,10,55,25
24d05h26m-24d09h13m:42,08,42,15,47,15,47,27,55,27
24d05h29m-24d09h07m:15,40,27,40
24d07h27m-24d10h01m:25,45,45,45,45,40
24d07h29m-24d11h03m:50,10,55,10,55,25
24d07h50m-24d09h18m:08,03,08,23,20,23
24d08h53m-24d12h29m:25,25,30,25,30,30,35,30
24d09h49m-24d10h52m:57,30,57,45
24d11h59m-24d13h03m:25,45,45,45,45,40
24d12h58m-24d15h32m:67,37,67,22
24d12h58m-24d15h50m:15,10,30,10,30,18
24d17h37m-24d18h21m:50,10,55,10,55,25
24d17h38m-24d21h26m:57,30,57,45
24d20h12m-24d22h29m:08,03,08,23,20,23
24d20h40m-24d22h39m:60,10,60,25
24d20h57m-24d23h50m:08,03,08,23,20,23
24d23h16m-25d01h27m:15,40,27,40
24d23h29m-25d01h06m:25,45,45,45,45,40
25d00h10m-25d03h20m:60,10,60,25
25d00h34m-25d01h05m:15,40,27,40
25d01h18m-25d03h34m:25,25,30,25,30,30,35,30
25d01h45m-25d03h15m:25,25,30,25,30,30,35,30
25d01h54m-25d05h23m:67,37,67,22
25d02h46m-25d05h04m:05,20,05,35
25d05h01m-25d08h00m:50,10,55,10,55,25
25d05h05m-25d07h12m:25,25,30,25,30,30,35,30
25d05h35m-25d06h47m:60,10,60,25
25d06h55m-25d09h25m:10,20,40,20,40,35
25d08h18m-25d09h55m:15,25,15,30,20,30,20,35,30,35,30,40
25d08h51m-25d10h01m:15,10,30,10,30,18
25d09h09m-25d09h46m:50,10,55,10,55,25
25d09h16m-25d10h21m:25,45,45,45,45,40
25d10h53m-25d13h15m:50,10,55,10,55,25
25d12h54m-25d15h47m:15,03,22,03,22,08,37,08,37,12
25d13h44m-25d15h18m:10,20,40,20,40,35
25d13h45m-25d14h49m:15,10,30,10,30,18
25d14h49m-25d18h21m:15,40,27,40
25d16h40m-25d19h17m:57,30,57,45
25d17h31m-25d18h38m:25,45,45,45,45,40
25d18h46m-25d19h18m:15,10,30,10,30,18
25d19h17m-25d19h37m:15,03,22,03,22,08,37,08,37,12
25d20h24m-25d20h43m:10,20,40,20,40,35
25d21h32m-25d23h55m:08,03,08,23,20,23
25d22h11m-26d01h31m:50,10,55,10,55,25
25d23h47m-26d03h43m:10,20,40,20,40,35
26d01h51m-26d03h44m:15,40,27,40
26d03h28m-26d04h40m:25,45,45,45,45,40
26d03h31m-26d05h56m:57,30,57,45
26d04h49m-26d07h04m:50,10,55,10,55,25
26d07h37m-26d10h18m:42,08,42,15,47,15,47,27,55,27
26d07h51m-26d09h19m:15,03,22,03,22,08,37,08,37,12
26d08h24m-26d11h34m:60,10,60,25
26d10h03m-26d11h41m:15,10,30,10,30,18
26d11h22m-26d12h53m:67,37,67,22
26d11h33m-26d15h07m:15,25,15,30,20,30,20,35,30,35,30,40
26d12h30m-26d14h49m:10,20,40,20,40,35
26d12h40m-26d13h58m:60,10,60,25
26d13h07m-26d13h39m:08,03,08,23,20,23
26d13h34m-26d17h14m:08,03,08,23,20,23
26d16h01m-26d19h51m:08,03,08,23,20,23
26d16h04m-26d19h26m:67,37,67,22
26d16h34m-26d17h39m:08,03,08,23,20,23
26d17h26m-26d19h00m:15,03,22,03,22,08,37,08,37,12
26d18h11m-26d21h36m:57,30,57,45
26d19h43m-26d20h49m:25,25,30,25,30,30,35,30
26d20h13m-26d22h48m:17,15,25,15
26d20h19m-26d20h46m:08,03,08,23,20,23
26d20h25m-26d22h07m:15,25,15,30,20,30,20,35,30,35,30,40
26d20h39m-26d22h03m:25,45,45,45,45,40
26d21h43m-27d00h46m:15,40,27,40
26d21h55m-26d22h58m:05,20,05,35
27d00h19m-27d03h01m:05,20,05,35
27d01h21m-27d03h37m:17,15,25,15
27d02h23m-27d03h25m:57,30,57,45
27d06h11m-27d09h48m:25,45,45,45,45,40
27d06h24m-27d09h51m:60,10,60,25
27d07h18m-27d10h42m:15,25,15,30,20,30,20,35,30,35,30,40
27d10h52m-27d12h16m:25,25,30,25,30,30,35,30
27d10h54m-27d12h23m:57,30,57,45
27d11h30m-27d13h59m:15,25,15,30,20,30,20,35,30,35,30,40
27d11h33m-27d11h56m:57,30,57,45
27d11h37m-27d12h37m:15,10,30,10,30,18
27d12h58m-27d15h46m:57,30,57,45
27d13h55m-27d15h52m:15,10,30,10,30,18
27d14h08m-27d16h37m:15,10,30,10,30,18
27d16h10m-27d16h49m:15,40,27,40
27d16h22m-27d19h28m:17,15,25,15
27d18h20m-27d20h40m:60,10,60,25
27d18h24m-27d22h15m:15,40,27,40
27d18h31m-27d20h15m:67,37,67,22
27d19h46m-27d22h17m:15,25,15,30,20,30,20,35,30,35,30,40
27d21h42m-27d22h30m:10,20,40,20,40,35
27d23h22m-28d01h17m:42,08,42,15,47,15,47,27,55,27
27d23h36m-28d00h31m:15,40,27,40
27d23h44m-28d01h28m:67,37,67,22
27d23h56m-28d02h37m:57,30,57,45
28d00h27m-28d02h06m:05,20,05,35
28d01h23m-28d01h43m:57,30,57,45
28d01h44m-28d04h38m:25,25,30,25,30,30,35,30
28d02h06m-28d03h35m:25,45,45,45,45,40
28d02h59m-28d06h35m:15,40,27,40
28d03h52m-28d06h12m:60,10,60,25
28d06h40m-28d09h50m:60,10,60,25
28d06h55m-28d10h05m:15,03,22,03,22,08,37,08,37,12
28d07h25m-28d08h20m:25,25,30,25,30,30,35,30
28d09h18m-28d11h14m:67,37,67,22
28d09h45m-28d13h36m:67,37,67,22
28d10h10m-28d12h02m:67,37,67,22
28d11h09m-28d13h05m:05,20,05,35
28d12h05m-28d15h54m:25,45,45,45,45,40
28d13h36m-28d16h14m:15,10,30,10,30,18
28d14h56m-28d18h38m:08,03,08,23,20,23
28d16h33m-28d18h41m:42,08,42,15,47,15,47,27,55,27
28d17h56m-28d18h55m:57,30,57,45
28d18h16m-28d21h37m:42,08,42,15,47,15,47,27,55,27
28d21h38m-29d00h25m:67,37,67,22
28d21h46m-29d00h55m:50,10,55,10,55,25
28d22h37m-29d02h00m:15,03,22,03,22,08,37,08,37,12
28d23h42m-29d01h16m:50,10,55,10,55,25
29d00h46m-29d03h48m:08,03,08,23,20,23
29d03h06m-29d05h27m:57,30,57,45
29d03h12m-29d06h49m:42,08,42,15,47,15,47,27,55,27
29d03h23m-29d05h41m:15,40,27,40
29d03h39m-29d04h11m:50,10,55,10,55,25
29d05h51m-29d09h16m:08,03,08,23,20,23
29d06h10m-29d08h28m:15,03,22,03,22,08,37,08,37,12
29d08h17m-29d08h33m:57,30,57,45
29d09h21m-29d10h34m:15,25,15,30,20,30,20,35,30,35,30,40
29d09h32m-29d10h12m:60,10,60,25
29d09h40m-29d12h50m:15,25,15,30,20,30,20,35,30,35,30,40
29d09h57m-29d10h12m:57,30,57,45
29d10h34m-29d11h53m:25,25,30,25,30,30,35,30
29d11h40m-29d13h56m:17,15,25,15
29d11h44m-29d12h55m:50,10,55,10,55,25
29d12h39m-29d15h19m:05,20,05,35
29d14h18m-29d15h47m:15,40,27,40
29d15h08m-29d17h57m:57,30,57,45
29d15h16m-29d17h52m:50,10,55,10,55,25
29d16h16m-29d19h59m:08,03,08,23,20,23
29d17h46m-29d19h20m:50,10,55,10,55,25
29d20h12m-29d20h50m:10,20,40,20,40,35
29d20h13m-29d22h03m:25,25,30,25,30,30,35,30
29d20h38m-29d23h39m:15,10,30,10,30,18
29d20h41m-29d23h57m:15,10,30,10,30,18
29d21h40m-29d23h26m:50,10,55,10,55,25
29d22h18m-30d01h38m:57,30,57,45
29d22h27m-30d00h41m:15,25,15,30,20,30,20,35,30,35,30,40
29d23h48m-30d02h28m:25,25,30,25,30,30,35,30
29d23h51m-30d01h02m:15,40,27,40
30d01h36m-30d04h41m:15,40,27,40
30d01h54m-30d05h30m:25,25,30,25,30,30,35,30
30d03h31m-30d05h48m:15,40,27,40
30d04h02m-30d06h03m:50,10,55,10,55,25
30d05h18m-30d05h56m:15,25,15,30,20,30,20,35,30,35,30,40
30d06h15m-30d08h41m:05,20,05,35
30d06h48m-30d07h28m:60,10,60,25
30d07h11m-30d08h08m:57,30,57,45
30d11h06m-30d11h25m:50,10,55,10,55,25
30d11h24m-30d12h51m:15,10,30,10,30,18
30d11h33m-30d12h58m:25,45,45,45,45,40
30d12h18m-30d15h02m:60,10,60,25
30d12h33m-30d15h45m:10,20,40,20,40,35
30d13h14m-30d16h37m:15,25,15,30,20,30,20,35,30,35,30,40
30d13h38m-30d16h58m:08,03,08,23,20,23
30d13h57m-30d15h47m:05,20,05,35
30d14h09m-30d17h49m:15,25,15,30,20,30,20,35,30,35,30,40
30d15h35m-30d18h52m:05,20,05,35
30d21h53m-30d23h59m:17,15,25,15
30d22h45m-30d23h59m:67,37,67,22
30d23h37m-30d23h59m:42,08,42,15,47,15,47,27,55,27
