01d03h19m-01d05h28m:25,25,30,25,30,30,35,30
01d04h00m-01d05h15m:25,45,45,45,45,40
01d05h48m-01d06h55m:25,25,30,25,30,30,35,30
01d06h31m-01d07h53m:57,30,57,45
01d06h55m-01d09h14m:08,03,08,23,20,23
01d07h08m-01d10h29m:15,40,27,40
01d08h33m-01d11h11m:42,08,42,15,47,15,47,27,55,27
01d09h20m-01d10h50m:60,10,60,25
01d10h17m-01d13h12m:15,10,30,10,30,18
01d10h26m-01d12h28m:15,25,15,30,20,30,20,35,30,35,30,40
01d11h40m-01d12h50m:25,45,45,45,45,40
01d12h14m-01d14h42m:25,45,45,45,45,40
01d13h39m-01d16h12m:15,25,15,30,20,30,20,35,30,35,30,40
01d14h06m-01d15h36m:25,25,30,25,30,30,35,30
01d17h04m-01d18h48m:17,15,25,15
01d17h12m-01d19h55m:10,20,40,20,40,35
01d17h30m-01d18h59m:57,30,57,45
01d17h51m-01d19h43m:05,20,05,35
01d18h06m-01d21h06m:42,08,42,15,47,15,47,27,55,27
01d19h48m-01d23h22m:08,03,08,23,20,23
01d21h12m-01d22h36m:42,08,42,15,47,15,47,27,55,27
01d21h20m-01d22h11m:15,25,15,30,20,30,20,35,30,35,30,40
01d21h43m-01d22h47m:25,25,30,25,30,30,35,30
01d22h40m-02d00h53m:50,10,55,10,55,25
01d22h44m-01d23h06m:10,20,40,20,40,35
02d04h02m-02d07h09m:17,15,25,15
02d05h49m-02d09h22m:15,03,22,03,22,08,37,08,37,12
02d07h06m-02d08h08m:67,37,67,22
02d09h43m-02d11h10m:15,25,15,30,20,30,20,35,30,35,30,40
02d10h49m-02d13h08m:67,37,67,22
02d11h01m-02d15h01m:42,08,42,15,47,15,47,27,55,27
02d11h51m-02d15h25m:60,10,60,25
02d12h16m-02d13h01m:60,10,60,25
02d13h46m-02d14h02m:60,10,60,25
02d18h15m-02d21h24m:08,03,08,23,20,23
02d18h19m-02d20h44m:17,15,25,15
02d19h47m-02d20h58m:05,20,05,35
02d23h18m-03d03h16m:57,30,57,45
02d23h31m-03d01h29m:08,03,08,23,20,23
03d01h10m-03d03h34m:57,30,57,45
03d03h33m-03d03h59m:05,20,05,35
03d04h33m-03d08h01m:50,10,55,10,55,25
03d04h47m-03d06h05m:15,03,22,03,22,08,37,08,37,12
03d07h53m-03d09h21m:17,15,25,15
03d08h00m-03d09h24m:05,20,05,35
03d08h53m-03d11h54m:25,45,45,45,45,40
03d10h04m-03d13h49m:42,08,42,15,47,15,47,27,55,27
03d10h19m-03d11h41m:08,03,08,23,20,23
03d10h29m-03d12h37m:25,25,30,25,30,30,35,30
03d10h32m-03d13h43m:15,25,15,30,20,30,20,35,30,35,30,40
03d11h00m-03d12h25m:10,20,40,20,40,35
03d13h29m-03d13h58m:15,03,22,03,22,08,37,08,37,12
03d14h01m-03d17h15m:15,40,27,40
03d15h18m-03d16h27m:08,03,08,23,20,23
03d16h06m-03d19h31m:60,10,60,25
03d16h30m-03d17h12m:05,20,05,35
03d16h36m-03d20h36m:15,03,22,03,22,08,37,08,37,12
03d17h26m-03d18h31m:25,45,45,45,45,40
03d17h48m-03d21h35m:10,20,40,20,40,35
03d18h13m-03d21h12m:15,10,30,10,30,18
03d18h17m-03d19h26m:10,20,40,20,40,35
03d18h18m-03d21h22m:42,08,42,15,47,15,47,27,55,27
03d18h35m-03d20h00m:08,03,08,23,20,23
03d18h54m-03d21h20m:05,20,05,35
03d19h07m-03d22h14m:15,03,22,03,22,08,37,08,37,12
03d20h56m-04d00h22m:08,03,08,23,20,23
03d21h14m-04d00h38m:15,03,22,03,22,08,37,08,37,12
03d21h47m-03d22h57m:10,20,40,20,40,35
03d22h30m-04d02h04m:25,45,45,45,45,40
04d03h02m-04d04h10m:15,03,22,03,22,08,37,08,37,12
04d03h05m-04d03h38m:15,40,27,40
04d04h59m-04d07h50m:15,03,22,03,22,08,37,08,37,12
04d09h15m-04d09h34m:67,37,67,22
04d10h17m-04d11h24m:15,10,30,10,30,18
04d11h41m-04d15h08m:25,25,30,25,30,30,35,30
04d12h52m-04d16h07m:15,03,22,03,22,08,37,08,37,12
04d14h06m-04d17h48m:15,40,27,40
04d14h12m-04d17h45m:15,03,22,03,22,08,37,08,37,12
04d22h17m-05d00h19m:50,10,55,10,55,25
05d00h04m-05d03h50m:15,25,15,30,20,30,20,35,30,35,30,40
05d01h07m-05d01h49m:25,45,45,45,45,40
05d02h07m-05d02h31m:25,25,30,25,30,30,35,30
05d02h34m-05d04h55m:25,45,45,45,45,40
05d03h48m-05d07h04m:05,20,05,35
05d03h59m-05d05h01m:67,37,67,22
05d05h29m-05d09h29m:15,40,27,40
05d06h22m-05d10h09m:25,45,45,45,45,40
05d06h41m-05d08h52m:05,20,05,35
05d11h06m-05d12h35m:05,20,05,35
05d16h48m-05d20h21m:57,30,57,45
05d18h08m-05d21h03m:15,25,15,30,20,30,20,35,30,35,30,40
05d20h42m-05d20h57m:25,45,45,45,45,40
05d22h58m-06d02h55m:42,08,42,15,47,15,47,27,55,27
05d23h05m-06d00h38m:15,25,15,30,20,30,20,35,30,35,30,40
06d02h49m-06d04h06m:60,10,60,25
06d04h32m-06d06h56m:42,08,42,15,47,15,47,27,55,27
06d07h35m-06d10h39m:05,20,05,35
06d08h59m-06d09h24m:15,10,30,10,30,18
06d10h39m-06d12h30m:15,10,30,10,30,18
06d12h54m-06d13h46m:42,08,42,15,47,15,47,27,55,27
06d14h47m-06d17h50m:05,20,05,35
06d18h10m-06d21h32m:25,45,45,45,45,40
06d18h18m-06d19h44m:15,03,22,03,22,08,37,08,37,12
06d19h06m-06d20h24m:25,25,30,25,30,30,35,30
07d00h52m-07d03h09m:17,15,25,15
07d02h40m-07d05h16m:10,20,40,20,40,35
07d02h56m-07d06h42m:25,45,45,45,45,40
07d04h09m-07d04h31m:15,03,22,03,22,08,37,08,37,12
07d05h49m-07d07h07m:57,30,57,45
07d07h58m-07d09h21m:15,10,30,10,30,18
07d08h54m-07d12h19m:15,25,15,30,20,30,20,35,30,35,30,40
07d09h10m-07d12h34m:08,03,08,23,20,23
07d09h26m-07d13h07m:17,15,25,15
07d10h33m-07d12h13m:50,10,55,10,55,25
07d11h56m-07d14h43m:25,45,45,45,45,40
07d12h54m-07d14h50m:08,03,08,23,20,23
07d17h42m-07d19h22m:17,15,25,15
07d17h58m-07d19h37m:42,08,42,15,47,15,47,27,55,27
07d18h23m-07d20h27m:50,10,55,10,55,25
07d20h12m-07d21h46m:15,10,30,10,30,18
07d20h24m-07d23h57m:57,30,57,45
07d22h06m-08d01h49m:15,10,30,10,30,18
07d22h07m-07d22h56m:25,45,45,45,45,40
07d23h20m-08d00h50m:67,37,67,22
08d01h57m-08d02h34m:25,45,45,45,45,40
08d02h05m-08d04h21m:10,20,40,20,40,35
08d02h47m-08d03h03m:57,30,57,45
08d03h10m-08d03h40m:67,37,67,22
08d04h22m-08d06h41m:25,25,30,25,30,30,35,30
08d04h48m-08d06h05m:60,10,60,25
08d05h36m-08d06h04m:17,15,25,15
08d05h53m-08d07h51m:57,30,57,45
08d08h37m-08d10h44m:57,30,57,45
08d09h00m-08d10h23m:60,10,60,25
08d10h29m-08d11h42m:10,20,40,20,40,35
08d12h08m-08d14h44m:15,10,30,10,30,18
08d12h31m-08d16h08m:15,10,30,10,30,18
08d13h34m-08d16h55m:25,45,45,45,45,40
08d15h29m-08d16h11m:50,10,55,10,55,25
08d15h31m-08d17h31m:08,03,08,23,20,23
08d17h24m-08d18h49m:05,20,05,35
08d17h37m-08d21h25m:15,10,30,10,30,18
08d18h54m-08d22h19m:25,45,45,45,45,40
08d20h47m-08d21h16m:50,10,55,10,55,25
08d21h23m-08d21h47m:15,10,30,10,30,18
08d21h52m-08d23h30m:25,25,30,25,30,30,35,30
08d22h07m-08d23h07m:15,25,15,30,20,30,20,35,30,35,30,40
08d22h21m-08d23h37m:15,10,30,10,30,18
08d22h41m-09d00h38m:50,10,55,10,55,25
08d23h07m-09d01h58m:57,30,57,45
08d23h29m-09d00h20m:67,37,67,22
09d05h20m-09d09h00m:42,08,42,15,47,15,47,27,55,27
09d05h38m-09d07h14m:57,30,57,45
09d05h40m-09d08h55m:50,10,55,10,55,25
09d06h14m-09d06h32m:67,37,67,22
09d07h04m-09d07h41m:15,40,27,40
09d08h54m-09d11h24m:10,20,40,20,40,35
09d09h53m-09d10h14m:50,10,55,10,55,25
09d10h11m-09d10h26m:50,10,55,10,55,25
09d11h28m-09d12h18m:15,10,30,10,30,18
09d11h29m-09d13h28m:15,40,27,40
09d11h59m-09d12h44m:25,25,30,25,30,30,35,30
09d15h18m-09d16h40m:05,20,05,35
09d15h52m-09d18h08m:10,20,40,20,40,35
09d16h45m-09d19h17m:25,45,45,45,45,40
09d16h55m-09d18h32m:15,03,22,03,22,08,37,08,37,12
09d18h52m-09d20h39m:08,03,08,23,20,23
09d20h18m-09d21h57m:60,10,60,25
09d21h41m-10d01h15m:15,25,15,30,20,30,20,35,30,35,30,40
09d23h12m-10d01h11m:15,40,27,40
10d05h28m-10d07h26m:15,40,27,40
10d06h47m-10d10h10m:50,10,55,10,55,25
10d07h08m-10d07h40m:67,37,67,22
10d10h15m-10d12h40m:15,25,15,30,20,30,20,35,30,35,30,40
10d12h10m-10d15h14m:15,10,30,10,30,18
10d12h57m-10d14h25m:67,37,67,22
10d13h31m-10d15h33m:05,20,05,35
10d14h11m-10d15h07m:42,08,42,15,47,15,47,27,55,27
10d16h48m-10d20h48m:15,03,22,03,22,08,37,08,37,12
10d16h49m-10d18h39m:17,15,25,15
10d16h59m-10d20h39m:15,03,22,03,22,08,37,08,37,12
10d17h16m-10d19h12m:67,37,67,22
10d17h31m-10d19h21m:10,20,40,20,40,35
10d18h26m-10d18h53m:15,03,22,03,22,08,37,08,37,12
10d18h39m-10d19h14m:10,20,40,20,40,35
10d18h42m-10d21h56m:15,10,30,10,30,18
10d19h03m-10d22h27m:67,37,67,22
10d19h07m-10d21h46m:60,10,60,25
10d19h15m-10d22h14m:17,15,25,15
10d19h28m-10d20h42m:25,45,45,45,45,40
10d20h18m-10d22h23m:17,15,25,15
10d20h50m-10d23h32m:57,30,57,45
10d21h36m-11d00h33m:25,45,45,45,45,40
10d21h47m-11d00h49m:17,15,25,15
11d01h55m-11d02h20m:15,25,15,30,20,30,20,35,30,35,30,40
11d03h25m-11d06h54m:05,20,05,35
11d04h11m-11d07h34m:25,25,30,25,30,30,35,30
11d04h45m-11d05h54m:15,03,22,03,22,08,37,08,37,12
11d05h28m-11d06h26m:15,25,15,30,20,30,20,35,30,35,30,40
11d05h47m-11d09h42m:17,15,25,15
11d06h19m-11d09h00m:17,15,25,15
11d09h12m-11d12h41m:15,03,22,03,22,08,37,08,37,12
11d10h33m-11d11h06m:15,10,30,10,30,18
11d10h48m-11d13h43m:15,10,30,10,30,18
11d11h55m-11d14h52m:67,37,67,22
11d14h46m-11d17h23m:15,25,15,30,20,30,20,35,30,35,30,40
11d16h06m-11d19h32m:67,37,67,22
11d18h45m-11d19h05m:50,10,55,10,55,25
11d21h34m-11d23h42m:15,10,30,10,30,18
11d22h14m-12d00h48m:42,08,42,15,47,15,47,27,55,27
11d23h23m-12d02h01m:08,03,08,23,20,23
11d23h58m-12d01h14m:25,45,45,45,45,40
12d02h05m-12d02h23m:10,20,40,20,40,35
12d02h08m-12d03h21m:67,37,67,22
12d02h33m-12d04h19m:25,25,30,25,30,30,35,30
12d02h38m-12d05h56m:17,15,25,15
12d03h40m-12d06h59m:15,10,30,10,30,18
12d06h14m-12d07h32m:42,08,42,15,47,15,47,27,55,27
12d07h15m-12d08h09m:60,10,60,25
12d07h28m-12d11h24m:05,20,05,35
12d07h31m-12d08h42m:08,03,08,23,20,23
12d08h29m-12d09h01m:17,15,25,15
12d10h45m-12d12h25m:15,03,22,03,22,08,37,08,37,12
12d11h33m-12d14h12m:08,03,08,23,20,23
12d12h17m-12d14h45m:25,45,45,45,45,40
12d13h00m-12d13h15m:08,03,08,23,20,23
12d13h02m-12d14h08m:42,08,42,15,47,15,47,27,55,27
12d14h03m-12d15h10m:25,25,30,25,30,30,35,30
12d14h07m-12d15h50m:42,08,42,15,47,15,47,27,55,27
12d15h26m-12d16h24m:67,37,67,22
12d15h29m-12d17h15m:15,03,22,03,22,08,37,08,37,12
12d16h13m-12d19h39m:67,37,67,22
12d17h22m-12d20h30m:15,03,22,03,22,08,37,08,37,12
12d18h42m-12d22h16m:15,40,27,40
12d19h15m-12d22h41m:57,30,57,45
12d20h26m-12d21h31m:42,08,42,15,47,15,47,27,55,27
12d22h21m-13d02h16m:25,25,30,25,30,30,35,30
12d22h58m-13d01h58m:67,37,67,22
13d02h45m-13d04h11m:42,08,42,15,47,15,47,27,55,27
13d04h25m-13d07h48m:42,08,42,15,47,15,47,27,55,27
13d04h46m-13d05h38m:05,20,05,35
13d05h51m-13d08h48m:57,30,57,45
13d06h19m-13d10h03m:15,25,15,30,20,30,20,35,30,35,30,40
13d06h42m-13d10h28m:15,03,22,03,22,08,37,08,37,12
13d08h27m-13d11h17m:17,15,25,15
13d10h40m-13d12h49m:25,45,45,45,45,40
13d11h02m-13d13h57m:17,15,25,15
13d11h42m-13d13h49m:67,37,67,22
13d12h50m-13d15h57m:17,15,25,15
13d13h15m-13d15h45m:25,25,30,25,30,30,35,30
13d13h46m-13d15h09m:05,20,05,35
13d16h51m-13d17h54m:05,20,05,35
13d19h59m-13d22h55m:15,25,15,30,20,30,20,35,30,35,30,40
13d22h05m-13d23h35m:05,20,05,35
13d22h15m-14d00h06m:05,20,05,35
13d23h08m-14d00h54m:17,15,25,15
13d23h23m-14d00h06m:50,10,55,10,55,25
13d23h31m-14d01h40m:05,20,05,35
14d01h13m-14d03h11m:50,10,55,10,55,25
14d03h05m-14d06h25m:15,10,30,10,30,18
14d05h49m-14d08h31m:10,20,40,20,40,35
14d06h08m-14d07h18m:10,20,40,20,40,35
14d09h05m-14d12h48m:15,10,30,10,30,18
14d09h10m-14d12h09m:60,10,60,25
14d09h36m-14d11h30m:50,10,55,10,55,25
14d13h57m-14d15h56m:08,03,08,23,20,23
14d14h21m-14d16h55m:15,40,27,40
14d14h52m-14d16h27m:25,45,45,45,45,40
15d00h05m-15d00h50m:15,10,30,10,30,18
15d01h24m-15d04h42m:15,25,15,30,20,30,20,35,30,35,30,40
15d01h35m-15d04h21m:42,08,42,15,47,15,47,27,55,27
15d02h08m-15d02h48m:25,25,30,25,30,30,35,30
15d02h36m-15d02h54m:08,03,08,23,20,23
15d05h01m-15d05h43m:15,25,15,30,20,30,20,35,30,35,30,40
15d05h14m-15d05h42m:10,20,40,20,40,35
15d06h12m-15d08h44m:25,45,45,45,45,40
15d07h00m-15d08h11m:67,37,67,22
15d08h12m-15d11h38m:57,30,57,45
15d08h14m-15d08h59m:25,45,45,45,45,40
15d12h48m-15d14h28m:15,10,30,10,30,18
15d14h12m-15d15h56m:50,10,55,10,55,25
15d14h53m-15d16h33m:57,30,57,45
15d15h11m-15d16h31m:15,03,22,03,22,08,37,08,37,12
15d16h07m-15d19h38m:15,25,15,30,20,30,20,35,30,35,30,40
15d16h28m-15d19h19m:05,20,05,35
15d17h24m-15d18h06m:17,15,25,15
15d17h42m-15d19h05m:60,10,60,25
15d18h21m-15d20h40m:05,20,05,35
15d19h37m-15d23h36m:57,30,57,45
15d20h37m-15d21h22m:60,10,60,25
15d22h51m-16d01h11m:17,15,25,15
15d23h07m-16d00h38m:15,10,30,10,30,18
16d00h55m-16d04h06m:60,10,60,25
16d01h11m-16d01h58m:50,10,55,10,55,25
16d01h37m-16d04h07m:57,30,57,45
16d02h51m-16d03h57m:15,03,22,03,22,08,37,08,37,12
16d03h02m-16d06h41m:15,03,22,03,22,08,37,08,37,12
16d03h08m-16d05h22m:25,25,30,25,30,30,35,30
16d04h19m-16d06h13m:25,25,30,25,30,30,35,30
16d05h14m-16d05h46m:15,03,22,03,22,08,37,08,37,12
16d07h53m-16d10h21m:67,37,67,22
16d08h13m-16d11h43m:08,03,08,23,20,23
16d08h17m-16d09h59m:67,37,67,22
16d08h57m-16d09h29m:67,37,67,22
16d09h48m-16d10h06m:57,30,57,45
16d09h57m-16d13h32m:25,25,30,25,30,30,35,30
16d10h37m-16d14h37m:25,45,45,45,45,40
16d12h25m-16d15h51m:57,30,57,45
16d13h48m-16d14h03m:25,25,30,25,30,30,35,30
16d15h51m-16d16h26m:50,10,55,10,55,25
16d18h09m-16d18h39m:15,40,27,40
16d19h41m-16d21h57m:10,20,40,20,40,35
16d20h56m-16d23h07m:17,15,25,15
16d21h59m-17d01h53m:60,10,60,25
16d22h29m-17d01h54m:17,15,25,15
16d23h40m-17d00h16m:67,37,67,22
17d01h07m-17d02h36m:42,08,42,15,47,15,47,27,55,27
17d02h12m-17d04h28m:15,40,27,40
17d03h42m-17d07h20m:15,25,15,30,20,30,20,35,30,35,30,40
17d04h38m-17d06h43m:50,10,55,10,55,25
17d05h18m-17d06h11m:42,08,42,15,47,15,47,27,55,27
17d06h52m-17d09h54m:15,03,22,03,22,08,37,08,37,12
17d07h53m-17d10h11m:57,30,57,45
17d09h22m-17d13h04m:60,10,60,25
17d10h09m-17d11h12m:15,40,27,40
17d10h29m-17d11h36m:15,40,27,40
17d13h53m-17d16h38m:15,25,15,30,20,30,20,35,30,35,30,40
17d18h37m-17d19h33m:05,20,05,35
17d19h52m-17d22h55m:25,45,45,45,45,40
17d20h43m-17d23h58m:15,03,22,03,22,08,37,08,37,12
17d22h58m-18d00h47m:25,25,30,25,30,30,35,30
18d02h12m-18d03h49m:15,03,22,03,22,08,37,08,37,12
18d04h45m-18d07h38m:05,20,05,35
18d05h08m-18d09h00m:67,37,67,22
18d05h36m-18d07h28m:05,20,05,35
18d06h20m-18d09h45m:15,03,22,03,22,08,37,08,37,12
18d07h08m-18d09h14m:15,40,27,40
18d10h04m-18d13h55m:08,03,08,23,20,23
18d10h09m-18d14h04m:15,25,15,30,20,30,20,35,30,35,30,40
18d11h19m-18d11h40m:08,03,08,23,20,23
18d11h21m-18d13h18m:15,10,30,10,30,18
18d12h39m-18d15h05m:15,25,15,30,20,30,20,35,30,35,30,40
18d12h44m-18d13h41m:05,20,05,35
18d12h50m-18d16h21m:15,03,22,03,22,08,37,08,37,12
18d15h31m-18d17h55m:42,08,42,15,47,15,47,27,55,27
18d16h02m-18d17h44m:25,45,45,45,45,40
18d17h38m-18d19h17m:17,15,25,15
18d17h50m-18d20h21m:15,03,22,03,22,08,37,08,37,12
18d19h10m-18d22h11m:15,10,30,10,30,18
18d19h28m-18d23h25m:25,45,45,45,45,40
18d20h25m-18d23h28m:17,15,25,15
18d20h41m-19d00h16m:15,25,15,30,20,30,20,35,30,35,30,40
18d21h13m-18d23h50m:57,30,57,45
18d21h54m-18d23h16m:25,45,45,45,45,40
18d22h33m-19d02h01m:05,20,05,35
18d23h31m-19d01h31m:15,10,30,10,30,18
18d23h41m-19d00h40m:15,25,15,30,20,30,20,35,30,35,30,40
19d01h34m-19d03h54m:10,20,40,20,40,35
19d02h19m-19d04h48m:67,37,67,22
19d06h51m-19d09h27m:60,10,60,25
19d09h24m-19d13h14m:67,37,67,22
19d09h37m-19d13h36m:15,03,22,03,22,08,37,08,37,12
19d11h05m-19d14h36m:67,37,67,22
19d14h21m-19d15h33m:25,45,45,45,45,40
19d14h24m-19d17h30m:10,20,40,20,40,35
19d14h30m-19d15h39m:67,37,67,22
19d14h43m-19d17h49m:25,25,30,25,30,30,35,30
19d16h37m-19d17h11m:15,25,15,30,20,30,20,35,30,35,30,40
19d16h54m-19d19h34m:08,03,08,23,20,23
19d23h48m-20d03h08m:17,15,25,15
19d23h49m-20d02h24m:50,10,55,10,55,25
20d02h54m-20d04h54m:10,20,40,20,40,35
20d05h28m-20d05h49m:60,10,60,25
20d05h56m-20d09h05m:08,03,08,23,20,23
20d06h41m-20d09h08m:15,03,22,03,22,08,37,08,37,12
20d07h43m-20d08h07m:15,03,22,03,22,08,37,08,37,12
20d09h47m-20d12h59m:50,10,55,10,55,25
20d10h29m-20d13h38m:15,03,22,03,22,08,37,08,37,12
20d10h38m-20d13h04m:08,03,08,23,20,23
20d12h09m-20d13h28m:67,37,67,22
20d13h19m-20d16h56m:15,25,15,30,20,30,20,35,30,35,30,40
20d13h33m-20d15h14m:17,15,25,15
20d13h44m-20d17h03m:60,10,60,25
20d16h00m-20d17h07m:25,45,45,45,45,40
20d17h07m-20d17h49m:25,45,45,45,45,40
20d18h06m-20d20h23m:42,08,42,15,47,15,47,27,55,27
20d18h36m-20d21h49m:15,40,27,40
20d18h52m-20d22h51m:50,10,55,10,55,25
20d21h16m-21d00h40m:10,20,40,20,40,35
20d21h59m-20d23h08m:25,45,45,45,45,40
20d22h40m-21d00h38m:25,45,45,45,45,40
20d22h56m-21d00h13m:25,45,45,45,45,40
21d00h26m-21d03h42m:60,10,60,25
21d01h28m-21d05h14m:15,25,15,30,20,30,20,35,30,35,30,40
21d02h30m-21d03h53m:67,37,67,22
21d03h44m-21d05h18m:60,10,60,25
21d04h20m-21d05h36m:15,03,22,03,22,08,37,08,37,12
21d04h38m-21d05h46m:42,08,42,15,47,15,47,27,55,27
21d06h05m-21d06h45m:10,20,40,20,40,35
21d07h04m-21d09h30m:57,30,57,45
21d08h12m-21d11h46m:15,03,22,03,22,08,37,08,37,12
21d11h40m-21d13h08m:15,03,22,03,22,08,37,08,37,12
21d21h17m-22d00h22m:50,10,55,10,55,25
22d01h34m-22d03h07m:15,25,15,30,20,30,20,35,30,35,30,40
22d05h26m-22d08h11m:10,20,40,20,40,35
22d07h14m-22d08h57m:50,10,55,10,55,25
22d07h36m-22d09h18m:42,08,42,15,47,15,47,27,55,27
22d07h51m-22d09h25m:17,15,25,15
22d09h48m-22d10h35m:25,25,30,25,30,30,35,30
22d10h01m-22d10h46m:15,03,22,03,22,08,37,08,37,12
22d10h05m-22d12h10m:67,37,67,22
22d14h58m-22d17h13m:15,03,22,03,22,08,37,08,37,12
22d15h40m-22d18h20m:60,10,60,25
22d18h16m-22d18h55m:25,45,45,45,45,40
22d20h57m-22d22h11m:15,03,22,03,22,08,37,08,37,12
22d22h49m-23d00h31m:05,20,05,35
23d00h37m-23d02h31m:50,10,55,10,55,25
23d01h20m-23d02h44m:60,10,60,25
23d06h10m-23d09h21m:42,08,42,15,47,15,47,27,55,27
23d06h45m-23d08h38m:05,20,05,35
23d09h11m-23d12h16m:25,45,45,45,45,40
23d09h48m-23d11h43m:17,15,25,15
23d14h54m-23d17h11m:57,30,57,45
23d16h27m-23d19h26m:67,37,67,22
23d16h43m-23d19h16m:15,40,27,40
23d17h06m-23d18h33m:15,40,27,40
23d23h31m-24d01h41m:60,10,60,25
24d02h09m-24d03h25m:08,03,08,23,20,23
24d04h09m-24d04h24m:17,15,25,15
24d05h40m-24d06h48m:42,08,42,15,47,15,47,27,55,27
24d06h26m-24d07h27m:57,30,57,45
24d07h30m-24d08h50m:42,08,42,15,47,15,47,27,55,27
24d08h30m-24d11h30m:17,15,25,15
24d08h49m-24d09h10m:25,25,30,25,30,30,35,30
24d13h23m-24d16h24m:15,40,27,40
24d16h41m-24d18h43m:15,40,27,40
24d18h09m-24d20h46m:67,37,67,22
24d20h47m-24d23h06m:17,15,25,15
24d21h24m-24d23h09m:05,20,05,35
24d22h53m-24d23h51m:42,08,42,15,47,15,47,27,55,27
25d00h29m-25d01h00m:42,08,42,15,47,15,47,27,55,27
25d00h43m-25d01h32m:05,20,05,35
25d01h17m-25d04h26m:15,03,22,03,22,08,37,08,37,12
25d02h34m-25d04h07m:50,10,55,10,55,25
25d02h43m-25d04h49m:42,08,42,15,47,15,47,27,55,27
25d02h47m-25d04h49m:15,03,22,03,22,08,37,08,37,12
25d03h30m-25d04h42m:17,15,25,15
25d03h36m-25d04h08m:08,03,08,23,20,23
25d03h59m-25d04h14m:25,45,45,45,45,40
25d04h16m-25d04h36m:15,03,22,03,22,08,37,08,37,12
25d04h45m-25d05h25m:17,15,25,15
25d05h17m-25d07h46m:57,30,57,45
25d07h23m-25d08h28m:15,10,30,10,30,18
25d07h29m-25d10h22m:25,25,30,25,30,30,35,30
25d08h51m-25d12h46m:60,10,60,25
25d10h18m-25d13h31m:25,45,45,45,45,40
25d11h05m-25d14h49m:05,20,05,35
25d13h00m-25d14h07m:08,03,08,23,20,23
25d14h39m-25d18h39m:25,25,30,25,30,30,35,30
25d14h59m-25d15h25m:60,10,60,25
25d15h12m-25d15h50m:17,15,25,15
25d17h32m-25d19h21m:08,03,08,23,20,23
25d17h46m-25d20h39m:10,20,40,20,40,35
25d22h22m-26d02h21m:05,20,05,35
25d23h02m-26d00h27m:08,03,08,23,20,23
25d23h40m-26d01h22m:05,20,05,35
26d01h10m-26d02h39m:42,08,42,15,47,15,47,27,55,27
26d01h48m-26d02h12m:42,08,42,15,47,15,47,27,55,27
26d02h28m-26d03h33m:15,40,27,40
26d03h09m-26d06h50m:15,40,27,40
26d06h04m-26d07h09m:25,25,30,25,30,30,35,30
26d13h08m-26d15h05m:57,30,57,45
26d13h27m-26d17h25m:17,15,25,15
26d14h27m-26d15h16m:57,30,57,45
26d14h33m-26d18h03m:57,30,57,45
26d19h30m-26d21h23m:57,30,57,45
26d19h34m-26d21h41m:17,15,25,15
26d20h06m-26d21h07m:08,03,08,23,20,23
26d20h44m-26d21h44m:42,08,42,15,47,15,47,27,55,27
26d21h35m-27d00h36m:17,15,25,15
26d23h28m-27d02h18m:15,10,30,10,30,18
27d00h10m-27d02h46m:10,20,40,20,40,35
27d01h30m-27d03h03m:15,25,15,30,20,30,20,35,30,35,30,40
27d02h00m-27d02h42m:57,30,57,45
27d07h52m-27d09h32m:42,08,42,15,47,15,47,27,55,27
27d08h07m-27d11h26m:15,25,15,30,20,30,20,35,30,35,30,40
27d08h35m-27d10h59m:42,08,42,15,47,15,47,27,55,27
27d09h17m-27d10h23m:57,30,57,45
27d09h58m-27d11h56m:15,03,22,03,22,08,37,08,37,12
27d10h01m-27d12h08m:10,20,40,20,40,35
27d12h41m-27d14h00m:17,15,25,15
27d14h22m-27d15h49m:50,10,55,10,55,25
27d16h37m-27d20h21m:67,37,67,22
27d19h39m-27d21h46m:15,40,27,40
27d20h04m-27d20h48m:05,20,05,35
27d20h17m-27d20h50m:15,10,30,10,30,18
27d22h40m-27d23h52m:15,25,15,30,20,30,20,35,30,35,30,40
27d22h56m-27d23h38m:42,08,42,15,47,15,47,27,55,27
27d23h15m-27d23h31m:42,08,42,15,47,15,47,27,55,27
27d23h27m-27d23h44m:05,20,05,35
27d23h58m-28d01h31m:17,15,25,15
28d00h25m-28d03h00m:15,25,15,30,20,30,20,35,30,35,30,40
28d02h45m-28d06h22m:50,10,55,10,55,25
28d04h12m-28d06h42m:57,30,57,45
28d05h01m-28d08h54m:42,08,42,15,47,15,47,27,55,27
28d05h19m-28d07h02m:57,30,57,45
28d06h01m-28d08h38m:25,25,30,25,30,30,35,30
28d06h30m-28d10h23m:17,15,25,15
28d07h25m-28d09h06m:15,10,30,10,30,18
28d07h36m-28d08h55m:50,10,55,10,55,25
28d08h30m-28d11h41m:15,10,30,10,30,18
28d09h05m-28d11h27m:17,15,25,15
28d10h25m-28d12h11m:25,45,45,45,45,40
28d10h49m-28d14h29m:15,10,30,10,30,18
28d11h49m-28d12h53m:05,20,05,35
28d14h23m-28d15h01m:15,10,30,10,30,18
28d14h51m-28d17h56m:50,10,55,10,55,25
28d16h33m-28d19h10m:60,10,60,25
28d16h43m-28d17h53m:15,03,22,03,22,08,37,08,37,12
28d17h24m-28d18h02m:15,03,22,03,22,08,37,08,37,12
28d18h54m-28d21h20m:15,03,22,03,22,08,37,08,37,12
28d20h27m-28d23h43m:67,37,67,22
28d21h23m-28d21h58m:57,30,57,45
28d21h40m-28d22h48m:25,25,30,25,30,30,35,30
28d23h58m-29d01h08m:08,03,08,23,20,23
29d00h19m-29d02h14m:42,08,42,15,47,15,47,27,55,27
29d00h26m-29d03h27m:67,37,67,22
29d01h15m-29d02h03m:15,10,30,10,30,18
29d01h38m-29d04h33m:25,45,45,45,45,40
29d03h57m-29d05h50m:15,25,15,30,20,30,20,35,30,35,30,40
29d04h39m-29d05h31m:08,03,08,23,20,23
29d06h56m-29d09h28m:15,25,15,30,20,30,20,35,30,35,30,40
29d07h28m-29d08h05m:42,08,42,15,47,15,47,27,55,27
29d10h24m-29d12h26m:15,40,27,40
29d11h29m-29d12h33m:15,25,15,30,20,30,20,35,30,35,30,40
29d11h30m-29d12h26m:25,25,30,25,30,30,35,30
29d11h51m-29d15h35m:08,03,08,23,20,23
29d12h46m-29d14h25m:10,20,40,20,40,35
29d13h10m-29d15h07m:05,20,05,35
29d13h21m-29d14h16m:15,25,15,30,20,30,20,35,30,35,30,40
29d13h29m-29d14h47m:42,08,42,15,47,15,47,27,55,27
29d14h16m-29d16h49m:25,25,30,25,30,30,35,30
29d14h32m-29d15h59m:67,37,67,22
29d14h38m-29d15h21m:25,45,45,45,45,40
29d15h48m-29d17h35m:10,20,40,20,40,35
29d16h22m-29d18h16m:25,25,30,25,30,30,35,30
29d18h34m-29d21h30m:25,25,30,25,30,30,35,30
29d19h15m-29d23h04m:60,10,60,25
29d20h52m-29d22h35m:15,25,15,30,20,30,20,35,30,35,30,40
29d23h39m-30d01h46m:10,20,40,20,40,35
30d02h10m-30d05h30m:05,20,05,35
30d02h13m-30d02h36m:15,40,27,40
30d03h21m-30d05h11m:15,03,22,03,22,08,37,08,37,12
30d03h39m-30d05h11m:10,20,40,20,40,35
30d04h15m-30d04h51m:42,08,42,15,47,15,47,27,55,27
30d04h28m-30d05h05m:57,30,57,45
30d05h16m-30d07h36m:57,30,57,45
30d06h43m-30d07h27m:50,10,55,10,55,25
30d09h59m-30d10h50m:15,40,27,40
30d12h10m-30d15h25m:05,20,05,35
30d12h32m-30d13h55m:57,30,57,45
30d13h29m-30d14h43m:25,25,30,25,30,30,35,30
30d13h29m-30d15h55m:05,20,05,35
30d16h07m-30d18h22m:10,20,40,20,40,35
30d16h15m-30d17h55m:15,40,27,40
30d16h42m-30d17h51m:15,40,27,40
30d17h01m-30d19h48m:15,25,15,30,20,30,20,35,30,35,30,40
30d18h30m-30d20h18m:08,03,08,23,20,23
30d20h34m-30d22h53m:08,03,08,23,20,23
30d20h36m-30d23h06m:67,37,67,22
30d20h40m-30d21h12m:15,10,30,10,30,18
30d21h03m-31d00h19m:10,20,40,20,40,35
31d00h08m-31d02h35m:10,20,40,20,40,35
31d00h57m-31d02h28m:42,08,42,15,47,15,47,27,55,27
31d02h37m-31d05h43m:60,10,60,25
31d05h23m-31d09h02m:15,40,27,40
31d05h42m-31d08h34m:15,03,22,03,22,08,37,08,37,12
31d07h39m-31d11h25m:25,25,30,25,30,30,35,30
31d08h33m-31d09h38m:57,30,57,45
31d10h02m-31d11h38m:05,20,05,35
31d10h34m-31d12h31m:15,40,27,40
31d10h52m-31d11h21m:10,20,40,20,40,35
31d10h56m-31d12h18m:10,20,40,20,40,35
31d12h32m-31d13h29m:60,10,60,25
31d18h04m-31d18h23m:50,10,55,10,55,25
31d18h14m-31d18h41m:17,15,25,15
31d19h50m-31d23h08m:15,10,30,10,30,18
31d23h21m-31d23h59m:15,25,15,30,20,30,20,35,30,35,30,40
