01d00h04m-01d03h24m:67,37,67,22
01d00h43m-01d02h07m:15,10,30,10,30,18
01d00h52m-01d01h54m:05,20,05,35
01d02h53m-01d06h34m:25,25,30,25,30,30,35,30
01d03h15m-01d03h33m:15,40,27,40
01d05h49m-01d09h33m:60,10,60,25
01d08h35m-01d11h52m:15,40,27,40
01d09h01m-01d11h34m:60,10,60,25
01d09h53m-01d12h04m:10,20,40,20,40,35
01d11h07m-01d12h23m:17,15,25,15
01d13h26m-01d14h22m:15,25,15,30,20,30,20,35,30,35,30,40
01d18h26m-01d20h45m:15,10,30,10,30,18
01d20h00m-01d22h07m:50,10,55,10,55,25
01d21h15m-01d23h06m:17,15,25,15
01d21h31m-01d23h55m:25,45,45,45,45,40
01d21h35m-01d22h21m:15,40,27,40
01d22h11m-01d23h38m:08,03,08,23,20,23
02d00h51m-02d01h37m:25,25,30,25,30,30,35,30
02d01h49m-02d05h41m:15,10,30,10,30,18
02d03h04m-02d04h36m:17,15,25,15
02d03h06m-02d06h15m:42,08,42,15,47,15,47,27,55,27
02d03h38m-02d04h39m:15,03,22,03,22,08,37,08,37,12
02d06h42m-02d09h43m:60,10,60,25
02d09h12m-02d13h11m:57,30,57,45
02d13h13m-02d13h54m:15,40,27,40
02d14h07m-02d14h52m:15,10,30,10,30,18
02d16h40m-02d20h16m:42,08,42,15,47,15,47,27,55,27
02d16h41m-02d19h37m:25,45,45,45,45,40
02d17h12m-02d18h32m:57,30,57,45
02d17h31m-02d18h41m:25,45,45,45,45,40
02d17h33m-02d18h10m:42,08,42,15,47,15,47,27,55,27
02d18h16m-02d22h11m:17,15,25,15
02d18h23m-02d21h03m:15,40,27,40
02d20h48m-02d23h35m:50,10,55,10,55,25
02d23h37m-03d01h25m:25,25,30,25,30,30,35,30
02d23h51m-03d02h10m:05,20,05,35
03d02h25m-03d03h23m:60,10,60,25
03d05h58m-03d09h16m:57,30,57,45
03d06h04m-03d06h52m:42,08,42,15,47,15,47,27,55,27
03d06h23m-03d09h32m:15,40,27,40
03d06h40m-03d07h31m:67,37,67,22
03d07h40m-03d09h14m:42,08,42,15,47,15,47,27,55,27
03d07h50m-03d08h58m:05,20,05,35
03d09h34m-03d12h44m:57,30,57,45
03d10h28m-03d11h12m:10,20,40,20,40,35
03d12h00m-03d12h27m:10,20,40,20,40,35
03d13h09m-03d15h09m:15,03,22,03,22,08,37,08,37,12
03d13h49m-03d14h32m:67,37,67,22
03d14h54m-03d17h04m:15,10,30,10,30,18
03d14h59m-03d18h53m:67,37,67,22
03d17h09m-03d20h17m:42,08,42,15,47,15,47,27,55,27
03d17h42m-03d21h29m:42,08,42,15,47,15,47,27,55,27
03d18h52m-03d20h51m:67,37,67,22
03d18h55m-03d22h26m:05,20,05,35
03d20h22m-03d22h07m:25,45,45,45,45,40
03d22h42m-04d02h34m:15,40,27,40
03d22h44m-04d00h41m:17,15,25,15
03d22h51m-03d23h39m:08,03,08,23,20,23
03d22h53m-04d00h15m:25,45,45,45,45,40
03d23h31m-04d02h54m:25,25,30,25,30,30,35,30
04d00h55m-04d01h10m:17,15,25,15
04d01h58m-04d05h22m:25,25,30,25,30,30,35,30
04d10h41m-04d10h58m:25,45,45,45,45,40
04d13h33m-04d16h34m:08,03,08,23,20,23
04d15h33m-04d19h06m:15,25,15,30,20,30,20,35,30,35,30,40
04d17h20m-04d19h19m:25,25,30,25,30,30,35,30
04d19h07m-04d20h32m:08,03,08,23,20,23
04d19h31m-04d22h06m:15,40,27,40
04d20h02m-04d22h17m:67,37,67,22
04d22h00m-04d23h28m:25,45,45,45,45,40
05d00h23m-05d01h14m:67,37,67,22
05d00h27m-05d02h53m:15,03,22,03,22,08,37,08,37,12
05d01h32m-05d05h27m:25,25,30,25,30,30,35,30
05d03h27m-05d04h36m:10,20,40,20,40,35
05d03h31m-05d06h59m:15,10,30,10,30,18
05d04h13m-05d06h22m:10,20,40,20,40,35
05d06h37m-05d08h53m:25,25,30,25,30,30,35,30
05d08h05m-05d08h29m:08,03,08,23,20,23
05d08h42m-05d10h46m:15,10,30,10,30,18
05d09h18m-05d12h14m:60,10,60,25
05d09h33m-05d12h52m:08,03,08,23,20,23
05d10h13m-05d11h19m:10,20,40,20,40,35
05d10h16m-05d12h39m:15,03,22,03,22,08,37,08,37,12
05d11h40m-05d14h31m:15,10,30,10,30,18
05d14h56m-05d18h44m:57,30,57,45
05d15h25m-05d17h56m:15,03,22,03,22,08,37,08,37,12
05d15h39m-05d19h26m:60,10,60,25
05d15h56m-05d17h36m:17,15,25,15
05d17h17m-05d17h53m:42,08,42,15,47,15,47,27,55,27
05d19h45m-05d23h31m:15,10,30,10,30,18
05d21h22m-05d21h49m:15,03,22,03,22,08,37,08,37,12
06d00h10m-06d03h55m:67,37,67,22
06d00h30m-06d02h25m:05,20,05,35
06d00h54m-06d03h01m:15,10,30,10,30,18
06d01h03m-06d04h39m:42,08,42,15,47,15,47,27,55,27
06d01h46m-06d04h16m:42,08,42,15,47,15,47,27,55,27
06d02h10m-06d04h07m:10,20,40,20,40,35
06d02h16m-06d05h10m:25,45,45,45,45,40
06d03h21m-06d06h56m:50,10,55,10,55,25
06d03h47m-06d04h27m:15,25,15,30,20,30,20,35,30,35,30,40
06d04h31m-06d08h28m:05,20,05,35
06d05h30m-06d09h05m:67,37,67,22
06d08h20m-06d11h04m:15,25,15,30,20,30,20,35,30,35,30,40
06d10h01m-06d12h09m:08,03,08,23,20,23
06d10h44m-06d14h27m:42,08,42,15,47,15,47,27,55,27
06d11h36m-06d14h57m:05,20,05,35
06d12h34m-06d14h39m:57,30,57,45
06d12h42m-06d16h34m:15,40,27,40
06d13h29m-06d14h55m:25,25,30,25,30,30,35,30
06d13h53m-06d15h26m:15,25,15,30,20,30,20,35,30,35,30,40
06d15h13m-06d18h05m:08,03,08,23,20,23
06d19h12m-06d21h55m:42,08,42,15,47,15,47,27,55,27
06d21h41m-06d22h13m:57,30,57,45
06d23h08m-07d00h23m:50,10,55,10,55,25
06d23h52m-07d02h03m:15,10,30,10,30,18
07d01h12m-07d03h34m:15,25,15,30,20,30,20,35,30,35,30,40
07d02h02m-07d03h55m:08,03,08,23,20,23
07d04h00m-07d06h47m:15,25,15,30,20,30,20,35,30,35,30,40
07d07h50m-07d11h21m:08,03,08,23,20,23
07d08h34m-07d12h03m:42,08,42,15,47,15,47,27,55,27
07d09h15m-07d12h33m:08,03,08,23,20,23
07d09h47m-07d13h33m:57,30,57,45
07d11h16m-07d14h40m:15,10,30,10,30,18
07d11h32m-07d14h32m:60,10,60,25
07d18h27m-07d20h45m:50,10,55,10,55,25
07d19h09m-07d22h02m:25,45,45,45,45,40
07d22h30m-08d01h08m:15,03,22,03,22,08,37,08,37,12
07d22h31m-08d01h57m:50,10,55,10,55,25
07d23h16m-08d01h16m:08,03,08,23,20,23
08d02h00m-08d04h41m:25,45,45,45,45,40
08d02h55m-08d05h20m:15,03,22,03,22,08,37,08,37,12
08d08h10m-08d09h12m:17,15,25,15
08d08h29m-08d09h50m:08,03,08,23,20,23
08d08h58m-08d12h38m:25,25,30,25,30,30,35,30
08d14h35m-08d16h52m:60,10,60,25
08d14h42m-08d15h04m:67,37,67,22
08d16h32m-08d19h52m:15,25,15,30,20,30,20,35,30,35,30,40
08d20h01m-08d20h50m:50,10,55,10,55,25
08d22h41m-09d01h27m:05,20,05,35
08d23h33m-09d02h32m:57,30,57,45
09d00h28m-09d02h18m:50,10,55,10,55,25
09d05h17m-09d06h30m:15,25,15,30,20,30,20,35,30,35,30,40
09d06h24m-09d09h03m:15,10,30,10,30,18
09d15h56m-09d19h38m:05,20,05,35
09d16h17m-09d17h31m:15,25,15,30,20,30,20,35,30,35,30,40
09d17h15m-09d19h11m:67,37,67,22
09d20h21m-09d21h05m:15,25,15,30,20,30,20,35,30,35,30,40
09d21h23m-09d22h50m:42,08,42,15,47,15,47,27,55,27
09d22h25m-09d22h47m:60,10,60,25
09d23h50m-10d03h22m:15,03,22,03,22,08,37,08,37,12
10d00h06m-10d03h48m:57,30,57,45
10d00h14m-10d03h36m:42,08,42,15,47,15,47,27,55,27
10d04h21m-10d07h46m:05,20,05,35
10d08h23m-10d10h01m:57,30,57,45
10d12h43m-10d13h42m:42,08,42,15,47,15,47,27,55,27
10d13h44m-10d17h30m:10,20,40,20,40,35
10d15h32m-10d17h04m:15,40,27,40
10d19h09m-10d22h16m:15,10,30,10,30,18
10d19h40m-10d21h16m:67,37,67,22
10d22h34m-11d01h20m:17,15,25,15
11d04h11m-11d07h33m:25,45,45,45,45,40
11d04h26m-11d05h38m:60,10,60,25
11d04h50m-11d07h03m:60,10,60,25
11d05h53m-11d07h38m:15,25,15,30,20,30,20,35,30,35,30,40
11d07h52m-11d09h06m:25,45,45,45,45,40
11d08h40m-11d09h06m:15,10,30,10,30,18
11d09h51m-11d11h28m:15,25,15,30,20,30,20,35,30,35,30,40
11d09h51m-11d12h03m:15,10,30,10,30,18
11d09h53m-11d12h12m:15,25,15,30,20,30,20,35,30,35,30,40
11d12h05m-11d14h01m:25,25,30,25,30,30,35,30
11d12h40m-11d16h03m:57,30,57,45
11d13h20m-11d14h47m:15,40,27,40
11d13h40m-11d14h09m:15,25,15,30,20,30,20,35,30,35,30,40
11d14h01m-11d16h42m:15,40,27,40
11d14h02m-11d15h30m:15,10,30,10,30,18
11d14h32m-11d16h10m:05,20,05,35
11d16h06m-11d20h02m:60,10,60,25
11d17h21m-11d18h59m:15,25,15,30,20,30,20,35,30,35,30,40
11d17h26m-11d18h02m:60,10,60,25
11d18h59m-11d22h55m:17,15,25,15
11d19h12m-11d22h07m:57,30,57,45
11d19h28m-11d22h18m:50,10,55,10,55,25
11d20h01m-11d21h26m:25,45,45,45,45,40
11d21h55m-11d22h16m:25,25,30,25,30,30,35,30
11d22h28m-11d23h35m:15,10,30,10,30,18
11d22h51m-11d23h55m:57,30,57,45
11d22h57m-12d00h18m:57,30,57,45
12d00h20m-12d04h09m:05,20,05,35
12d02h05m-12d06h01m:17,15,25,15
12d03h10m-12d05h26m:08,03,08,23,20,23
12d06h21m-12d08h36m:15,40,27,40
12d08h18m-12d10h44m:10,20,40,20,40,35
12d08h31m-12d10h50m:25,25,30,25,30,30,35,30
12d08h33m-12d10h10m:10,20,40,20,40,35
12d09h53m-12d11h55m:25,45,45,45,45,40
12d09h57m-12d10h33m:67,37,67,22
12d12h06m-12d15h41m:10,20,40,20,40,35
12d12h14m-12d15h50m:15,25,15,30,20,30,20,35,30,35,30,40
12d13h06m-12d15h12m:05,20,05,35
12d15h49m-12d16h41m:42,08,42,15,47,15,47,27,55,27
12d15h59m-12d16h23m:10,20,40,20,40,35
12d16h53m-12d19h38m:60,10,60,25
12d18h43m-12d21h09m:50,10,55,10,55,25
12d19h15m-12d21h46m:42,08,42,15,47,15,47,27,55,27
12d21h27m-12d21h42m:15,25,15,30,20,30,20,35,30,35,30,40
12d22h28m-12d23h24m:15,40,27,40
13d00h13m-13d00h37m:60,10,60,25
13d00h33m-13d02h50m:08,03,08,23,20,23
13d01h06m-13d03h57m:15,25,15,30,20,30,20,35,30,35,30,40
13d04h04m-13d07h02m:15,10,30,10,30,18
13d04h46m-13d06h05m:15,10,30,10,30,18
13d05h22m-13d08h14m:15,25,15,30,20,30,20,35,30,35,30,40
13d05h46m-13d09h21m:15,10,30,10,30,18
13d06h04m-13d08h26m:57,30,57,45
13d06h19m-13d07h53m:50,10,55,10,55,25
13d09h29m-13d12h20m:57,30,57,45
13d09h46m-13d11h17m:25,45,45,45,45,40
13d10h03m-13d10h26m:15,10,30,10,30,18
13d10h23m-13d12h20m:15,25,15,30,20,30,20,35,30,35,30,40
13d10h42m-13d13h24m:67,37,67,22
13d10h49m-13d13h31m:67,37,67,22
13d11h05m-13d11h21m:67,37,67,22
13d12h02m-13d14h17m:15,25,15,30,20,30,20,35,30,35,30,40
13d12h25m-13d13h52m:15,03,22,03,22,08,37,08,37,12
13d12h57m-13d16h06m:57,30,57,45
13d14h15m-13d17h26m:15,25,15,30,20,30,20,35,30,35,30,40
13d14h53m-13d15h23m:67,37,67,22
13d16h41m-13d18h47m:50,10,55,10,55,25
13d17h04m-13d20h39m:57,30,57,45
13d17h54m-13d20h01m:25,25,30,25,30,30,35,30
13d18h06m-13d20h06m:50,10,55,10,55,25
13d19h13m-13d22h58m:25,45,45,45,45,40
13d19h55m-13d22h15m:25,25,30,25,30,30,35,30
13d23h02m-13d23h26m:15,25,15,30,20,30,20,35,30,35,30,40
14d01h03m-14d04h35m:25,45,45,45,45,40
14d01h07m-14d01h51m:08,03,08,23,20,23
14d02h21m-14d04h11m:57,30,57,45
14d02h39m-14d03h50m:50,10,55,10,55,25
14d02h43m-14d05h48m:15,10,30,10,30,18
14d04h11m-14d07h19m:60,10,60,25
14d06h13m-14d08h48m:17,15,25,15
14d06h32m-14d09h10m:08,03,08,23,20,23
14d06h52m-14d07h48m:42,08,42,15,47,15,47,27,55,27
14d06h58m-14d09h59m:50,10,55,10,55,25
14d09h51m-14d12h54m:50,10,55,10,55,25
14d10h41m-14d12h22m:67,37,67,22
14d10h41m-14d12h56m:08,03,08,23,20,23
14d13h59m-14d14h19m:25,25,30,25,30,30,35,30
14d15h16m-14d18h07m:17,15,25,15
14d15h45m-14d17h30m:08,03,08,23,20,23
14d16h35m-14d18h35m:57,30,57,45
14d16h50m-14d17h28m:25,45,45,45,45,40
14d17h51m-14d19h42m:25,45,45,45,45,40
14d18h09m-14d18h57m:42,08,42,15,47,15,47,27,55,27
14d20h33m-14d22h43m:25,45,45,45,45,40
14d22h58m-15d00h21m:67,37,67,22
14d23h24m-15d00h46m:50,10,55,10,55,25
15d00h20m-15d02h46m:15,40,27,40
15d00h58m-15d02h31m:08,03,08,23,20,23
15d01h11m-15d03h08m:42,08,42,15,47,15,47,27,55,27
15d01h39m-15d01h59m:60,10,60,25
15d01h44m-15d03h37m:15,25,15,30,20,30,20,35,30,35,30,40
15d02h21m-15d03h02m:08,03,08,23,20,23
15d03h14m-15d03h49m:10,20,40,20,40,35
15d03h15m-15d04h28m:15,03,22,03,22,08,37,08,37,12
15d05h13m-15d06h00m:42,08,42,15,47,15,47,27,55,27
15d05h21m-15d06h42m:50,10,55,10,55,25
15d05h35m-15d07h07m:08,03,08,23,20,23
15d05h47m-15d07h28m:25,45,45,45,45,40
15d06h44m-15d10h12m:05,20,05,35
15d08h00m-15d08h39m:17,15,25,15
15d08h14m-15d12h14m:57,30,57,45
15d08h43m-15d09h04m:25,45,45,45,45,40
15d12h54m-15d15h51m:57,30,57,45
15d13h11m-15d13h47m:15,03,22,03,22,08,37,08,37,12
15d13h45m-15d15h50m:10,20,40,20,40,35
15d16h33m-15d19h25m:25,45,45,45,45,40
15d16h40m-15d19h00m:10,20,40,20,40,35
15d16h49m-15d17h57m:57,30,57,45
15d17h43m-15d21h16m:17,15,25,15
15d18h15m-15d22h00m:15,40,27,40
15d20h25m-15d22h05m:05,20,05,35
15d21h11m-16d00h56m:17,15,25,15
15d22h03m-15d23h30m:10,20,40,20,40,35
15d22h28m-16d01h27m:15,03,22,03,22,08,37,08,37,12
15d23h30m-16d01h40m:42,08,42,15,47,15,47,27,55,27
15d23h51m-16d03h44m:15,10,30,10,30,18
16d00h25m-16d03h41m:15,03,22,03,22,08,37,08,37,12
16d00h58m-16d03h03m:15,40,27,40
16d05h56m-16d06h44m:15,40,27,40
16d06h42m-16d07h30m:15,10,30,10,30,18
16d06h44m-16d08h28m:25,25,30,25,30,30,35,30
16d07h39m-16d09h09m:25,25,30,25,30,30,35,30
16d09h11m-16d10h01m:10,20,40,20,40,35
16d09h14m-16d10h28m:25,25,30,25,30,30,35,30
16d09h27m-16d11h45m:50,10,55,10,55,25
16d11h57m-16d14h44m:15,25,15,30,20,30,20,35,30,35,30,40
16d12h20m-16d15h04m:25,25,30,25,30,30,35,30
16d14h13m-16d15h09m:05,20,05,35
16d14h49m-16d17h49m:05,20,05,35
16d16h31m-16d19h09m:05,20,05,35
16d16h42m-16d19h53m:10,20,40,20,40,35
16d16h46m-16d18h16m:15,40,27,40
16d18h02m-16d20h06m:15,40,27,40
16d18h48m-16d22h31m:15,03,22,03,22,08,37,08,37,12
16d19h01m-16d20h41m:08,03,08,23,20,23
16d20h18m-16d21h55m:42,08,42,15,47,15,47,27,55,27
16d20h52m-16d22h12m:08,03,08,23,20,23
16d21h38m-16d22h30m:25,25,30,25,30,30,35,30
16d21h58m-17d00h29m:50,10,55,10,55,25
16d23h10m-17d01h01m:25,45,45,45,45,40
17d00h37m-17d04h21m:25,25,30,25,30,30,35,30
17d00h45m-17d04h31m:67,37,67,22
17d01h14m-17d04h02m:25,25,30,25,30,30,35,30
17d01h16m-17d04h52m:25,45,45,45,45,40
17d01h28m-17d04h15m:42,08,42,15,47,15,47,27,55,27
17d01h35m-17d01h51m:42,08,42,15,47,15,47,27,55,27
17d02h03m-17d04h20m:15,40,27,40
17d02h31m-17d05h50m:08,03,08,23,20,23
17d03h41m-17d04h14m:50,10,55,10,55,25
17d04h26m-17d06h10m:67,37,67,22
17d04h57m-17d07h23m:60,10,60,25
17d08h22m-17d12h17m:10,20,40,20,40,35
17d08h25m-17d12h05m:42,08,42,15,47,15,47,27,55,27
17d09h22m-17d09h47m:57,30,57,45
17d10h42m-17d13h37m:15,40,27,40
17d10h55m-17d14h05m:67,37,67,22
17d12h31m-17d14h20m:05,20,05,35
17d12h39m-17d14h58m:10,20,40,20,40,35
17d13h42m-17d14h50m:42,08,42,15,47,15,47,27,55,27
17d18h06m-17d20h44m:17,15,25,15
17d18h20m-17d22h11m:15,03,22,03,22,08,37,08,37,12
17d19h23m-17d23h02m:57,30,57,45
17d20h46m-18d00h38m:25,25,30,25,30,30,35,30
17d20h48m-17d23h28m:08,03,08,23,20,23
17d21h46m-18d01h11m:25,45,45,45,45,40
17d21h47m-17d23h32m:15,10,30,10,30,18
17d21h55m-17d22h27m:25,25,30,25,30,30,35,30
17d22h47m-18d02h24m:15,40,27,40
17d23h09m-18d02h19m:67,37,67,22
18d01h36m-18d03h22m:05,20,05,35
18d03h16m-18d05h55m:67,37,67,22
18d04h04m-18d05h19m:25,25,30,25,30,30,35,30
18d05h31m-18d06h41m:50,10,55,10,55,25
18d06h04m-18d09h42m:17,15,25,15
18d06h32m-18d09h36m:50,10,55,10,55,25
18d10h10m-18d14h06m:25,25,30,25,30,30,35,30
18d10h53m-18d14h00m:15,25,15,30,20,30,20,35,30,35,30,40
18d11h43m-18d13h59m:67,37,67,22
18d13h36m-18d16h34m:50,10,55,10,55,25
18d13h56m-18d17h46m:60,10,60,25
18d17h40m-18d21h16m:50,10,55,10,55,25
18d19h06m-18d19h21m:15,25,15,30,20,30,20,35,30,35,30,40
18d22h15m-18d22h53m:60,10,60,25
18d22h29m-19d01h30m:67,37,67,22
19d02h52m-19d04h56m:15,03,22,03,22,08,37,08,37,12
19d02h55m-19d05h59m:25,45,45,45,45,40
19d04h26m-19d07h55m:67,37,67,22
19d04h50m-19d07h48m:15,40,27,40
19d06h44m-19d09h42m:50,10,55,10,55,25
19d07h34m-19d07h55m:17,15,25,15
19d07h49m-19d11h41m:15,10,30,10,30,18
19d10h20m-19d13h33m:15,25,15,30,20,30,20,35,30,35,30,40
19d11h31m-19d14h29m:15,03,22,03,22,08,37,08,37,12
19d11h57m-19d15h40m:42,08,42,15,47,15,47,27,55,27
19d12h28m-19d14h13m:60,10,60,25
19d13h07m-19d13h48m:05,20,05,35
19d13h32m-19d17h10m:67,37,67,22
19d14h12m-19d14h28m:67,37,67,22
19d16h14m-19d17h43m:15,10,30,10,30,18
19d16h28m-19d17h44m:15,25,15,30,20,30,20,35,30,35,30,40
19d17h18m-19d18h34m:50,10,55,10,55,25
19d19h02m-19d20h02m:60,10,60,25
19d22h11m-20d00h31m:25,25,30,25,30,30,35,30
19d22h36m-20d01h52m:60,10,60,25
20d01h10m-20d04h19m:10,20,40,20,40,35
20d01h55m-20d04h50m:08,03,08,23,20,23
20d03h16m-20d06h55m:10,20,40,20,40,35
20d03h16m-20d07h09m:10,20,40,20,40,35
20d04h15m-20d06h51m:10,20,40,20,40,35
20d04h59m-20d07h20m:42,08,42,15,47,15,47,27,55,27
20d05h51m-20d08h00m:17,15,25,15
20d06h48m-20d10h07m:15,25,15,30,20,30,20,35,30,35,30,40
20d07h57m-20d10h26m:15,03,22,03,22,08,37,08,37,12
20d08h26m-20d11h03m:60,10,60,25
20d08h40m-20d12h29m:15,25,15,30,20,30,20,35,30,35,30,40
20d11h27m-20d14h44m:15,40,27,40
20d13h12m-20d14h24m:17,15,25,15
20d15h04m-20d18h43m:15,10,30,10,30,18
20d18h50m-20d19h15m:10,20,40,20,40,35
20d19h39m-20d22h53m:57,30,57,45
20d19h44m-20d20h07m:67,37,67,22
20d20h19m-20d20h46m:42,08,42,15,47,15,47,27,55,27
20d21h35m-20d22h36m:15,25,15,30,20,30,20,35,30,35,30,40
20d22h31m-21d02h31m:15,03,22,03,22,08,37,08,37,12
20d22h47m-21d01h24m:15,10,30,10,30,18
21d00h16m-21d02h05m:05,20,05,35
21d01h20m-21d02h58m:10,20,40,20,40,35
21d03h03m-21d04h46m:15,40,27,40
21d03h51m-21d05h23m:05,20,05,35
21d04h13m-21d04h56m:42,08,42,15,47,15,47,27,55,27
21d06h10m-21d07h07m:25,25,30,25,30,30,35,30
21d08h27m-21d09h46m:50,10,55,10,55,25
21d10h36m-21d13h36m:08,03,08,23,20,23
21d10h38m-21d12h43m:05,20,05,35
21d11h19m-21d14h55m:15,40,27,40
21d18h53m-21d20h59m:15,03,22,03,22,08,37,08,37,12
21d19h40m-21d22h59m:67,37,67,22
21d20h14m-21d23h33m:15,40,27,40
21d21h12m-22d00h21m:42,08,42,15,47,15,47,27,55,27
21d22h15m-22d00h11m:25,25,30,25,30,30,35,30
21d22h55m-22d01h51m:10,20,40,20,40,35
22d00h14m-22d02h48m:67,37,67,22
22d00h32m-22d04h13m:08,03,08,23,20,23
22d01h25m-22d04h37m:10,20,40,20,40,35
22d02h11m-22d04h16m:05,20,05,35
22d04h30m-22d07h09m:50,10,55,10,55,25
22d05h21m-22d07h35m:15,40,27,40
22d06h06m-22d08h17m:15,03,22,03,22,08,37,08,37,12
22d08h17m-22d10h22m:08,03,08,23,20,23
22d08h34m-22d09h01m:57,30,57,45
22d10h14m-22d12h18m:15,40,27,40
22d15h07m-22d18h11m:17,15,25,15
22d15h51m-22d16h36m:15,40,27,40
22d16h56m-22d19h42m:15,25,15,30,20,30,20,35,30,35,30,40
22d23h37m-23d02h23m:67,37,67,22
23d06h14m-23d09h42m:15,03,22,03,22,08,37,08,37,12
23d06h26m-23d08h13m:25,25,30,25,30,30,35,30
23d07h23m-23d09h44m:15,10,30,10,30,18
23d14h16m-23d15h23m:42,08,42,15,47,15,47,27,55,27
23d15h46m-23d16h06m:42,08,42,15,47,15,47,27,55,27
23d16h47m-23d17h07m:60,10,60,25
23d17h06m-23d18h32m:15,10,30,10,30,18
23d19h58m-23d23h46m:15,40,27,40
23d20h47m-23d21h54m:42,08,42,15,47,15,47,27,55,27
23d21h53m-24d00h00m:17,15,25,15
23d22h12m-23d22h35m:15,25,15,30,20,30,20,35,30,35,30,40
23d23h55m-24d02h42m:15,25,15,30,20,30,20,35,30,35,30,40
24d01h10m-24d03h17m:10,20,40,20,40,35
24d01h21m-24d05h05m:05,20,05,35
24d01h56m-24d03h16m:15,03,22,03,22,08,37,08,37,12
24d02h26m-24d05h51m:15,25,15,30,20,30,20,35,30,35,30,40
24d03h04m-24d05h13m:10,20,40,20,40,35
24d04h26m-24d07h35m:17,15,25,15
24d07h06m-24d09h36m:67,37,67,22
24d08h10m-24d10h10m:15,40,27,40
24d09h06m-24d09h46m:15,10,30,10,30,18
24d10h14m-24d11h58m:57,30,57,45
24d10h20m-24d12h32m:15,40,27,40
24d10h24m-24d12h44m:15,40,27,40
24d11h57m-24d13h17m:25,25,30,25,30,30,35,30
24d12h58m-24d16h35m:25,45,45,45,45,40
24d15h54m-24d18h29m:05,20,05,35
24d17h27m-24d20h10m:15,40,27,40
24d20h13m-24d22h05m:50,10,55,10,55,25
24d20h21m-24d22h53m:42,08,42,15,47,15,47,27,55,27
24d20h36m-24d23h40m:17,15,25,15
24d23h45m-25d01h47m:57,30,57,45
25d01h20m-25d02h48m:50,10,55,10,55,25
25d02h54m-25d05h55m:15,03,22,03,22,08,37,08,37,12
25d04h15m-25d04h50m:60,10,60,25
25d04h25m-25d07h10m:67,37,67,22
25d06h26m-25d07h29m:15,03,22,03,22,08,37,08,37,12
25d07h17m-25d08h06m:10,20,40,20,40,35
25d07h19m-25d07h52m:05,20,05,35
25d09h05m-25d10h57m:25,25,30,25,30,30,35,30
25d10h36m-25d11h17m:42,08,42,15,47,15,47,27,55,27
25d10h55m-25d12h57m:57,30,57,45
25d12h58m-25d16h28m:25,25,30,25,30,30,35,30
25d13h35m-25d17h33m:25,45,45,45,45,40
25d17h31m-25d19h47m:15,03,22,03,22,08,37,08,37,12
25d18h10m-25d19h37m:25,45,45,45,45,40
25d18h30m-25d20h41m:57,30,57,45
25d19h51m-25d22h52m:15,10,30,10,30,18
25d21h09m-25d23h14m:67,37,67,22
25d21h51m-25d23h28m:17,15,25,15
25d22h03m-26d00h24m:08,03,08,23,20,23
25d22h14m-26d01h56m:25,25,30,25,30,30,35,30
25d22h31m-26d01h35m:60,10,60,25
25d22h37m-26d00h18m:50,10,55,10,55,25
25d23h24m-26d03h11m:15,25,15,30,20,30,20,35,30,35,30,40
26d01h18m-26d02h43m:08,03,08,23,20,23
26d05h25m-26d06h27m:57,30,57,45
26d06h30m-26d08h56m:42,08,42,15,47,15,47,27,55,27
26d06h37m-26d09h08m:67,37,67,22
26d11h38m-26d15h30m:15,03,22,03,22,08,37,08,37,12
26d12h42m-26d15h55m:15,10,30,10,30,18
26d15h15m-26d16h14m:25,25,30,25,30,30,35,30
26d16h24m-26d17h16m:15,40,27,40
26d17h26m-26d20h20m:17,15,25,15
26d19h08m-26d21h32m:08,03,08,23,20,23
26d19h19m-26d22h48m:60,10,60,25
27d02h24m-27d06h20m:15,03,22,03,22,08,37,08,37,12
27d03h09m-27d06h36m:42,08,42,15,47,15,47,27,55,27
27d04h41m-27d06h01m:15,03,22,03,22,08,37,08,37,12
27d06h46m-27d07h46m:25,25,30,25,30,30,35,30
27d07h16m-27d07h57m:67,37,67,22
27d07h52m-27d08h59m:15,10,30,10,30,18
27d08h26m-27d11h48m:60,10,60,25
27d11h39m-27d12h38m:15,25,15,30,20,30,20,35,30,35,30,40
27d12h34m-27d14h16m:15,03,22,03,22,08,37,08,37,12
27d12h55m-27d14h21m:05,20,05,35
27d13h33m-27d17h06m:57,30,57,45
27d14h26m-27d16h27m:15,10,30,10,30,18
27d17h10m-27d18h00m:25,25,30,25,30,30,35,30
28d00h12m-28d01h39m:17,15,25,15
28d04h46m-28d07h05m:08,03,08,23,20,23
28d05h05m-28d07h26m:05,20,05,35
28d05h41m-28d08h13m:15,40,27,40
28d07h30m-28d09h05m:25,45,45,45,45,40
28d09h43m-28d10h46m:15,40,27,40
28d10h20m-28d11h50m:67,37,67,22
28d12h08m-28d14h38m:15,10,30,10,30,18
28d14h38m-28d16h21m:17,15,25,15
28d15h50m-28d17h16m:42,08,42,15,47,15,47,27,55,27
28d17h29m-28d17h48m:15,25,15,30,20,30,20,35,30,35,30,40
