01d00h24m-01d02h14m:50,10,55,10,55,25
01d01h10m-01d03h41m:57,30,57,45
01d04h48m-01d07h45m:67,37,67,22
01d05h08m-01d08h45m:25,25,30,25,30,30,35,30
01d06h43m-01d09h21m:25,45,45,45,45,40
01d07h24m-01d08h02m:05,20,05,35
01d07h32m-01d11h19m:25,45,45,45,45,40
01d08h07m-01d10h40m:50,10,55,10,55,25
01d09h22m-01d13h00m:15,03,22,03,22,08,37,08,37,12
01d09h44m-01d12h46m:10,20,40,20,40,35
01d11h12m-01d13h17m:15,03,22,03,22,08,37,08,37,12
01d11h42m-01d14h43m:25,25,30,25,30,30,35,30
01d13h27m-01d16h31m:15,03,22,03,22,08,37,08,37,12
01d14h11m-01d16h26m:50,10,55,10,55,25
01d15h11m-01d15h40m:25,25,30,25,30,30,35,30
01d16h06m-01d16h50m:57,30,57,45
01d16h09m-01d17h17m:15,10,30,10,30,18
01d16h18m-01d16h54m:25,45,45,45,45,40
01d16h46m-01d17h56m:60,10,60,25
01d16h56m-01d19h42m:25,45,45,45,45,40
01d17h14m-01d19h58m:08,03,08,23,20,23
01d17h43m-01d21h19m:10,20,40,20,40,35
01d17h50m-01d20h26m:67,37,67,22
01d18h54m-01d22h06m:17,15,25,15
01d19h53m-01d23h20m:15,03,22,03,22,08,37,08,37,12
01d20h19m-01d23h40m:50,10,55,10,55,25
01d21h58m-02d01h24m:50,10,55,10,55,25
01d22h56m-02d00h23m:05,20,05,35
01d23h22m-02d00h04m:67,37,67,22
02d06h09m-02d07h44m:17,15,25,15
02d08h36m-02d11h43m:15,25,15,30,20,30,20,35,30,35,30,40
02d10h49m-02d12h39m:15,10,30,10,30,18
02d11h30m-02d14h24m:08,03,08,23,20,23
02d11h38m-02d13h02m:10,20,40,20,40,35
02d11h51m-02d13h33m:15,25,15,30,20,30,20,35,30,35,30,40
02d13h37m-02d16h44m:60,10,60,25
02d14h35m-02d14h52m:10,20,40,20,40,35
02d14h47m-02d17h05m:15,25,15,30,20,30,20,35,30,35,30,40
02d16h48m-02d20h22m:05,20,05,35
02d18h04m-02d19h16m:60,10,60,25
02d18h08m-02d21h03m:25,25,30,25,30,30,35,30
02d18h13m-02d19h01m:42,08,42,15,47,15,47,27,55,27
02d19h38m-02d22h33m:15,40,27,40
02d20h02m-02d22h19m:15,03,22,03,22,08,37,08,37,12
02d22h43m-02d23h07m:10,20,40,20,40,35
02d23h40m-03d02h20m:08,03,08,23,20,23
03d01h49m-03d03h22m:25,25,30,25,30,30,35,30
03d04h20m-03d06h42m:08,03,08,23,20,23
03d04h33m-03d06h37m:05,20,05,35
03d05h01m-03d07h43m:15,03,22,03,22,08,37,08,37,12
03d05h53m-03d08h25m:15,25,15,30,20,30,20,35,30,35,30,40
03d05h56m-03d07h43m:25,25,30,25,30,30,35,30
03d08h33m-03d10h43m:25,25,30,25,30,30,35,30
03d08h53m-03d11h14m:50,10,55,10,55,25
03d10h43m-03d11h35m:15,10,30,10,30,18
03d10h50m-03d13h59m:15,40,27,40
03d10h58m-03d11h23m:57,30,57,45
03d11h07m-03d13h21m:08,03,08,23,20,23
03d12h17m-03d14h28m:67,37,67,22
03d13h45m-03d14h11m:50,10,55,10,55,25
03d15h08m-03d18h14m:15,10,30,10,30,18
03d19h35m-03d22h45m:67,37,67,22
03d19h38m-03d20h25m:15,03,22,03,22,08,37,08,37,12
03d19h38m-03d22h18m:15,10,30,10,30,18
03d20h22m-03d22h58m:67,37,67,22
03d20h23m-03d23h06m:05,20,05,35
03d21h26m-03d23h48m:25,25,30,25,30,30,35,30
03d21h45m-03d22h54m:57,30,57,45
03d23h32m-04d02h22m:42,08,42,15,47,15,47,27,55,27
03d23h56m-04d03h55m:15,25,15,30,20,30,20,35,30,35,30,40
04d02h18m-04d05h13m:25,25,30,25,30,30,35,30
04d03h17m-04d03h54m:15,40,27,40
04d05h05m-04d06h49m:10,20,40,20,40,35
04d07h43m-04d10h23m:67,37,67,22
04d08h03m-04d09h54m:10,20,40,20,40,35
04d08h48m-04d10h47m:57,30,57,45
04d09h00m-04d12h21m:60,10,60,25
04d15h48m-04d17h53m:17,15,25,15
04d16h17m-04d20h03m:67,37,67,22
04d23h57m-05d02h33m:17,15,25,15
05d00h13m-05d01h52m:67,37,67,22
05d00h21m-05d01h29m:15,10,30,10,30,18
05d00h35m-05d04h04m:10,20,40,20,40,35
05d00h51m-05d02h42m:25,45,45,45,45,40
05d02h20m-05d04h41m:08,03,08,23,20,23
05d02h20m-05d05h25m:15,25,15,30,20,30,20,35,30,35,30,40
05d03h17m-05d06h04m:08,03,08,23,20,23
05d06h36m-05d08h19m:42,08,42,15,47,15,47,27,55,27
05d07h32m-05d09h16m:10,20,40,20,40,35
05d08h12m-05d09h08m:08,03,08,23,20,23
05d08h57m-05d11h27m:25,25,30,25,30,30,35,30
05d09h55m-05d13h51m:15,03,22,03,22,08,37,08,37,12
05d10h20m-05d11h30m:17,15,25,15
05d13h30m-05d14h03m:10,20,40,20,40,35
05d13h37m-05d14h53m:10,20,40,20,40,35
05d15h13m-05d18h11m:15,25,15,30,20,30,20,35,30,35,30,40
05d17h06m-05d19h41m:05,20,05,35
05d17h34m-05d20h28m:05,20,05,35
05d17h59m-05d18h23m:67,37,67,22
05d19h49m-05d22h12m:42,08,42,15,47,15,47,27,55,27
05d19h52m-05d23h22m:10,20,40,20,40,35
05d20h32m-05d21h40m:42,08,42,15,47,15,47,27,55,27
05d21h05m-05d22h32m:08,03,08,23,20,23
05d23h10m-06d00h02m:67,37,67,22
05d23h46m-06d02h21m:57,30,57,45
06d00h11m-06d02h06m:15,10,30,10,30,18
06d03h02m-06d05h06m:25,25,30,25,30,30,35,30
06d03h20m-06d05h58m:17,15,25,15
06d03h27m-06d04h48m:42,08,42,15,47,15,47,27,55,27
06d07h19m-06d09h16m:67,37,67,22
06d08h17m-06d12h16m:57,30,57,45
06d11h01m-06d13h42m:15,40,27,40
06d11h14m-06d13h37m:17,15,25,15
06d11h31m-06d14h55m:15,25,15,30,20,30,20,35,30,35,30,40
06d13h46m-06d15h47m:05,20,05,35
06d14h02m-06d15h07m:57,30,57,45
06d14h35m-06d16h23m:25,25,30,25,30,30,35,30
06d15h12m-06d17h36m:57,30,57,45
06d18h40m-06d19h19m:25,45,45,45,45,40
06d18h51m-06d20h54m:57,30,57,45
06d20h42m-06d23h29m:67,37,67,22
06d21h10m-06d23h22m:15,03,22,03,22,08,37,08,37,12
06d22h04m-07d01h52m:15,25,15,30,20,30,20,35,30,35,30,40
07d05h17m-07d08h27m:17,15,25,15
07d06h06m-07d09h17m:10,20,40,20,40,35
07d08h35m-07d11h37m:25,45,45,45,45,40
07d09h46m-07d12h06m:15,40,27,40
07d11h06m-07d14h27m:15,03,22,03,22,08,37,08,37,12
07d12h14m-07d15h10m:15,40,27,40
07d13h40m-07d16h13m:25,45,45,45,45,40
07d15h03m-07d18h12m:25,45,45,45,45,40
07d15h25m-07d17h18m:15,25,15,30,20,30,20,35,30,35,30,40
07d15h37m-07d18h34m:08,03,08,23,20,23
07d16h09m-07d19h07m:15,10,30,10,30,18
07d16h14m-07d19h58m:67,37,67,22
07d16h46m-07d19h05m:17,15,25,15
07d20h26m-07d22h16m:42,08,42,15,47,15,47,27,55,27
07d21h22m-07d22h37m:50,10,55,10,55,25
07d21h58m-07d23h24m:05,20,05,35
08d00h01m-08d03h07m:15,25,15,30,20,30,20,35,30,35,30,40
08d01h04m-08d03h00m:15,10,30,10,30,18
08d02h28m-08d06h24m:15,10,30,10,30,18
08d04h05m-08d06h18m:15,10,30,10,30,18
08d04h23m-08d07h20m:05,20,05,35
08d05h09m-08d05h49m:10,20,40,20,40,35
08d06h09m-08d08h48m:05,20,05,35
08d07h14m-08d09h05m:15,10,30,10,30,18
08d08h07m-08d11h08m:15,25,15,30,20,30,20,35,30,35,30,40
08d08h26m-08d11h49m:57,30,57,45
08d08h45m-08d09h07m:25,25,30,25,30,30,35,30
08d08h53m-08d11h35m:50,10,55,10,55,25
08d10h13m-08d14h11m:08,03,08,23,20,23
08d11h33m-08d14h24m:05,20,05,35
08d11h51m-08d13h47m:08,03,08,23,20,23
08d12h38m-08d15h45m:25,45,45,45,45,40
08d13h01m-08d13h25m:08,03,08,23,20,23
08d13h43m-08d17h25m:57,30,57,45
08d15h16m-08d18h33m:57,30,57,45
08d15h21m-08d16h00m:42,08,42,15,47,15,47,27,55,27
08d16h12m-08d19h52m:10,20,40,20,40,35
08d16h22m-08d17h53m:15,25,15,30,20,30,20,35,30,35,30,40
08d19h23m-08d23h10m:60,10,60,25
08d19h35m-08d22h42m:08,03,08,23,20,23
08d20h02m-08d20h21m:15,40,27,40
08d20h06m-08d22h44m:67,37,67,22
08d23h00m-09d01h12m:15,40,27,40
09d00h39m-09d00h55m:15,40,27,40
09d01h26m-09d02h12m:15,25,15,30,20,30,20,35,30,35,30,40
09d02h14m-09d04h46m:60,10,60,25
09d02h50m-09d04h50m:15,25,15,30,20,30,20,35,30,35,30,40
09d03h27m-09d04h33m:25,45,45,45,45,40
09d04h56m-09d06h33m:50,10,55,10,55,25
09d06h26m-09d07h54m:15,10,30,10,30,18
09d10h17m-09d13h28m:42,08,42,15,47,15,47,27,55,27
09d12h56m-09d14h05m:60,10,60,25
09d12h57m-09d15h49m:50,10,55,10,55,25
09d13h18m-09d15h17m:15,25,15,30,20,30,20,35,30,35,30,40
09d13h23m-09d17h16m:57,30,57,45
09d13h41m-09d16h49m:25,25,30,25,30,30,35,30
09d13h42m-09d15h11m:60,10,60,25
09d14h01m-09d16h56m:57,30,57,45
09d14h03m-09d17h40m:05,20,05,35
09d15h34m-09d17h48m:25,25,30,25,30,30,35,30
09d15h56m-09d16h26m:57,30,57,45
09d16h44m-09d17h46m:60,10,60,25
09d17h52m-09d20h57m:05,20,05,35
09d18h06m-09d18h54m:15,03,22,03,22,08,37,08,37,12
09d19h27m-09d23h02m:60,10,60,25
09d19h43m-09d21h29m:15,10,30,10,30,18
09d20h52m-09d22h52m:50,10,55,10,55,25
09d21h08m-09d22h46m:15,25,15,30,20,30,20,35,30,35,30,40
09d22h01m-10d01h15m:15,40,27,40
09d22h40m-09d23h21m:17,15,25,15
09d22h50m-10d01h42m:15,10,30,10,30,18
10d01h00m-10d04h56m:57,30,57,45
10d01h17m-10d03h55m:15,10,30,10,30,18
10d02h43m-10d06h23m:67,37,67,22
10d04h25m-10d07h54m:10,20,40,20,40,35
10d04h59m-10d08h36m:67,37,67,22
10d05h38m-10d07h27m:17,15,25,15
10d05h56m-10d06h26m:60,10,60,25
10d06h20m-10d08h54m:50,10,55,10,55,25
10d06h38m-10d10h04m:17,15,25,15
10d07h36m-10d09h09m:15,03,22,03,22,08,37,08,37,12
10d07h39m-10d09h13m:08,03,08,23,20,23
10d09h07m-10d11h02m:67,37,67,22
10d10h08m-10d12h53m:42,08,42,15,47,15,47,27,55,27
10d11h04m-10d11h52m:42,08,42,15,47,15,47,27,55,27
10d11h50m-10d14h45m:15,40,27,40
10d12h51m-10d14h26m:50,10,55,10,55,25
10d12h51m-10d15h28m:57,30,57,45
10d13h30m-10d17h20m:15,03,22,03,22,08,37,08,37,12
10d13h50m-10d15h17m:25,25,30,25,30,30,35,30
10d15h40m-10d17h35m:17,15,25,15
10d16h01m-10d17h44m:60,10,60,25
10d16h49m-10d18h07m:17,15,25,15
10d17h42m-10d20h36m:60,10,60,25
10d18h57m-10d20h13m:15,25,15,30,20,30,20,35,30,35,30,40
10d20h24m-10d20h42m:15,25,15,30,20,30,20,35,30,35,30,40
10d23h01m-10d23h17m:42,08,42,15,47,15,47,27,55,27
11d02h39m-11d06h28m:50,10,55,10,55,25
11d03h20m-11d05h38m:15,03,22,03,22,08,37,08,37,12
11d04h35m-11d06h51m:15,25,15,30,20,30,20,35,30,35,30,40
11d05h20m-11d07h59m:57,30,57,45
11d05h36m-11d06h50m:25,25,30,25,30,30,35,30
11d06h02m-11d07h55m:42,08,42,15,47,15,47,27,55,27
11d08h01m-11d09h56m:15,25,15,30,20,30,20,35,30,35,30,40
11d09h59m-11d12h22m:57,30,57,45
11d13h07m-11d17h04m:15,03,22,03,22,08,37,08,37,12
11d14h02m-11d17h48m:10,20,40,20,40,35
11d14h32m-11d16h16m:15,25,15,30,20,30,20,35,30,35,30,40
11d16h13m-11d17h42m:57,30,57,45
11d17h13m-11d21h00m:42,08,42,15,47,15,47,27,55,27
11d18h44m-11d21h52m:05,20,05,35
11d19h48m-11d20h21m:42,08,42,15,47,15,47,27,55,27
11d22h07m-12d00h49m:60,10,60,25
12d00h25m-12d01h19m:15,03,22,03,22,08,37,08,37,12
12d01h56m-12d02h13m:05,20,05,35
12d02h00m-12d03h42m:25,45,45,45,45,40
12d03h23m-12d06h31m:50,10,55,10,55,25
12d03h37m-12d04h35m:15,40,27,40
12d04h19m-12d06h23m:25,25,30,25,30,30,35,30
12d04h20m-12d06h22m:60,10,60,25
12d07h39m-12d11h38m:17,15,25,15
12d08h01m-12d09h55m:10,20,40,20,40,35
12d09h03m-12d10h17m:57,30,57,45
12d09h12m-12d10h58m:25,45,45,45,45,40
12d10h55m-12d11h54m:15,40,27,40
12d10h56m-12d14h02m:15,25,15,30,20,30,20,35,30,35,30,40
12d11h09m-12d11h37m:57,30,57,45
12d11h24m-12d12h14m:10,20,40,20,40,35
12d13h06m-12d14h32m:67,37,67,22
12d15h17m-12d15h41m:25,25,30,25,30,30,35,30
12d18h32m-12d19h24m:15,40,27,40
12d21h51m-13d01h20m:25,45,45,45,45,40
12d21h56m-12d22h16m:15,25,15,30,20,30,20,35,30,35,30,40
12d22h52m-13d02h48m:15,25,15,30,20,30,20,35,30,35,30,40
13d00h04m-13d02h46m:42,08,42,15,47,15,47,27,55,27
13d00h32m-13d01h04m:15,25,15,30,20,30,20,35,30,35,30,40
13d01h10m-13d02h05m:60,10,60,25
13d03h13m-13d06h36m:05,20,05,35
13d04h17m-13d06h56m:42,08,42,15,47,15,47,27,55,27
13d04h36m-13d06h40m:50,10,55,10,55,25
13d04h52m-13d07h45m:05,20,05,35
13d06h41m-13d06h58m:05,20,05,35
13d06h51m-13d07h22m:15,40,27,40
13d07h17m-13d09h58m:10,20,40,20,40,35
13d08h28m-13d11h41m:08,03,08,23,20,23
13d11h55m-13d12h38m:15,25,15,30,20,30,20,35,30,35,30,40
13d12h34m-13d12h56m:50,10,55,10,55,25
13d13h30m-13d17h13m:50,10,55,10,55,25
13d16h32m-13d20h04m:10,20,40,20,40,35
13d17h37m-13d19h46m:15,25,15,30,20,30,20,35,30,35,30,40
13d17h58m-13d18h26m:15,10,30,10,30,18
13d20h22m-13d22h22m:17,15,25,15
13d21h21m-14d01h05m:25,45,45,45,45,40
13d23h31m-14d00h36m:15,40,27,40
14d01h53m-14d02h57m:08,03,08,23,20,23
14d02h16m-14d05h50m:60,10,60,25
14d02h39m-14d04h14m:15,03,22,03,22,08,37,08,37,12
14d02h57m-14d05h22m:25,25,30,25,30,30,35,30
14d03h53m-14d05h01m:67,37,67,22
14d07h18m-14d07h55m:05,20,05,35
14d08h16m-14d11h01m:15,25,15,30,20,30,20,35,30,35,30,40
14d08h39m-14d09h04m:67,37,67,22
14d12h48m-14d16h44m:67,37,67,22
14d14h23m-14d16h57m:67,37,67,22
14d15h09m-14d16h22m:25,45,45,45,45,40
14d15h31m-14d17h49m:50,10,55,10,55,25
14d16h04m-14d19h26m:15,03,22,03,22,08,37,08,37,12
14d17h57m-14d18h47m:15,10,30,10,30,18
14d18h38m-14d21h51m:57,30,57,45
14d18h52m-14d22h28m:60,10,60,25
14d19h09m-14d20h15m:57,30,57,45
14d19h59m-14d21h32m:25,25,30,25,30,30,35,30
14d20h51m-14d22h23m:15,40,27,40
14d21h13m-15d00h16m:25,25,30,25,30,30,35,30
14d22h23m-15d02h12m:50,10,55,10,55,25
14d22h49m-14d23h43m:08,03,08,23,20,23
14d22h49m-15d00h49m:17,15,25,15
14d23h37m-15d01h17m:60,10,60,25
15d01h20m-15d04h46m:15,10,30,10,30,18
15d01h57m-15d03h37m:05,20,05,35
15d02h07m-15d02h57m:50,10,55,10,55,25
15d02h07m-15d03h42m:15,25,15,30,20,30,20,35,30,35,30,40
15d03h12m-15d06h22m:15,10,30,10,30,18
15d03h33m-15d04h08m:05,20,05,35
15d04h23m-15d06h49m:05,20,05,35
15d05h31m-15d09h08m:67,37,67,22
15d06h08m-15d09h42m:10,20,40,20,40,35
15d07h41m-15d09h19m:15,25,15,30,20,30,20,35,30,35,30,40
15d10h34m-15d13h45m:15,10,30,10,30,18
15d11h40m-15d15h06m:15,10,30,10,30,18
15d11h48m-15d12h27m:10,20,40,20,40,35
15d12h36m-15d14h35m:42,08,42,15,47,15,47,27,55,27
15d12h43m-15d14h29m:05,20,05,35
15d12h52m-15d15h48m:60,10,60,25
15d14h32m-15d15h47m:50,10,55,10,55,25
15d15h31m-15d18h39m:08,03,08,23,20,23
15d15h44m-15d18h52m:15,10,30,10,30,18
15d15h50m-15d17h40m:50,10,55,10,55,25
15d16h15m-15d19h59m:60,10,60,25
15d18h26m-15d19h54m:15,40,27,40
15d20h03m-15d22h10m:15,10,30,10,30,18
15d21h04m-15d23h03m:10,20,40,20,40,35
15d22h05m-16d01h34m:57,30,57,45
15d23h20m-16d02h23m:08,03,08,23,20,23
16d00h32m-16d01h39m:25,25,30,25,30,30,35,30
16d02h11m-16d03h53m:67,37,67,22
16d06h37m-16d07h09m:60,10,60,25
16d08h14m-16d09h16m:08,03,08,23,20,23
16d15h41m-16d19h16m:17,15,25,15
16d16h01m-16d18h11m:15,40,27,40
16d16h40m-16d20h07m:15,03,22,03,22,08,37,08,37,12
16d16h55m-16d18h47m:15,03,22,03,22,08,37,08,37,12
16d17h35m-16d21h10m:17,15,25,15
16d18h45m-16d20h39m:42,08,42,15,47,15,47,27,55,27
16d18h54m-16d20h14m:42,08,42,15,47,15,47,27,55,27
16d20h57m-16d23h59m:08,03,08,23,20,23
16d21h52m-17d00h06m:10,20,40,20,40,35
16d22h04m-17d00h54m:25,25,30,25,30,30,35,30
16d22h48m-17d02h45m:25,25,30,25,30,30,35,30
16d23h19m-17d00h29m:67,37,67,22
17d00h30m-17d03h56m:25,45,45,45,45,40
17d01h31m-17d04h47m:42,08,42,15,47,15,47,27,55,27
17d06h41m-17d09h07m:15,10,30,10,30,18
17d10h06m-17d11h25m:57,30,57,45
17d11h58m-17d14h03m:08,03,08,23,20,23
17d12h30m-17d13h56m:25,45,45,45,45,40
17d18h33m-17d20h04m:15,10,30,10,30,18
17d20h20m-17d20h55m:15,03,22,03,22,08,37,08,37,12
17d22h02m-17d23h08m:50,10,55,10,55,25
17d22h15m-17d22h32m:25,45,45,45,45,40
18d00h34m-18d01h47m:15,10,30,10,30,18
18d00h45m-18d02h30m:10,20,40,20,40,35
18d01h06m-18d02h29m:15,40,27,40
18d01h45m-18d04h51m:25,45,45,45,45,40
18d05h31m-18d06h34m:05,20,05,35
18d06h41m-18d10h10m:42,08,42,15,47,15,47,27,55,27
18d07h11m-18d09h55m:67,37,67,22
18d07h42m-18d11h31m:15,10,30,10,30,18
18d07h52m-18d09h42m:15,40,27,40
18d10h41m-18d12h30m:08,03,08,23,20,23
18d11h24m-18d12h02m:50,10,55,10,55,25
18d11h26m-18d14h35m:08,03,08,23,20,23
18d11h45m-18d12h38m:10,20,40,20,40,35
18d12h50m-18d13h07m:67,37,67,22
18d13h00m-18d13h20m:10,20,40,20,40,35
18d13h30m-18d13h50m:57,30,57,45
18d15h57m-18d17h57m:67,37,67,22
18d16h11m-18d17h47m:17,15,25,15
18d16h33m-18d17h35m:67,37,67,22
18d16h51m-18d17h44m:67,37,67,22
18d16h57m-18d18h25m:15,10,30,10,30,18
18d20h23m-19d00h04m:15,40,27,40
18d20h51m-18d22h54m:25,25,30,25,30,30,35,30
18d21h52m-19d01h12m:17,15,25,15
18d21h59m-19d01h46m:42,08,42,15,47,15,47,27,55,27
18d22h32m-19d01h29m:17,15,25,15
18d23h51m-19d03h51m:10,20,40,20,40,35
18d23h57m-19d00h41m:17,15,25,15
19d01h52m-19d02h27m:15,10,30,10,30,18
19d02h25m-19d02h52m:15,40,27,40
19d04h55m-19d07h46m:67,37,67,22
19d05h03m-19d08h41m:08,03,08,23,20,23
19d06h06m-19d09h43m:42,08,42,15,47,15,47,27,55,27
19d06h49m-19d10h06m:15,10,30,10,30,18
19d06h57m-19d09h22m:50,10,55,10,55,25
19d07h33m-19d10h04m:50,10,55,10,55,25
19d09h49m-19d10h07m:08,03,08,23,20,23
19d11h32m-19d14h38m:25,45,45,45,45,40
19d12h11m-19d14h22m:08,03,08,23,20,23
19d13h07m-19d16h49m:15,25,15,30,20,30,20,35,30,35,30,40
19d13h11m-19d13h57m:15,25,15,30,20,30,20,35,30,35,30,40
19d16h21m-19d17h31m:15,10,30,10,30,18
19d17h44m-19d18h06m:50,10,55,10,55,25
19d19h49m-19d22h14m:50,10,55,10,55,25
19d21h06m-19d23h32m:25,45,45,45,45,40
19d22h48m-20d00h38m:15,10,30,10,30,18
19d23h16m-20d00h15m:25,25,30,25,30,30,35,30
20d02h27m-20d05h51m:25,45,45,45,45,40
20d02h39m-20d06h32m:42,08,42,15,47,15,47,27,55,27
20d02h53m-20d06h12m:17,15,25,15
20d03h39m-20d05h14m:05,20,05,35
20d04h24m-20d07h40m:60,10,60,25
20d04h33m-20d06h04m:10,20,40,20,40,35
20d05h24m-20d08h11m:05,20,05,35
20d07h01m-20d09h50m:15,03,22,03,22,08,37,08,37,12
20d08h18m-20d10h58m:10,20,40,20,40,35
20d09h40m-20d12h07m:10,20,40,20,40,35
20d10h11m-20d11h22m:08,03,08,23,20,23
20d11h27m-20d15h13m:15,03,22,03,22,08,37,08,37,12
20d12h30m-20d13h55m:15,40,27,40
20d14h21m-20d18h16m:08,03,08,23,20,23
20d15h48m-20d18h33m:42,08,42,15,47,15,47,27,55,27
20d16h00m-20d16h41m:05,20,05,35
20d16h34m-20d19h10m:05,20,05,35
20d17h13m-20d19h29m:17,15,25,15
20d18h25m-20d19h41m:05,20,05,35
20d19h29m-20d20h06m:17,15,25,15
20d19h35m-20d21h50m:57,30,57,45
20d20h31m-20d21h32m:50,10,55,10,55,25
21d00h40m-21d02h37m:05,20,05,35
21d02h55m-21d06h23m:15,40,27,40
21d03h24m-21d04h29m:25,45,45,45,45,40
21d03h55m-21d04h20m:67,37,67,22
21d05h46m-21d06h47m:57,30,57,45
21d06h42m-21d10h28m:25,45,45,45,45,40
21d07h41m-21d10h05m:60,10,60,25
21d08h16m-21d10h57m:17,15,25,15
21d08h25m-21d11h43m:60,10,60,25
21d08h45m-21d09h07m:50,10,55,10,55,25
21d08h51m-21d12h07m:60,10,60,25
21d09h14m-21d11h57m:15,25,15,30,20,30,20,35,30,35,30,40
21d09h47m-21d11h19m:60,10,60,25
21d11h23m-21d13h18m:57,30,57,45
21d11h25m-21d12h26m:08,03,08,23,20,23
21d14h19m-21d16h26m:42,08,42,15,47,15,47,27,55,27
21d14h23m-21d16h34m:50,10,55,10,55,25
21d14h25m-21d18h01m:10,20,40,20,40,35
21d14h28m-21d17h56m:15,40,27,40
21d15h24m-21d19h16m:15,25,15,30,20,30,20,35,30,35,30,40
21d16h24m-21d16h44m:67,37,67,22
21d17h13m-21d20h03m:57,30,57,45
21d17h17m-21d20h15m:15,25,15,30,20,30,20,35,30,35,30,40
21d19h28m-21d21h45m:08,03,08,23,20,23
21d21h00m-21d23h01m:50,10,55,10,55,25
21d21h28m-22d01h26m:15,10,30,10,30,18
21d21h59m-22d01h54m:42,08,42,15,47,15,47,27,55,27
21d22h39m-22d01h55m:10,20,40,20,40,35
21d23h23m-22d02h04m:25,25,30,25,30,30,35,30
21d23h45m-22d02h13m:15,03,22,03,22,08,37,08,37,12
22d00h31m-22d02h42m:15,25,15,30,20,30,20,35,30,35,30,40
22d00h43m-22d02h23m:05,20,05,35
22d01h29m-22d04h28m:60,10,60,25
22d02h30m-22d03h04m:17,15,25,15
22d04h06m-22d07h04m:10,20,40,20,40,35
22d05h18m-22d06h07m:15,25,15,30,20,30,20,35,30,35,30,40
22d05h41m-22d09h27m:15,40,27,40
22d06h32m-22d07h26m:42,08,42,15,47,15,47,27,55,27
22d09h29m-22d12h55m:60,10,60,25
22d13h36m-22d17h17m:15,03,22,03,22,08,37,08,37,12
22d14h35m-22d14h55m:42,08,42,15,47,15,47,27,55,27
22d15h59m-22d17h34m:50,10,55,10,55,25
22d16h17m-22d20h00m:15,03,22,03,22,08,37,08,37,12
22d16h54m-22d20h03m:50,10,55,10,55,25
22d17h35m-22d19h03m:15,40,27,40
22d17h42m-22d18h07m:25,45,45,45,45,40
22d18h23m-22d20h48m:42,08,42,15,47,15,47,27,55,27
22d21h59m-22d23h27m:05,20,05,35
23d00h08m-23d02h27m:15,40,27,40
23d04h13m-23d06h20m:17,15,25,15
23d05h12m-23d09h05m:15,25,15,30,20,30,20,35,30,35,30,40
23d05h30m-23d05h52m:17,15,25,15
23d06h03m-23d06h39m:08,03,08,23,20,23
23d06h25m-23d09h08m:15,40,27,40
23d07h17m-23d09h46m:15,10,30,10,30,18
23d07h28m-23d08h37m:60,10,60,25
23d08h44m-23d11h53m:25,25,30,25,30,30,35,30
23d08h55m-23d10h07m:08,03,08,23,20,23
23d09h18m-23d09h33m:67,37,67,22
23d10h55m-23d14h50m:08,03,08,23,20,23
23d11h01m-23d11h47m:25,45,45,45,45,40
23d11h13m-23d12h13m:08,03,08,23,20,23
23d11h42m-23d13h07m:60,10,60,25
23d14h16m-23d16h54m:17,15,25,15
23d14h16m-23d17h42m:15,40,27,40
23d15h05m-23d18h15m:10,20,40,20,40,35
23d16h12m-23d18h56m:42,08,42,15,47,15,47,27,55,27
23d18h44m-23d19h23m:15,10,30,10,30,18
23d19h02m-23d22h01m:57,30,57,45
23d19h37m-23d21h41m:42,08,42,15,47,15,47,27,55,27
23d19h50m-23d21h11m:15,25,15,30,20,30,20,35,30,35,30,40
23d20h11m-24d00h09m:15,10,30,10,30,18
23d20h27m-24d00h20m:17,15,25,15
23d21h34m-24d01h04m:15,40,27,40
23d22h14m-23d23h28m:17,15,25,15
23d22h30m-24d01h40m:15,25,15,30,20,30,20,35,30,35,30,40
23d22h52m-23d23h43m:60,10,60,25
23d23h55m-24d02h37m:05,20,05,35
24d01h32m-24d03h31m:10,20,40,20,40,35
24d01h47m-24d02h23m:08,03,08,23,20,23
24d01h54m-24d04h08m:08,03,08,23,20,23
24d03h40m-24d06h54m:08,03,08,23,20,23
24d03h49m-24d06h47m:50,10,55,10,55,25
24d04h52m-24d06h01m:57,30,57,45
24d06h46m-24d10h40m:67,37,67,22
24d07h18m-24d08h54m:05,20,05,35
24d07h29m-24d09h02m:15,25,15,30,20,30,20,35,30,35,30,40
24d08h26m-24d08h58m:08,03,08,23,20,23
24d10h54m-24d12h53m:57,30,57,45
24d11h29m-24d11h46m:25,45,45,45,45,40
24d13h39m-24d13h59m:50,10,55,10,55,25
24d13h42m-24d17h21m:60,10,60,25
24d14h30m-24d17h25m:67,37,67,22
24d14h48m-24d15h37m:08,03,08,23,20,23
24d15h53m-24d19h36m:08,03,08,23,20,23
24d16h00m-24d17h11m:50,10,55,10,55,25
24d17h25m-24d18h56m:67,37,67,22
24d18h37m-24d21h17m:05,20,05,35
24d18h49m-24d22h21m:60,10,60,25
24d18h54m-24d20h55m:60,10,60,25
24d19h26m-24d20h37m:10,20,40,20,40,35
24d19h48m-24d21h09m:50,10,55,10,55,25
24d20h45m-24d23h10m:10,20,40,20,40,35
24d21h58m-25d00h43m:50,10,55,10,55,25
24d23h02m-25d01h03m:25,45,45,45,45,40
25d00h33m-25d03h56m:15,25,15,30,20,30,20,35,30,35,30,40
25d00h56m-25d03h35m:08,03,08,23,20,23
25d04h26m-25d06h29m:17,15,25,15
25d05h00m-25d08h17m:15,03,22,03,22,08,37,08,37,12
25d06h48m-25d08h09m:15,25,15,30,20,30,20,35,30,35,30,40
25d07h04m-25d10h33m:50,10,55,10,55,25
25d07h56m-25d10h23m:10,20,40,20,40,35
25d09h03m-25d12h11m:25,25,30,25,30,30,35,30
25d09h09m-25d10h21m:15,10,30,10,30,18
25d09h45m-25d11h49m:10,20,40,20,40,35
25d10h54m-25d13h40m:15,10,30,10,30,18
25d11h02m-25d14h51m:25,25,30,25,30,30,35,30
25d11h13m-25d14h10m:25,45,45,45,45,40
25d12h41m-25d15h14m:17,15,25,15
25d13h21m-25d14h05m:57,30,57,45
25d13h44m-25d16h05m:15,03,22,03,22,08,37,08,37,12
25d15h31m-25d16h33m:10,20,40,20,40,35
25d16h21m-25d18h39m:60,10,60,25
25d17h06m-25d17h27m:42,08,42,15,47,15,47,27,55,27
25d18h14m-25d22h00m:15,10,30,10,30,18
25d18h27m-25d21h59m:67,37,67,22
25d18h50m-25d19h38m:50,10,55,10,55,25
25d19h24m-25d22h32m:10,20,40,20,40,35
25d21h23m-25d23h54m:17,15,25,15
25d22h44m-26d00h14m:67,37,67,22
25d22h47m-26d01h58m:57,30,57,45
25d22h57m-26d01h06m:25,25,30,25,30,30,35,30
26d00h33m-26d03h31m:10,20,40,20,40,35
26d00h38m-26d03h21m:25,25,30,25,30,30,35,30
26d01h30m-26d02h12m:15,03,22,03,22,08,37,08,37,12
26d02h11m-26d03h54m:60,10,60,25
26d05h10m-26d06h09m:08,03,08,23,20,23
26d05h53m-26d07h57m:15,40,27,40
26d07h28m-26d09h05m:15,10,30,10,30,18
26d08h39m-26d11h10m:15,10,30,10,30,18
26d08h47m-26d10h57m:25,45,45,45,45,40
26d09h15m-26d12h55m:25,45,45,45,45,40
26d10h58m-26d12h04m:42,08,42,15,47,15,47,27,55,27
26d11h21m-26d12h57m:42,08,42,15,47,15,47,27,55,27
26d12h11m-26d12h44m:15,03,22,03,22,08,37,08,37,12
26d12h48m-26d13h27m:15,40,27,40
26d12h59m-26d14h39m:08,03,08,23,20,23
26d15h22m-26d16h13m:15,10,30,10,30,18
26d15h33m-26d19h01m:05,20,05,35
26d17h52m-26d20h22m:15,25,15,30,20,30,20,35,30,35,30,40
26d19h18m-26d22h13m:15,40,27,40
26d19h34m-26d21h57m:57,30,57,45
26d20h08m-26d23h49m:08,03,08,23,20,23
26d22h33m-27d02h07m:50,10,55,10,55,25
26d23h26m-27d03h04m:67,37,67,22
27d00h58m-27d02h55m:10,20,40,20,40,35
27d01h48m-27d02h13m:17,15,25,15
27d02h14m-27d05h59m:17,15,25,15
27d03h33m-27d06h18m:57,30,57,45
27d04h36m-27d06h46m:25,45,45,45,45,40
27d05h16m-27d05h38m:25,45,45,45,45,40
27d08h49m-27d09h42m:25,45,45,45,45,40
27d11h00m-27d13h46m:50,10,55,10,55,25
27d11h16m-27d13h55m:17,15,25,15
27d11h46m-27d13h52m:25,25,30,25,30,30,35,30
27d12h09m-27d13h23m:10,20,40,20,40,35
27d12h53m-27d14h23m:15,40,27,40
27d13h46m-27d14h38m:50,10,55,10,55,25
27d14h54m-27d18h26m:15,10,30,10,30,18
27d17h20m-27d18h26m:67,37,67,22
27d19h09m-27d22h15m:08,03,08,23,20,23
27d19h25m-27d22h01m:08,03,08,23,20,23
27d20h29m-27d22h05m:57,30,57,45
27d21h52m-27d23h42m:10,20,40,20,40,35
27d22h43m-28d00h37m:60,10,60,25
27d22h55m-27d23h18m:15,10,30,10,30,18
28d00h55m-28d04h35m:15,25,15,30,20,30,20,35,30,35,30,40
28d02h56m-28d04h37m:17,15,25,15
28d05h21m-28d06h11m:15,25,15,30,20,30,20,35,30,35,30,40
28d06h22m-28d10h06m:05,20,05,35
28d11h28m-28d13h19m:42,08,42,15,47,15,47,27,55,27
28d11h46m-28d14h21m:25,45,45,45,45,40
28d14h57m-28d15h13m:57,30,57,45
28d17h19m-28d19h43m:25,45,45,45,45,40
28d20h23m-28d20h48m:57,30,57,45
28d21h24m-28d23h37m:15,40,27,40
28d22h14m-29d01h46m:08,03,08,23,20,23
28d22h21m-29d01h44m:15,25,15,30,20,30,20,35,30,35,30,40
29d02h41m-29d06h12m:15,25,15,30,20,30,20,35,30,35,30,40
29d04h04m-29d04h58m:15,40,27,40
29d06h37m-29d08h04m:60,10,60,25
29d08h24m-29d11h55m:05,20,05,35
29d10h23m-29d11h54m:15,40,27,40
29d11h57m-29d12h14m:57,30,57,45
29d12h29m-29d16h20m:08,03,08,23,20,23
29d14h50m-29d17h44m:15,25,15,30,20,30,20,35,30,35,30,40
29d14h54m-29d15h49m:15,10,30,10,30,18
29d15h28m-29d18h10m:50,10,55,10,55,25
29d17h16m-29d19h59m:25,45,45,45,45,40
29d22h05m-30d01h00m:60,10,60,25
29d23h13m-29d23h57m:10,20,40,20,40,35
29d23h35m-30d02h14m:25,45,45,45,45,40
29d23h42m-30d01h08m:67,37,67,22
29d23h49m-30d03h16m:25,25,30,25,30,30,35,30
30d00h23m-30d01h18m:08,03,08,23,20,23
30d01h50m-30d04h32m:15,10,30,10,30,18
30d03h47m-30d06h16m:25,45,45,45,45,40
30d06h20m-30d06h50m:42,08,42,15,47,15,47,27,55,27
30d06h30m-30d09h50m:15,40,27,40
30d07h00m-30d07h45m:08,03,08,23,20,23
30d08h17m-30d12h13m:15,25,15,30,20,30,20,35,30,35,30,40
30d08h31m-30d12h26m:15,03,22,03,22,08,37,08,37,12
30d09h25m-30d12h31m:10,20,40,20,40,35
30d12h00m-30d14h10m:10,20,40,20,40,35
30d13h21m-30d14h56m:17,15,25,15
30d13h22m-30d14h29m:50,10,55,10,55,25
30d13h27m-30d15h42m:15,40,27,40
30d15h20m-30d19h06m:67,37,67,22
30d21h01m-30d22h44m:60,10,60,25
30d21h24m-30d21h42m:10,20,40,20,40,35
30d23h09m-31d01h22m:67,37,67,22
30d23h16m-31d00h03m:60,10,60,25
31d01h56m-31d05h43m:15,40,27,40
31d02h39m-31d05h40m:50,10,55,10,55,25
31d02h55m-31d04h15m:57,30,57,45
31d03h08m-31d04h01m:15,10,30,10,30,18
31d04h29m-31d07h44m:10,20,40,20,40,35
31d04h59m-31d06h43m:57,30,57,45
31d05h44m-31d06h14m:42,08,42,15,47,15,47,27,55,27
31d06h17m-31d07h46m:42,08,42,15,47,15,47,27,55,27
31d08h32m-31d11h33m:67,37,67,22
31d08h45m-31d09h44m:17,15,25,15
31d09h25m-31d10h58m:15,25,15,30,20,30,20,35,30,35,30,40
31d09h26m-31d13h08m:25,45,45,45,45,40
31d11h11m-31d13h39m:25,45,45,45,45,40
31d11h19m-31d11h39m:67,37,67,22
31d12h57m-31d14h56m:10,20,40,20,40,35
31d13h17m-31d17h01m:67,37,67,22
31d14h43m-31d17h32m:67,37,67,22
31d15h18m-31d16h17m:15,40,27,40
31d15h48m-31d17h05m:25,25,30,25,30,30,35,30
31d15h56m-31d19h54m:25,45,45,45,45,40
31d16h32m-31d19h26m:15,25,15,30,20,30,20,35,30,35,30,40
31d16h58m-31d20h34m:15,10,30,10,30,18
31d17h22m-31d20h27m:17,15,25,15
31d17h44m-31d18h56m:15,10,30,10,30,18
31d18h39m-31d22h39m:57,30,57,45
31d20h54m-31d23h59m:50,10,55,10,55,25
31d21h35m-31d23h59m:60,10,60,25
31d23h29m-31d23h59m:05,20,05,35
