01d00h26m-01d01h41m:15,10,30,10,30,18
01d00h46m-01d01h53m:15,10,30,10,30,18
01d01h45m-01d02h26m:08,03,08,23,20,23
01d02h15m-01d04h30m:57,30,57,45
01d02h21m-01d06h12m:50,10,55,10,55,25
01d03h30m-01d04h50m:15,25,15,30,20,30,20,35,30,35,30,40
01d04h58m-01d05h24m:17,15,25,15
01d06h09m-01d09h24m:42,08,42,15,47,15,47,27,55,27
01d06h19m-01d07h46m:67,37,67,22
01d07h31m-01d08h22m:15,40,27,40
01d11h24m-01d13h03m:05,20,05,35
01d11h52m-01d15h19m:05,20,05,35
01d13h07m-01d14h10m:50,10,55,10,55,25
01d13h35m-01d14h20m:05,20,05,35
01d14h09m-01d17h43m:25,25,30,25,30,30,35,30
01d14h54m-01d15h23m:15,10,30,10,30,18
01d17h21m-01d21h08m:17,15,25,15
01d17h23m-01d19h13m:57,30,57,45
01d19h18m-01d21h39m:15,25,15,30,20,30,20,35,30,35,30,40
01d21h04m-02d00h39m:15,10,30,10,30,18
02d01h32m-02d02h36m:15,10,30,10,30,18
02d01h33m-02d03h19m:25,25,30,25,30,30,35,30
02d01h48m-02d04h00m:15,40,27,40
02d02h04m-02d03h24m:17,15,25,15
02d02h56m-02d05h25m:42,08,42,15,47,15,47,27,55,27
02d06h07m-02d06h39m:10,20,40,20,40,35
02d06h08m-02d09h11m:10,20,40,20,40,35
02d07h10m-02d09h55m:15,10,30,10,30,18
02d07h31m-02d10h21m:08,03,08,23,20,23
02d07h41m-02d08h57m:15,10,30,10,30,18
02d08h02m-02d10h49m:10,20,40,20,40,35
02d08h19m-02d09h34m:17,15,25,15
02d09h16m-02d10h37m:50,10,55,10,55,25
02d10h29m-02d11h52m:10,20,40,20,40,35
02d11h25m-02d13h35m:57,30,57,45
02d12h38m-02d15h49m:10,20,40,20,40,35
02d16h14m-02d18h05m:50,10,55,10,55,25
02d16h25m-02d18h51m:15,25,15,30,20,30,20,35,30,35,30,40
02d17h10m-02d20h46m:10,20,40,20,40,35
02d17h29m-02d20h34m:08,03,08,23,20,23
02d17h50m-02d20h41m:10,20,40,20,40,35
02d18h00m-02d21h13m:50,10,55,10,55,25
02d20h27m-03d00h11m:25,45,45,45,45,40
02d21h04m-02d22h05m:25,45,45,45,45,40
03d00h41m-03d04h08m:15,03,22,03,22,08,37,08,37,12
03d01h35m-03d03h13m:10,20,40,20,40,35
03d03h29m-03d05h54m:17,15,25,15
03d05h38m-03d08h12m:15,25,15,30,20,30,20,35,30,35,30,40
03d06h33m-03d10h20m:25,25,30,25,30,30,35,30
03d06h50m-03d08h14m:60,10,60,25
03d07h26m-03d11h10m:05,20,05,35
03d08h19m-03d09h15m:15,03,22,03,22,08,37,08,37,12
03d08h34m-03d10h00m:67,37,67,22
03d10h11m-03d12h20m:50,10,55,10,55,25
03d13h34m-03d17h23m:17,15,25,15
03d14h23m-03d17h21m:57,30,57,45
03d20h36m-03d21h52m:17,15,25,15
03d22h09m-03d23h27m:08,03,08,23,20,23
03d22h16m-04d00h42m:15,25,15,30,20,30,20,35,30,35,30,40
04d00h38m-04d02h40m:50,10,55,10,55,25
04d02h35m-04d03h25m:15,10,30,10,30,18
04d04h54m-04d05h51m:15,10,30,10,30,18
04d08h26m-04d10h32m:05,20,05,35
04d09h36m-04d11h26m:17,15,25,15
04d10h06m-04d12h23m:57,30,57,45
04d10h18m-04d13h21m:08,03,08,23,20,23
04d13h49m-04d15h47m:50,10,55,10,55,25
04d13h59m-04d16h26m:25,45,45,45,45,40
04d14h34m-04d15h28m:17,15,25,15
04d14h51m-04d15h07m:25,45,45,45,45,40
04d16h11m-04d19h00m:05,20,05,35
04d17h37m-04d20h27m:05,20,05,35
04d17h46m-04d19h08m:50,10,55,10,55,25
04d17h53m-04d21h05m:42,08,42,15,47,15,47,27,55,27
04d18h41m-04d20h43m:15,25,15,30,20,30,20,35,30,35,30,40
04d19h54m-04d23h43m:50,10,55,10,55,25
04d20h00m-04d21h13m:50,10,55,10,55,25
04d20h04m-04d21h50m:08,03,08,23,20,23
04d20h37m-04d21h56m:05,20,05,35
04d21h49m-05d00h29m:42,08,42,15,47,15,47,27,55,27
04d21h53m-04d22h09m:17,15,25,15
05d00h41m-05d03h38m:15,03,22,03,22,08,37,08,37,12
05d00h58m-05d01h13m:25,25,30,25,30,30,35,30
05d02h47m-05d06h39m:25,25,30,25,30,30,35,30
05d07h06m-05d08h00m:25,25,30,25,30,30,35,30
05d07h17m-05d09h19m:67,37,67,22
05d07h50m-05d08h34m:05,20,05,35
05d09h53m-05d10h16m:17,15,25,15
05d10h33m-05d10h55m:67,37,67,22
05d11h45m-05d13h06m:42,08,42,15,47,15,47,27,55,27
05d12h13m-05d16h12m:25,45,45,45,45,40
05d13h42m-05d16h04m:67,37,67,22
05d14h39m-05d18h00m:15,40,27,40
05d15h07m-05d17h02m:15,10,30,10,30,18
05d15h49m-05d19h06m:15,03,22,03,22,08,37,08,37,12
05d15h50m-05d18h49m:05,20,05,35
05d18h45m-05d20h23m:15,10,30,10,30,18
05d20h42m-05d22h44m:15,10,30,10,30,18
05d22h22m-06d01h03m:50,10,55,10,55,25
05d22h35m-06d00h26m:15,40,27,40
05d23h16m-06d00h07m:15,03,22,03,22,08,37,08,37,12
06d00h56m-06d03h16m:08,03,08,23,20,23
06d07h14m-06d11h03m:15,03,22,03,22,08,37,08,37,12
06d07h18m-06d09h36m:15,40,27,40
06d07h21m-06d09h50m:08,03,08,23,20,23
06d07h39m-06d11h01m:15,25,15,30,20,30,20,35,30,35,30,40
06d12h46m-06d15h39m:60,10,60,25
06d14h14m-06d16h00m:15,10,30,10,30,18
06d16h35m-06d18h13m:10,20,40,20,40,35
06d19h03m-06d22h02m:15,25,15,30,20,30,20,35,30,35,30,40
06d19h27m-06d21h41m:05,20,05,35
06d20h42m-06d21h40m:05,20,05,35
06d21h18m-06d23h54m:15,40,27,40
06d23h58m-07d01h00m:15,03,22,03,22,08,37,08,37,12
07d00h19m-07d03h51m:08,03,08,23,20,23
07d00h23m-07d01h56m:15,40,27,40
07d00h25m-07d03h54m:42,08,42,15,47,15,47,27,55,27
07d00h57m-07d03h37m:25,25,30,25,30,30,35,30
07d01h45m-07d02h09m:67,37,67,22
07d03h09m-07d06h32m:60,10,60,25
07d03h33m-07d06h42m:15,03,22,03,22,08,37,08,37,12
07d04h37m-07d05h29m:05,20,05,35
07d07h34m-07d08h45m:15,40,27,40
07d11h08m-07d14h18m:67,37,67,22
07d13h26m-07d17h16m:10,20,40,20,40,35
07d14h34m-07d15h21m:60,10,60,25
07d14h45m-07d15h59m:50,10,55,10,55,25
07d20h00m-07d22h40m:50,10,55,10,55,25
07d21h32m-08d00h32m:57,30,57,45
07d21h36m-07d22h33m:15,03,22,03,22,08,37,08,37,12
07d21h50m-07d23h04m:05,20,05,35
07d22h16m-08d01h59m:15,10,30,10,30,18
07d22h30m-08d00h32m:15,25,15,30,20,30,20,35,30,35,30,40
07d23h28m-08d02h23m:42,08,42,15,47,15,47,27,55,27
08d01h13m-08d02h18m:25,45,45,45,45,40
08d01h35m-08d01h52m:42,08,42,15,47,15,47,27,55,27
08d06h01m-08d09h32m:57,30,57,45
08d06h56m-08d09h39m:10,20,40,20,40,35
08d07h56m-08d08h35m:15,40,27,40
08d14h43m-08d17h38m:50,10,55,10,55,25
08d16h02m-08d16h31m:15,25,15,30,20,30,20,35,30,35,30,40
08d16h11m-08d17h27m:10,20,40,20,40,35
08d16h18m-08d17h55m:17,15,25,15
08d18h18m-08d18h39m:15,10,30,10,30,18
08d22h43m-09d02h30m:67,37,67,22
08d23h41m-09d02h50m:10,20,40,20,40,35
09d04h39m-09d06h46m:10,20,40,20,40,35
09d05h01m-09d07h57m:15,40,27,40
09d05h16m-09d06h41m:15,25,15,30,20,30,20,35,30,35,30,40
09d05h28m-09d08h10m:25,45,45,45,45,40
09d06h59m-09d09h32m:05,20,05,35
09d07h00m-09d10h41m:67,37,67,22
09d10h57m-09d14h12m:42,08,42,15,47,15,47,27,55,27
09d11h06m-09d12h10m:15,10,30,10,30,18
09d12h01m-09d12h30m:67,37,67,22
09d14h20m-09d16h37m:15,03,22,03,22,08,37,08,37,12
09d16h52m-09d18h19m:17,15,25,15
09d17h11m-09d19h47m:08,03,08,23,20,23
09d18h40m-09d21h57m:57,30,57,45
09d18h45m-09d19h02m:25,45,45,45,45,40
09d19h27m-09d21h06m:57,30,57,45
09d19h48m-09d20h21m:57,30,57,45
09d23h01m-10d01h17m:15,25,15,30,20,30,20,35,30,35,30,40
10d00h14m-10d02h44m:17,15,25,15
10d01h11m-10d03h41m:25,45,45,45,45,40
10d01h25m-10d05h04m:67,37,67,22
10d02h54m-10d06h26m:08,03,08,23,20,23
10d05h22m-10d05h41m:25,45,45,45,45,40
10d06h09m-10d07h16m:60,10,60,25
10d06h13m-10d07h28m:50,10,55,10,55,25
10d09h19m-10d09h47m:05,20,05,35
10d11h01m-10d13h47m:15,03,22,03,22,08,37,08,37,12
10d11h31m-10d12h11m:15,25,15,30,20,30,20,35,30,35,30,40
10d12h11m-10d13h43m:57,30,57,45
10d12h33m-10d15h37m:57,30,57,45
10d14h03m-10d17h55m:15,25,15,30,20,30,20,35,30,35,30,40
10d14h09m-10d17h20m:60,10,60,25
10d14h28m-10d15h52m:60,10,60,25
10d14h43m-10d17h44m:25,45,45,45,45,40
10d15h45m-10d18h21m:60,10,60,25
10d16h02m-10d19h22m:15,03,22,03,22,08,37,08,37,12
10d17h12m-10d20h45m:15,03,22,03,22,08,37,08,37,12
10d17h16m-10d20h51m:15,25,15,30,20,30,20,35,30,35,30,40
10d18h09m-10d21h30m:17,15,25,15
10d21h23m-10d21h56m:25,45,45,45,45,40
10d23h32m-11d01h21m:25,25,30,25,30,30,35,30
10d23h46m-11d02h58m:25,25,30,25,30,30,35,30
11d00h26m-11d02h10m:60,10,60,25
11d00h59m-11d03h41m:10,20,40,20,40,35
11d01h08m-11d04h20m:08,03,08,23,20,23
11d01h27m-11d02h35m:15,10,30,10,30,18
11d02h43m-11d04h23m:57,30,57,45
11d02h47m-11d05h12m:67,37,67,22
11d03h31m-11d06h14m:50,10,55,10,55,25
11d03h35m-11d05h02m:15,40,27,40
11d03h42m-11d06h50m:17,15,25,15
11d04h27m-11d05h14m:17,15,25,15
11d05h07m-11d07h54m:50,10,55,10,55,25
11d05h50m-11d08h57m:15,40,27,40
11d06h06m-11d08h10m:60,10,60,25
11d08h03m-11d11h36m:57,30,57,45
11d09h14m-11d11h06m:15,10,30,10,30,18
11d10h37m-11d14h29m:42,08,42,15,47,15,47,27,55,27
11d11h45m-11d12h59m:50,10,55,10,55,25
11d13h56m-11d14h58m:08,03,08,23,20,23
11d14h14m-11d15h52m:05,20,05,35
11d14h59m-11d15h36m:25,25,30,25,30,30,35,30
11d15h10m-11d18h57m:08,03,08,23,20,23
11d15h16m-11d18h40m:15,03,22,03,22,08,37,08,37,12
11d16h08m-11d19h41m:67,37,67,22
11d17h16m-11d19h40m:50,10,55,10,55,25
11d20h02m-11d20h47m:15,10,30,10,30,18
11d20h47m-11d22h25m:15,10,30,10,30,18
11d22h06m-12d02h01m:15,10,30,10,30,18
11d22h36m-12d01h01m:15,10,30,10,30,18
11d22h55m-12d02h55m:15,03,22,03,22,08,37,08,37,12
12d05h17m-12d08h06m:15,40,27,40
12d06h26m-12d06h52m:17,15,25,15
12d08h04m-12d09h45m:60,10,60,25
12d09h43m-12d09h59m:08,03,08,23,20,23
12d10h29m-12d13h56m:15,40,27,40
12d14h09m-12d16h45m:05,20,05,35
12d15h38m-12d18h23m:15,25,15,30,20,30,20,35,30,35,30,40
12d17h14m-12d18h29m:57,30,57,45
12d17h21m-12d21h01m:15,40,27,40
12d18h14m-12d18h36m:08,03,08,23,20,23
12d20h24m-12d20h41m:67,37,67,22
12d20h52m-12d23h13m:42,08,42,15,47,15,47,27,55,27
12d21h03m-12d22h32m:50,10,55,10,55,25
12d23h23m-13d00h28m:15,25,15,30,20,30,20,35,30,35,30,40
12d23h23m-13d02h50m:25,25,30,25,30,30,35,30
13d01h20m-13d02h30m:15,25,15,30,20,30,20,35,30,35,30,40
13d03h35m-13d06h19m:25,25,30,25,30,30,35,30
13d06h44m-13d08h41m:15,25,15,30,20,30,20,35,30,35,30,40
13d06h53m-13d07h46m:15,25,15,30,20,30,20,35,30,35,30,40
13d07h19m-13d11h03m:10,20,40,20,40,35
13d08h01m-13d09h50m:60,10,60,25
13d10h15m-13d12h44m:15,03,22,03,22,08,37,08,37,12
13d10h44m-13d13h47m:10,20,40,20,40,35
13d11h40m-13d11h55m:57,30,57,45
13d17h25m-13d19h16m:60,10,60,25
13d18h09m-13d18h24m:15,25,15,30,20,30,20,35,30,35,30,40
13d19h32m-13d21h03m:15,40,27,40
13d23h01m-14d01h31m:50,10,55,10,55,25
13d23h52m-14d02h20m:08,03,08,23,20,23
14d00h27m-14d02h10m:67,37,67,22
14d02h38m-14d03h52m:17,15,25,15
14d04h42m-14d05h07m:42,08,42,15,47,15,47,27,55,27
14d07h43m-14d10h06m:50,10,55,10,55,25
14d08h22m-14d09h01m:17,15,25,15
14d09h17m-14d12h25m:05,20,05,35
14d11h41m-14d13h57m:60,10,60,25
14d12h32m-14d15h20m:10,20,40,20,40,35
14d16h24m-14d19h25m:15,10,30,10,30,18
14d16h54m-14d18h40m:15,25,15,30,20,30,20,35,30,35,30,40
14d17h22m-14d19h00m:05,20,05,35
14d18h10m-14d22h08m:50,10,55,10,55,25
14d18h35m-14d21h10m:57,30,57,45
14d18h44m-14d21h49m:17,15,25,15
14d22h45m-14d23h24m:17,15,25,15
14d23h36m-15d00h53m:25,45,45,45,45,40
15d01h09m-15d04h43m:15,25,15,30,20,30,20,35,30,35,30,40
15d01h31m-15d04h40m:08,03,08,23,20,23
15d01h39m-15d04h46m:17,15,25,15
15d02h19m-15d06h05m:25,45,45,45,45,40
15d02h21m-15d04h18m:15,40,27,40
15d02h22m-15d05h03m:57,30,57,45
15d04h15m-15d05h45m:60,10,60,25
15d05h08m-15d06h20m:15,10,30,10,30,18
15d05h41m-15d06h12m:15,40,27,40
15d11h20m-15d12h12m:60,10,60,25
15d13h56m-15d17h41m:15,40,27,40
15d15h13m-15d19h10m:15,40,27,40
15d15h43m-15d16h55m:25,25,30,25,30,30,35,30
15d15h46m-15d19h06m:60,10,60,25
16d00h41m-16d01h40m:15,10,30,10,30,18
16d01h20m-16d05h02m:10,20,40,20,40,35
16d01h29m-16d03h05m:17,15,25,15
16d01h43m-16d02h33m:15,10,30,10,30,18
16d02h02m-16d03h56m:15,10,30,10,30,18
16d02h15m-16d03h51m:10,20,40,20,40,35
16d03h15m-16d05h09m:17,15,25,15
16d03h28m-16d05h01m:10,20,40,20,40,35
16d05h26m-16d06h51m:15,40,27,40
16d06h08m-16d06h41m:17,15,25,15
16d06h33m-16d07h03m:42,08,42,15,47,15,47,27,55,27
16d08h37m-16d09h28m:15,40,27,40
16d09h13m-16d10h40m:25,25,30,25,30,30,35,30
16d09h47m-16d12h41m:25,25,30,25,30,30,35,30
16d11h46m-16d14h13m:15,03,22,03,22,08,37,08,37,12
16d11h50m-16d12h33m:60,10,60,25
16d12h20m-16d14h02m:60,10,60,25
16d13h09m-16d14h06m:15,40,27,40
16d13h45m-16d16h34m:08,03,08,23,20,23
16d15h47m-16d16h20m:17,15,25,15
16d18h00m-16d21h57m:50,10,55,10,55,25
16d18h09m-16d20h02m:15,25,15,30,20,30,20,35,30,35,30,40
16d20h14m-16d22h58m:42,08,42,15,47,15,47,27,55,27
16d20h28m-16d23h53m:57,30,57,45
16d21h20m-17d01h04m:42,08,42,15,47,15,47,27,55,27
16d21h26m-16d23h48m:67,37,67,22
16d21h53m-16d23h27m:15,25,15,30,20,30,20,35,30,35,30,40
16d23h02m-17d00h39m:42,08,42,15,47,15,47,27,55,27
17d01h34m-17d05h06m:10,20,40,20,40,35
17d02h30m-17d04h19m:10,20,40,20,40,35
17d02h39m-17d05h14m:50,10,55,10,55,25
17d02h41m-17d04h00m:50,10,55,10,55,25
17d05h53m-17d08h05m:15,25,15,30,20,30,20,35,30,35,30,40
17d06h55m-17d08h35m:15,25,15,30,20,30,20,35,30,35,30,40
17d09h09m-17d10h40m:60,10,60,25
17d11h13m-17d13h02m:25,45,45,45,45,40
17d13h07m-17d16h00m:15,25,15,30,20,30,20,35,30,35,30,40
17d13h42m-17d17h08m:67,37,67,22
17d13h56m-17d14h39m:57,30,57,45
17d14h38m-17d17h47m:50,10,55,10,55,25
17d18h23m-17d21h41m:42,08,42,15,47,15,47,27,55,27
17d19h05m-17d22h21m:42,08,42,15,47,15,47,27,55,27
17d19h10m-17d21h09m:15,03,22,03,22,08,37,08,37,12
17d20h06m-17d20h37m:15,40,27,40
17d21h14m-18d00h50m:57,30,57,45
17d21h39m-18d00h51m:67,37,67,22
17d21h51m-17d23h37m:15,03,22,03,22,08,37,08,37,12
17d22h29m-18d02h16m:10,20,40,20,40,35
17d23h22m-18d02h14m:15,40,27,40
17d23h26m-18d00h00m:17,15,25,15
17d23h44m-18d01h12m:15,10,30,10,30,18
18d01h19m-18d02h04m:15,03,22,03,22,08,37,08,37,12
18d01h43m-18d05h21m:17,15,25,15
18d03h26m-18d04h23m:15,03,22,03,22,08,37,08,37,12
18d03h39m-18d06h36m:15,10,30,10,30,18
18d03h52m-18d05h52m:15,25,15,30,20,30,20,35,30,35,30,40
18d04h33m-18d06h09m:15,10,30,10,30,18
18d04h46m-18d05h52m:15,25,15,30,20,30,20,35,30,35,30,40
18d04h48m-18d07h58m:42,08,42,15,47,15,47,27,55,27
18d05h37m-18d07h37m:57,30,57,45
18d06h11m-18d08h54m:17,15,25,15
18d07h44m-18d09h40m:17,15,25,15
18d10h09m-18d11h54m:67,37,67,22
18d12h21m-18d14h07m:15,03,22,03,22,08,37,08,37,12
18d14h17m-18d18h12m:05,20,05,35
18d15h09m-18d18h24m:17,15,25,15
18d16h56m-18d18h23m:67,37,67,22
18d17h36m-18d18h24m:67,37,67,22
18d17h45m-18d19h18m:25,45,45,45,45,40
18d18h02m-18d21h43m:10,20,40,20,40,35
18d22h24m-19d00h07m:15,10,30,10,30,18
18d23h47m-19d02h17m:15,10,30,10,30,18
19d00h39m-19d01h52m:05,20,05,35
19d00h39m-19d03h51m:10,20,40,20,40,35
19d01h12m-19d01h47m:42,08,42,15,47,15,47,27,55,27
19d01h31m-19d01h49m:10,20,40,20,40,35
19d01h49m-19d04h18m:08,03,08,23,20,23
19d03h32m-19d04h22m:67,37,67,22
19d04h37m-19d07h40m:57,30,57,45
19d04h59m-19d05h39m:50,10,55,10,55,25
19d05h21m-19d08h15m:17,15,25,15
19d05h38m-19d09h29m:17,15,25,15
19d06h21m-19d08h01m:05,20,05,35
19d08h56m-19d09h28m:15,10,30,10,30,18
19d10h58m-19d12h51m:60,10,60,25
19d12h18m-19d16h15m:10,20,40,20,40,35
19d13h33m-19d15h14m:50,10,55,10,55,25
19d13h41m-19d15h03m:05,20,05,35
19d16h13m-19d17h52m:10,20,40,20,40,35
19d19h59m-19d23h50m:15,03,22,03,22,08,37,08,37,12
19d21h54m-20d00h25m:25,45,45,45,45,40
19d22h46m-20d01h13m:05,20,05,35
19d22h52m-20d00h58m:15,25,15,30,20,30,20,35,30,35,30,40
20d00h42m-20d03h30m:57,30,57,45
20d01h06m-20d03h18m:67,37,67,22
20d02h19m-20d05h41m:15,10,30,10,30,18
20d02h19m-20d06h06m:25,45,45,45,45,40
20d03h07m-20d04h31m:15,25,15,30,20,30,20,35,30,35,30,40
20d04h00m-20d05h31m:42,08,42,15,47,15,47,27,55,27
20d04h01m-20d06h35m:25,45,45,45,45,40
20d05h09m-20d07h49m:25,45,45,45,45,40
20d06h05m-20d09h33m:25,45,45,45,45,40
20d06h11m-20d06h47m:15,03,22,03,22,08,37,08,37,12
20d07h01m-20d10h07m:15,10,30,10,30,18
20d07h44m-20d09h33m:60,10,60,25
20d10h18m-20d10h36m:67,37,67,22
20d10h51m-20d11h25m:25,45,45,45,45,40
20d11h09m-20d13h04m:15,03,22,03,22,08,37,08,37,12
20d11h33m-20d14h17m:08,03,08,23,20,23
20d11h45m-20d12h28m:05,20,05,35
20d12h55m-20d15h11m:60,10,60,25
20d15h45m-20d17h01m:42,08,42,15,47,15,47,27,55,27
20d16h27m-20d19h42m:15,40,27,40
20d18h11m-20d19h31m:25,25,30,25,30,30,35,30
20d19h43m-20d21h10m:50,10,55,10,55,25
20d21h21m-21d01h10m:60,10,60,25
20d22h22m-21d00h51m:15,25,15,30,20,30,20,35,30,35,30,40
20d22h38m-21d01h15m:25,45,45,45,45,40
20d23h40m-21d02h11m:50,10,55,10,55,25
21d05h24m-21d08h05m:57,30,57,45
21d06h26m-21d08h29m:15,40,27,40
21d06h47m-21d08h22m:50,10,55,10,55,25
21d07h46m-21d10h31m:67,37,67,22
21d08h23m-21d09h46m:08,03,08,23,20,23
21d08h49m-21d12h46m:60,10,60,25
21d10h40m-21d13h09m:67,37,67,22
21d12h29m-21d15h24m:10,20,40,20,40,35
21d12h32m-21d14h35m:50,10,55,10,55,25
21d14h24m-21d14h44m:57,30,57,45
21d14h32m-21d17h25m:15,03,22,03,22,08,37,08,37,12
21d14h44m-21d17h48m:60,10,60,25
21d16h01m-21d19h49m:67,37,67,22
21d17h59m-21d18h29m:15,25,15,30,20,30,20,35,30,35,30,40
21d18h00m-21d19h34m:15,03,22,03,22,08,37,08,37,12
21d18h36m-21d22h14m:10,20,40,20,40,35
21d18h49m-21d20h02m:50,10,55,10,55,25
21d21h09m-22d00h15m:25,25,30,25,30,30,35,30
21d21h14m-22d00h34m:15,40,27,40
21d23h29m-22d01h57m:42,08,42,15,47,15,47,27,55,27
22d01h48m-22d02h19m:10,20,40,20,40,35
22d02h10m-22d05h54m:05,20,05,35
22d02h11m-22d03h15m:25,45,45,45,45,40
22d02h25m-22d05h23m:25,45,45,45,45,40
22d02h51m-22d06h29m:60,10,60,25
22d03h02m-22d05h21m:25,45,45,45,45,40
22d03h26m-22d05h28m:57,30,57,45
22d03h39m-22d06h15m:15,40,27,40
22d03h43m-22d04h21m:08,03,08,23,20,23
22d04h35m-22d06h16m:15,10,30,10,30,18
22d04h47m-22d05h12m:67,37,67,22
22d05h23m-22d08h16m:42,08,42,15,47,15,47,27,55,27
22d06h15m-22d08h35m:08,03,08,23,20,23
22d08h45m-22d11h30m:15,10,30,10,30,18
22d09h44m-22d10h06m:15,25,15,30,20,30,20,35,30,35,30,40
22d10h21m-22d12h43m:05,20,05,35
22d11h22m-22d14h18m:15,40,27,40
22d11h28m-22d12h54m:15,10,30,10,30,18
22d16h29m-22d18h32m:57,30,57,45
22d16h45m-22d18h47m:25,25,30,25,30,30,35,30
22d18h17m-22d22h02m:17,15,25,15
22d18h33m-22d19h45m:42,08,42,15,47,15,47,27,55,27
22d19h39m-22d21h21m:15,03,22,03,22,08,37,08,37,12
22d20h44m-22d23h14m:67,37,67,22
22d21h23m-22d22h26m:15,10,30,10,30,18
22d21h28m-23d00h09m:05,20,05,35
22d21h29m-22d22h55m:25,25,30,25,30,30,35,30
22d23h39m-23d03h21m:17,15,25,15
23d00h42m-23d04h24m:25,45,45,45,45,40
23d02h32m-23d03h18m:15,10,30,10,30,18
23d02h41m-23d05h15m:15,25,15,30,20,30,20,35,30,35,30,40
23d02h56m-23d03h28m:08,03,08,23,20,23
23d03h17m-23d05h15m:50,10,55,10,55,25
23d04h21m-23d05h47m:67,37,67,22
23d05h03m-23d06h35m:17,15,25,15
23d05h04m-23d07h37m:15,03,22,03,22,08,37,08,37,12
23d08h28m-23d10h48m:15,03,22,03,22,08,37,08,37,12
23d08h50m-23d12h20m:15,40,27,40
23d09h36m-23d12h25m:25,45,45,45,45,40
23d09h59m-23d11h21m:10,20,40,20,40,35
23d10h00m-23d10h34m:15,10,30,10,30,18
23d10h05m-23d12h58m:15,25,15,30,20,30,20,35,30,35,30,40
23d10h31m-23d11h58m:15,40,27,40
23d11h24m-23d11h49m:15,40,27,40
23d11h35m-23d12h27m:15,03,22,03,22,08,37,08,37,12
23d14h24m-23d14h53m:60,10,60,25
23d15h48m-23d18h20m:42,08,42,15,47,15,47,27,55,27
23d16h02m-23d17h48m:50,10,55,10,55,25
23d17h57m-23d19h12m:15,40,27,40
23d18h10m-23d20h16m:42,08,42,15,47,15,47,27,55,27
23d18h33m-23d22h08m:10,20,40,20,40,35
23d19h36m-23d22h13m:42,08,42,15,47,15,47,27,55,27
23d21h05m-24d00h32m:10,20,40,20,40,35
23d21h27m-23d22h56m:17,15,25,15
23d21h54m-23d22h43m:15,03,22,03,22,08,37,08,37,12
23d22h32m-24d02h15m:15,40,27,40
23d23h09m-24d01h20m:50,10,55,10,55,25
24d01h13m-24d01h41m:42,08,42,15,47,15,47,27,55,27
24d03h37m-24d04h23m:10,20,40,20,40,35
24d09h59m-24d10h42m:60,10,60,25
24d12h49m-24d16h03m:42,08,42,15,47,15,47,27,55,27
24d13h20m-24d14h10m:50,10,55,10,55,25
24d15h26m-24d19h10m:25,45,45,45,45,40
24d18h38m-24d19h23m:10,20,40,20,40,35
24d19h13m-24d21h16m:57,30,57,45
24d20h47m-24d22h24m:25,45,45,45,45,40
24d23h48m-25d03h15m:42,08,42,15,47,15,47,27,55,27
25d00h22m-25d02h47m:15,03,22,03,22,08,37,08,37,12
25d00h30m-25d04h27m:25,45,45,45,45,40
25d04h58m-25d08h56m:05,20,05,35
25d05h40m-25d07h51m:25,25,30,25,30,30,35,30
25d06h32m-25d07h16m:25,45,45,45,45,40
25d08h24m-25d11h11m:15,03,22,03,22,08,37,08,37,12
25d09h43m-25d11h33m:42,08,42,15,47,15,47,27,55,27
25d10h04m-25d13h11m:42,08,42,15,47,15,47,27,55,27
25d12h18m-25d14h42m:25,45,45,45,45,40
25d12h39m-25d16h01m:57,30,57,45
25d13h07m-25d16h42m:25,25,30,25,30,30,35,30
25d13h11m-25d14h10m:15,03,22,03,22,08,37,08,37,12
25d14h01m-25d16h43m:67,37,67,22
25d14h44m-25d18h38m:67,37,67,22
25d14h46m-25d18h11m:15,40,27,40
25d15h20m-25d17h04m:10,20,40,20,40,35
25d15h37m-25d15h54m:25,25,30,25,30,30,35,30
25d17h57m-25d21h50m:15,10,30,10,30,18
25d18h25m-25d22h12m:15,40,27,40
25d18h28m-25d21h39m:42,08,42,15,47,15,47,27,55,27
25d19h06m-25d20h13m:25,45,45,45,45,40
26d00h00m-26d02h34m:25,25,30,25,30,30,35,30
26d00h29m-26d02h01m:08,03,08,23,20,23
26d00h36m-26d02h09m:25,45,45,45,45,40
26d00h41m-26d02h31m:17,15,25,15
26d01h46m-26d04h06m:25,45,45,45,45,40
26d04h06m-26d07h48m:15,40,27,40
26d04h31m-26d07h02m:25,25,30,25,30,30,35,30
26d06h16m-26d07h21m:25,25,30,25,30,30,35,30
26d06h31m-26d08h11m:08,03,08,23,20,23
26d06h37m-26d08h53m:15,40,27,40
26d07h07m-26d08h20m:57,30,57,45
26d07h41m-26d10h24m:50,10,55,10,55,25
26d08h40m-26d09h14m:50,10,55,10,55,25
26d09h18m-26d09h54m:42,08,42,15,47,15,47,27,55,27
26d10h57m-26d14h16m:05,20,05,35
26d10h58m-26d12h17m:67,37,67,22
26d15h19m-26d16h55m:17,15,25,15
26d15h25m-26d18h31m:67,37,67,22
26d16h21m-26d16h47m:15,25,15,30,20,30,20,35,30,35,30,40
26d17h37m-26d20h12m:42,08,42,15,47,15,47,27,55,27
26d18h19m-26d18h34m:08,03,08,23,20,23
26d18h50m-26d19h18m:67,37,67,22
26d19h10m-26d21h44m:15,03,22,03,22,08,37,08,37,12
26d20h01m-26d23h16m:15,03,22,03,22,08,37,08,37,12
26d20h36m-26d22h13m:50,10,55,10,55,25
26d20h44m-27d00h33m:57,30,57,45
26d21h25m-26d23h54m:60,10,60,25
26d21h33m-26d23h55m:10,20,40,20,40,35
26d22h19m-27d00h55m:42,08,42,15,47,15,47,27,55,27
26d23h51m-27d02h49m:25,45,45,45,45,40
27d01h23m-27d03h56m:05,20,05,35
27d01h37m-27d03h43m:15,10,30,10,30,18
27d03h26m-27d05h53m:05,20,05,35
27d05h33m-27d06h42m:15,40,27,40
27d08h21m-27d10h22m:67,37,67,22
27d08h33m-27d10h28m:15,25,15,30,20,30,20,35,30,35,30,40
27d09h04m-27d10h01m:67,37,67,22
27d11h30m-27d12h08m:10,20,40,20,40,35
27d13h08m-27d17h00m:15,03,22,03,22,08,37,08,37,12
27d14h14m-27d15h44m:15,10,30,10,30,18
27d14h29m-27d17h58m:15,10,30,10,30,18
27d14h43m-27d17h09m:15,03,22,03,22,08,37,08,37,12
27d15h51m-27d19h20m:42,08,42,15,47,15,47,27,55,27
27d16h13m-27d18h55m:60,10,60,25
27d16h46m-27d17h18m:25,25,30,25,30,30,35,30
27d18h52m-27d22h29m:15,03,22,03,22,08,37,08,37,12
27d18h53m-27d19h30m:25,45,45,45,45,40
27d20h11m-27d22h38m:17,15,25,15
27d20h22m-28d00h20m:10,20,40,20,40,35
27d20h38m-27d21h41m:17,15,25,15
27d21h15m-27d22h58m:15,25,15,30,20,30,20,35,30,35,30,40
27d22h43m-28d01h03m:15,03,22,03,22,08,37,08,37,12
28d02h04m-28d05h53m:42,08,42,15,47,15,47,27,55,27
28d04h12m-28d07h11m:05,20,05,35
28d04h26m-28d08h12m:08,03,08,23,20,23
28d06h41m-28d10h00m:67,37,67,22
28d10h58m-28d11h50m:15,40,27,40
28d11h42m-28d14h20m:15,03,22,03,22,08,37,08,37,12
28d12h14m-28d14h55m:10,20,40,20,40,35
28d12h57m-28d16h32m:08,03,08,23,20,23
28d15h33m-28d18h25m:25,45,45,45,45,40
28d15h34m-28d16h11m:10,20,40,20,40,35
28d17h07m-28d19h19m:15,40,27,40
28d17h15m-28d18h32m:10,20,40,20,40,35
28d18h07m-28d20h07m:25,45,45,45,45,40
28d19h03m-28d20h50m:60,10,60,25
28d20h07m-28d22h31m:25,45,45,45,45,40
28d20h38m-28d23h38m:17,15,25,15
28d21h29m-28d23h34m:17,15,25,15
28d23h29m-29d00h59m:15,03,22,03,22,08,37,08,37,12
28d23h32m-28d23h55m:15,40,27,40
29d01h18m-29d04h41m:25,25,30,25,30,30,35,30
29d01h29m-29d05h15m:67,37,67,22
29d01h56m-29d04h19m:08,03,08,23,20,23
29d02h40m-29d05h10m:15,40,27,40
29d05h09m-29d06h16m:17,15,25,15
29d05h47m-29d07h26m:50,10,55,10,55,25
29d08h57m-29d12h29m:42,08,42,15,47,15,47,27,55,27
29d11h03m-29d12h04m:25,25,30,25,30,30,35,30
29d18h25m-29d20h05m:60,10,60,25
29d18h43m-29d22h17m:57,30,57,45
29d21h34m-30d00h34m:60,10,60,25
29d22h07m-30d01h46m:17,15,25,15
29d23h34m-30d01h35m:15,40,27,40
30d00h19m-30d01h42m:10,20,40,20,40,35
30d01h16m-30d03h37m:15,10,30,10,30,18
30d02h28m-30d05h39m:50,10,55,10,55,25
30d02h36m-30d06h06m:50,10,55,10,55,25
30d02h43m-30d04h44m:42,08,42,15,47,15,47,27,55,27
30d02h50m-30d06h28m:15,40,27,40
30d03h22m-30d03h37m:60,10,60,25
30d05h14m-30d08h02m:15,10,30,10,30,18
30d07h04m-30d08h07m:15,10,30,10,30,18
30d08h43m-30d10h07m:50,10,55,10,55,25
30d11h11m-30d13h06m:15,25,15,30,20,30,20,35,30,35,30,40
30d11h22m-30d13h47m:15,25,15,30,20,30,20,35,30,35,30,40
30d12h54m-30d13h41m:05,20,05,35
30d12h55m-30d16h33m:25,25,30,25,30,30,35,30
30d13h20m-30d16h24m:57,30,57,45
30d13h21m-30d14h57m:42,08,42,15,47,15,47,27,55,27
30d13h44m-30d16h54m:42,08,42,15,47,15,47,27,55,27
30d15h45m-30d16h10m:50,10,55,10,55,25
30d16h41m-30d19h21m:42,08,42,15,47,15,47,27,55,27
30d18h59m-30d21h28m:15,25,15,30,20,30,20,35,30,35,30,40
30d19h59m-30d20h22m:57,30,57,45
30d20h52m-30d23h59m:15,03,22,03,22,08,37,08,37,12
30d21h36m-30d23h45m:25,25,30,25,30,30,35,30
30d22h08m-30d23h59m:15,10,30,10,30,18
30d23h12m-30d23h44m:10,20,40,20,40,35
