01d02h22m-01d04h42m:25,45,45,45,45,40
01d02h42m-01d06h15m:25,25,30,25,30,30,35,30
01d03h40m-01d05h41m:08,03,08,23,20,23
01d03h53m-01d05h56m:10,20,40,20,40,35
01d04h04m-01d07h12m:60,10,60,25
01d06h00m-01d07h48m:15,40,27,40
01d06h20m-01d10h07m:08,03,08,23,20,23
01d07h30m-01d08h21m:57,30,57,45
01d07h46m-01d09h19m:17,15,25,15
01d08h09m-01d08h34m:15,40,27,40
01d09h02m-01d12h17m:10,20,40,20,40,35
01d09h13m-01d12h41m:05,20,05,35
01d09h39m-01d10h05m:67,37,67,22
01d09h43m-01d13h17m:08,03,08,23,20,23
01d10h49m-01d11h59m:15,03,22,03,22,08,37,08,37,12
01d11h00m-01d12h00m:15,10,30,10,30,18
01d12h37m-01d16h22m:15,25,15,30,20,30,20,35,30,35,30,40
01d14h01m-01d15h59m:57,30,57,45
01d14h35m-01d15h34m:15,40,27,40
01d16h36m-01d18h30m:15,40,27,40
01d16h55m-01d20h50m:42,08,42,15,47,15,47,27,55,27
01d17h08m-01d19h49m:25,25,30,25,30,30,35,30
01d18h24m-01d18h50m:42,08,42,15,47,15,47,27,55,27
01d18h26m-01d19h40m:25,45,45,45,45,40
01d19h18m-01d20h19m:25,45,45,45,45,40
01d19h43m-01d21h47m:10,20,40,20,40,35
01d20h50m-01d22h45m:67,37,67,22
01d21h40m-02d00h42m:15,10,30,10,30,18
01d22h36m-02d02h36m:57,30,57,45
01d22h40m-02d01h40m:17,15,25,15
02d03h55m-02d06h53m:57,30,57,45
02d04h52m-02d08h11m:67,37,67,22
02d06h05m-02d07h43m:15,25,15,30,20,30,20,35,30,35,30,40
02d06h15m-02d06h56m:15,10,30,10,30,18
02d06h53m-02d08h19m:67,37,67,22
02d07h48m-02d11h08m:50,10,55,10,55,25
02d08h20m-02d11h00m:10,20,40,20,40,35
02d09h02m-02d09h55m:15,25,15,30,20,30,20,35,30,35,30,40
02d09h21m-02d12h05m:17,15,25,15
02d16h49m-02d20h32m:08,03,08,23,20,23
02d17h43m-02d20h27m:15,40,27,40
02d18h43m-02d20h12m:08,03,08,23,20,23
02d19h07m-02d20h01m:15,10,30,10,30,18
02d19h22m-02d23h09m:42,08,42,15,47,15,47,27,55,27
02d23h28m-03d02h01m:50,10,55,10,55,25
03d00h59m-03d04h30m:25,45,45,45,45,40
03d02h44m-03d06h40m:15,25,15,30,20,30,20,35,30,35,30,40
03d05h44m-03d06h29m:25,45,45,45,45,40
03d06h23m-03d10h06m:15,40,27,40
03d07h12m-03d09h49m:50,10,55,10,55,25
03d08h04m-03d09h58m:60,10,60,25
03d08h07m-03d11h31m:08,03,08,23,20,23
03d13h31m-03d14h24m:67,37,67,22
03d14h35m-03d15h47m:25,45,45,45,45,40
03d17h25m-03d18h03m:17,15,25,15
03d17h35m-03d18h45m:57,30,57,45
03d18h34m-03d20h50m:50,10,55,10,55,25
03d21h00m-03d22h33m:15,03,22,03,22,08,37,08,37,12
03d21h22m-04d00h11m:15,25,15,30,20,30,20,35,30,35,30,40
03d22h52m-04d01h25m:10,20,40,20,40,35
03d23h51m-04d02h46m:05,20,05,35
04d00h32m-04d03h20m:08,03,08,23,20,23
04d01h24m-04d01h39m:10,20,40,20,40,35
04d01h28m-04d04h39m:17,15,25,15
04d01h45m-04d03h53m:15,40,27,40
04d01h47m-04d03h39m:15,10,30,10,30,18
04d02h27m-04d06h03m:05,20,05,35
04d02h41m-04d06h35m:50,10,55,10,55,25
04d02h47m-04d03h43m:08,03,08,23,20,23
04d03h22m-04d07h20m:17,15,25,15
04d04h28m-04d05h28m:57,30,57,45
04d04h36m-04d06h49m:15,03,22,03,22,08,37,08,37,12
04d05h58m-04d09h13m:15,03,22,03,22,08,37,08,37,12
04d08h41m-04d12h41m:08,03,08,23,20,23
04d09h40m-04d13h30m:15,25,15,30,20,30,20,35,30,35,30,40
04d11h01m-04d12h21m:60,10,60,25
04d11h23m-04d13h51m:67,37,67,22
04d12h01m-04d14h40m:50,10,55,10,55,25
04d12h11m-04d15h15m:15,25,15,30,20,30,20,35,30,35,30,40
04d12h45m-04d13h09m:17,15,25,15
04d13h42m-04d16h59m:17,15,25,15
04d15h14m-04d18h26m:15,40,27,40
04d15h44m-04d16h49m:05,20,05,35
04d18h55m-04d21h23m:67,37,67,22
04d19h25m-04d21h35m:17,15,25,15
04d20h29m-04d20h52m:05,20,05,35
04d21h28m-05d00h17m:15,03,22,03,22,08,37,08,37,12
04d23h05m-04d23h32m:57,30,57,45
05d00h14m-05d01h52m:15,10,30,10,30,18
05d00h40m-05d02h39m:15,10,30,10,30,18
05d07h57m-05d11h16m:15,25,15,30,20,30,20,35,30,35,30,40
05d09h04m-05d12h11m:50,10,55,10,55,25
05d09h11m-05d12h26m:60,10,60,25
05d09h16m-05d09h54m:15,03,22,03,22,08,37,08,37,12
05d09h56m-05d13h23m:25,25,30,25,30,30,35,30
05d11h43m-05d13h07m:15,10,30,10,30,18
05d12h17m-05d15h48m:25,25,30,25,30,30,35,30
05d13h49m-05d16h54m:15,03,22,03,22,08,37,08,37,12
05d14h03m-05d15h20m:17,15,25,15
05d14h42m-05d17h51m:10,20,40,20,40,35
05d15h17m-05d15h39m:15,40,27,40
05d16h21m-05d19h27m:15,40,27,40
05d16h50m-05d19h35m:50,10,55,10,55,25
05d18h40m-05d22h25m:57,30,57,45
05d19h40m-05d23h07m:60,10,60,25
05d19h43m-05d22h00m:60,10,60,25
05d20h51m-06d00h30m:15,10,30,10,30,18
05d21h39m-05d21h56m:10,20,40,20,40,35
05d23h29m-06d02h46m:57,30,57,45
05d23h54m-06d01h01m:50,10,55,10,55,25
06d00h34m-06d03h15m:15,10,30,10,30,18
06d01h18m-06d03h27m:15,40,27,40
06d02h49m-06d05h43m:15,10,30,10,30,18
06d03h01m-06d05h38m:50,10,55,10,55,25
06d03h40m-06d04h48m:25,25,30,25,30,30,35,30
06d03h40m-06d05h46m:17,15,25,15
06d04h57m-06d08h27m:05,20,05,35
06d05h52m-06d08h34m:60,10,60,25
06d05h55m-06d06h21m:17,15,25,15
06d07h31m-06d09h53m:05,20,05,35
06d13h01m-06d13h32m:60,10,60,25
06d14h11m-06d16h48m:67,37,67,22
06d14h25m-06d16h04m:57,30,57,45
06d15h15m-06d17h10m:08,03,08,23,20,23
06d16h36m-06d17h28m:10,20,40,20,40,35
06d16h37m-06d18h36m:60,10,60,25
06d17h18m-06d19h13m:15,40,27,40
06d18h11m-06d19h25m:15,03,22,03,22,08,37,08,37,12
06d19h05m-06d19h40m:57,30,57,45
06d19h21m-06d21h08m:25,25,30,25,30,30,35,30
06d19h37m-06d22h36m:60,10,60,25
06d20h08m-06d21h18m:50,10,55,10,55,25
06d21h14m-06d22h20m:08,03,08,23,20,23
06d21h59m-06d22h40m:17,15,25,15
06d23h43m-07d03h40m:15,40,27,40
07d00h30m-07d02h11m:25,25,30,25,30,30,35,30
07d01h25m-07d02h26m:17,15,25,15
07d03h51m-07d04h10m:15,25,15,30,20,30,20,35,30,35,30,40
07d05h42m-07d08h21m:60,10,60,25
07d07h29m-07d10h26m:50,10,55,10,55,25
07d08h47m-07d09h18m:60,10,60,25
07d08h55m-07d10h05m:67,37,67,22
07d09h54m-07d11h45m:15,10,30,10,30,18
07d10h37m-07d13h30m:15,40,27,40
07d16h45m-07d19h52m:15,40,27,40
07d18h32m-07d20h36m:60,10,60,25
07d21h45m-07d23h51m:15,25,15,30,20,30,20,35,30,35,30,40
07d22h19m-08d00h05m:17,15,25,15
07d22h57m-08d00h57m:15,10,30,10,30,18
08d00h12m-08d01h56m:15,10,30,10,30,18
08d01h12m-08d02h00m:10,20,40,20,40,35
08d02h49m-08d06h27m:25,25,30,25,30,30,35,30
08d03h17m-08d04h54m:05,20,05,35
08d05h37m-08d07h06m:15,25,15,30,20,30,20,35,30,35,30,40
08d07h54m-08d10h38m:15,25,15,30,20,30,20,35,30,35,30,40
08d10h24m-08d14h00m:67,37,67,22
08d13h08m-08d15h49m:50,10,55,10,55,25
08d15h02m-08d16h05m:15,10,30,10,30,18
08d16h10m-08d18h43m:17,15,25,15
08d17h55m-08d19h37m:15,10,30,10,30,18
08d18h35m-08d21h22m:15,03,22,03,22,08,37,08,37,12
08d18h58m-08d21h24m:25,25,30,25,30,30,35,30
08d19h33m-08d22h43m:42,08,42,15,47,15,47,27,55,27
08d21h40m-08d22h02m:10,20,40,20,40,35
08d22h01m-08d22h20m:25,25,30,25,30,30,35,30
08d23h03m-08d23h36m:10,20,40,20,40,35
08d23h33m-09d02h57m:17,15,25,15
08d23h36m-09d01h09m:42,08,42,15,47,15,47,27,55,27
09d00h26m-09d03h55m:67,37,67,22
09d00h35m-09d04h34m:25,25,30,25,30,30,35,30
09d01h41m-09d04h54m:57,30,57,45
09d01h52m-09d04h35m:15,10,30,10,30,18
09d02h54m-09d05h14m:15,10,30,10,30,18
09d02h55m-09d05h51m:50,10,55,10,55,25
09d03h51m-09d06h30m:05,20,05,35
09d05h32m-09d07h34m:25,45,45,45,45,40
09d06h38m-09d08h34m:67,37,67,22
09d07h24m-09d10h52m:05,20,05,35
09d09h13m-09d11h42m:50,10,55,10,55,25
09d09h37m-09d12h49m:15,03,22,03,22,08,37,08,37,12
09d10h13m-09d13h35m:50,10,55,10,55,25
09d14h00m-09d17h17m:50,10,55,10,55,25
09d14h23m-09d15h07m:15,10,30,10,30,18
09d15h22m-09d18h22m:25,45,45,45,45,40
09d20h23m-09d23h41m:15,40,27,40
09d21h17m-09d22h41m:50,10,55,10,55,25
09d21h26m-09d22h29m:15,10,30,10,30,18
09d22h09m-09d23h50m:15,03,22,03,22,08,37,08,37,12
09d22h17m-10d01h53m:25,45,45,45,45,40
09d23h03m-10d02h36m:15,40,27,40
09d23h36m-10d01h29m:05,20,05,35
10d00h09m-10d02h02m:42,08,42,15,47,15,47,27,55,27
10d00h12m-10d01h34m:10,20,40,20,40,35
10d01h10m-10d02h40m:08,03,08,23,20,23
10d02h06m-10d06h02m:60,10,60,25
10d04h08m-10d07h43m:57,30,57,45
10d04h21m-10d04h40m:15,40,27,40
10d05h00m-10d08h32m:67,37,67,22
10d05h14m-10d08h55m:15,10,30,10,30,18
10d08h47m-10d10h43m:60,10,60,25
10d09h18m-10d09h42m:15,25,15,30,20,30,20,35,30,35,30,40
10d09h28m-10d12h20m:15,40,27,40
10d12h20m-10d15h52m:60,10,60,25
10d12h40m-10d14h04m:60,10,60,25
10d15h00m-10d18h08m:15,25,15,30,20,30,20,35,30,35,30,40
10d15h06m-10d18h58m:15,40,27,40
10d16h07m-10d19h28m:67,37,67,22
10d16h11m-10d18h50m:50,10,55,10,55,25
10d18h09m-10d20h37m:25,45,45,45,45,40
10d19h00m-10d22h25m:15,25,15,30,20,30,20,35,30,35,30,40
10d20h10m-10d20h38m:17,15,25,15
10d20h29m-11d00h13m:57,30,57,45
11d01h21m-11d02h39m:60,10,60,25
11d02h15m-11d03h49m:15,03,22,03,22,08,37,08,37,12
11d02h34m-11d06h19m:05,20,05,35
11d05h21m-11d08h42m:50,10,55,10,55,25
11d05h27m-11d06h55m:08,03,08,23,20,23
11d06h57m-11d08h04m:15,40,27,40
11d08h57m-11d12h42m:17,15,25,15
11d10h57m-11d12h09m:25,25,30,25,30,30,35,30
11d11h07m-11d14h27m:50,10,55,10,55,25
11d12h10m-11d15h57m:50,10,55,10,55,25
11d12h20m-11d14h19m:42,08,42,15,47,15,47,27,55,27
11d12h43m-11d14h02m:50,10,55,10,55,25
11d13h01m-11d15h19m:50,10,55,10,55,25
11d13h02m-11d14h55m:15,25,15,30,20,30,20,35,30,35,30,40
11d13h52m-11d15h17m:08,03,08,23,20,23
11d15h23m-11d17h54m:10,20,40,20,40,35
11d15h54m-11d19h30m:17,15,25,15
11d16h54m-11d18h45m:42,08,42,15,47,15,47,27,55,27
11d17h21m-11d20h21m:50,10,55,10,55,25
11d17h40m-11d18h19m:60,10,60,25
11d18h23m-11d20h01m:17,15,25,15
11d19h37m-11d20h57m:10,20,40,20,40,35
11d20h22m-11d23h44m:25,25,30,25,30,30,35,30
11d20h32m-11d23h19m:05,20,05,35
11d22h42m-11d23h03m:25,45,45,45,45,40
12d00h44m-12d03h04m:60,10,60,25
12d01h49m-12d02h50m:67,37,67,22
12d03h34m-12d06h35m:25,25,30,25,30,30,35,30
12d03h39m-12d06h49m:17,15,25,15
12d04h03m-12d07h03m:50,10,55,10,55,25
12d04h13m-12d06h56m:67,37,67,22
12d04h14m-12d05h01m:60,10,60,25
12d04h48m-12d07h52m:25,45,45,45,45,40
12d04h51m-12d05h27m:10,20,40,20,40,35
12d06h22m-12d08h24m:15,40,27,40
12d06h23m-12d09h18m:15,03,22,03,22,08,37,08,37,12
12d08h54m-12d11h25m:08,03,08,23,20,23
12d09h14m-12d10h21m:10,20,40,20,40,35
12d09h35m-12d12h04m:17,15,25,15
12d09h52m-12d11h36m:25,45,45,45,45,40
12d10h46m-12d11h05m:50,10,55,10,55,25
12d11h25m-12d13h43m:05,20,05,35
12d12h01m-12d13h49m:08,03,08,23,20,23
12d15h24m-12d16h00m:15,25,15,30,20,30,20,35,30,35,30,40
12d15h43m-12d17h24m:60,10,60,25
12d16h25m-12d17h17m:15,10,30,10,30,18
12d16h28m-12d17h51m:10,20,40,20,40,35
12d16h56m-12d20h50m:42,08,42,15,47,15,47,27,55,27
12d17h20m-12d20h27m:50,10,55,10,55,25
12d18h34m-12d20h46m:15,25,15,30,20,30,20,35,30,35,30,40
12d19h05m-12d22h28m:15,03,22,03,22,08,37,08,37,12
12d20h36m-12d22h04m:15,10,30,10,30,18
12d22h47m-13d00h02m:25,45,45,45,45,40
12d23h29m-13d02h04m:67,37,67,22
12d23h33m-13d02h14m:25,45,45,45,45,40
13d00h23m-13d01h25m:60,10,60,25
13d02h11m-13d05h47m:10,20,40,20,40,35
13d02h56m-13d05h06m:17,15,25,15
13d02h59m-13d05h46m:57,30,57,45
13d03h15m-13d03h47m:15,40,27,40
13d03h47m-13d04h21m:17,15,25,15
13d05h42m-13d08h16m:57,30,57,45
13d06h27m-13d07h44m:15,10,30,10,30,18
13d06h47m-13d09h36m:15,25,15,30,20,30,20,35,30,35,30,40
13d06h59m-13d07h49m:57,30,57,45
13d07h22m-13d08h36m:67,37,67,22
13d07h51m-13d08h44m:25,45,45,45,45,40
13d08h12m-13d10h51m:17,15,25,15
13d09h25m-13d10h20m:25,25,30,25,30,30,35,30
13d09h28m-13d12h37m:15,03,22,03,22,08,37,08,37,12
13d09h31m-13d10h06m:57,30,57,45
13d10h20m-13d10h55m:57,30,57,45
13d12h02m-13d13h50m:67,37,67,22
13d13h57m-13d17h57m:15,25,15,30,20,30,20,35,30,35,30,40
13d14h39m-13d15h39m:25,45,45,45,45,40
13d16h38m-13d17h32m:05,20,05,35
13d17h31m-13d20h05m:08,03,08,23,20,23
13d18h23m-13d18h56m:05,20,05,35
13d18h24m-13d21h32m:10,20,40,20,40,35
13d18h52m-13d22h05m:15,25,15,30,20,30,20,35,30,35,30,40
13d20h07m-13d23h14m:15,25,15,30,20,30,20,35,30,35,30,40
13d20h13m-13d21h38m:57,30,57,45
13d21h41m-13d23h30m:25,45,45,45,45,40
13d23h22m-14d02h56m:15,10,30,10,30,18
14d00h58m-14d01h56m:50,10,55,10,55,25
14d04h49m-14d07h20m:10,20,40,20,40,35
14d05h03m-14d05h46m:60,10,60,25
14d09h13m-14d12h11m:25,25,30,25,30,30,35,30
14d09h36m-14d09h53m:57,30,57,45
14d10h33m-14d12h49m:05,20,05,35
14d11h08m-14d13h47m:15,10,30,10,30,18
14d11h40m-14d13h17m:60,10,60,25
14d12h22m-14d15h21m:60,10,60,25
14d12h55m-14d16h42m:67,37,67,22
14d14h09m-14d16h46m:42,08,42,15,47,15,47,27,55,27
14d15h28m-14d17h59m:15,40,27,40
14d18h50m-14d22h30m:57,30,57,45
14d21h17m-14d22h49m:25,25,30,25,30,30,35,30
14d22h04m-14d23h09m:25,45,45,45,45,40
14d22h28m-14d22h55m:25,45,45,45,45,40
14d22h30m-15d02h24m:67,37,67,22
14d22h58m-15d01h48m:60,10,60,25
15d03h14m-15d05h13m:67,37,67,22
15d05h05m-15d05h44m:50,10,55,10,55,25
15d05h52m-15d08h48m:60,10,60,25
15d07h16m-15d09h13m:15,40,27,40
15d07h28m-15d08h19m:15,25,15,30,20,30,20,35,30,35,30,40
15d08h04m-15d11h38m:50,10,55,10,55,25
15d08h21m-15d11h56m:50,10,55,10,55,25
15d08h32m-15d08h47m:25,25,30,25,30,30,35,30
15d14h36m-15d15h58m:15,40,27,40
15d14h39m-15d16h05m:15,10,30,10,30,18
15d15h29m-15d16h07m:25,45,45,45,45,40
15d16h04m-15d19h04m:05,20,05,35
15d16h17m-15d19h40m:25,45,45,45,45,40
15d17h00m-15d17h15m:60,10,60,25
15d18h02m-15d19h38m:25,25,30,25,30,30,35,30
15d18h32m-15d21h17m:08,03,08,23,20,23
15d21h10m-15d22h08m:08,03,08,23,20,23
16d00h54m-16d04h29m:05,20,05,35
16d05h34m-16d06h50m:57,30,57,45
16d06h31m-16d07h16m:17,15,25,15
16d09h09m-16d12h45m:15,03,22,03,22,08,37,08,37,12
16d09h45m-16d12h23m:25,25,30,25,30,30,35,30
16d10h07m-16d12h45m:10,20,40,20,40,35
16d10h24m-16d14h04m:10,20,40,20,40,35
16d11h44m-16d15h10m:60,10,60,25
16d12h59m-16d14h31m:57,30,57,45
16d14h11m-16d17h17m:57,30,57,45
16d17h59m-16d21h27m:57,30,57,45
16d20h03m-16d22h21m:42,08,42,15,47,15,47,27,55,27
16d20h20m-16d20h49m:15,40,27,40
16d21h10m-16d23h46m:60,10,60,25
16d22h52m-16d23h47m:15,10,30,10,30,18
16d23h08m-17d02h24m:17,15,25,15
16d23h17m-17d00h33m:15,40,27,40
16d23h31m-17d02h51m:15,03,22,03,22,08,37,08,37,12
17d02h13m-17d04h22m:10,20,40,20,40,35
17d03h11m-17d05h24m:25,25,30,25,30,30,35,30
17d03h16m-17d07h06m:25,25,30,25,30,30,35,30
17d03h30m-17d03h45m:10,20,40,20,40,35
17d03h40m-17d05h16m:15,03,22,03,22,08,37,08,37,12
17d03h48m-17d07h22m:57,30,57,45
17d06h01m-17d09h58m:42,08,42,15,47,15,47,27,55,27
17d07h33m-17d10h47m:08,03,08,23,20,23
17d11h14m-17d13h02m:05,20,05,35
17d15h43m-17d19h09m:08,03,08,23,20,23
17d18h03m-17d19h30m:15,40,27,40
17d21h15m-17d22h34m:57,30,57,45
17d22h01m-17d23h43m:15,03,22,03,22,08,37,08,37,12
18d00h32m-18d03h57m:50,10,55,10,55,25
18d01h45m-18d03h45m:60,10,60,25
18d01h51m-18d02h15m:05,20,05,35
18d03h57m-18d06h23m:15,10,30,10,30,18
18d04h03m-18d06h05m:50,10,55,10,55,25
18d04h54m-18d06h44m:05,20,05,35
18d06h59m-18d10h50m:05,20,05,35
18d07h12m-18d08h20m:08,03,08,23,20,23
18d07h27m-18d11h20m:57,30,57,45
18d07h36m-18d09h44m:15,25,15,30,20,30,20,35,30,35,30,40
18d07h56m-18d08h37m:50,10,55,10,55,25
18d08h08m-18d10h30m:05,20,05,35
18d08h47m-18d09h42m:08,03,08,23,20,23
18d12h16m-18d15h32m:15,03,22,03,22,08,37,08,37,12
18d12h54m-18d16h20m:42,08,42,15,47,15,47,27,55,27
18d13h12m-18d14h31m:42,08,42,15,47,15,47,27,55,27
18d13h17m-18d15h54m:42,08,42,15,47,15,47,27,55,27
18d13h46m-18d17h29m:67,37,67,22
18d16h31m-18d19h45m:67,37,67,22
18d16h42m-18d19h20m:60,10,60,25
18d18h26m-18d19h27m:10,20,40,20,40,35
18d20h15m-18d21h44m:08,03,08,23,20,23
18d20h18m-18d22h08m:15,03,22,03,22,08,37,08,37,12
18d21h13m-18d23h29m:17,15,25,15
18d22h31m-18d23h31m:25,45,45,45,45,40
18d22h43m-19d00h42m:05,20,05,35
19d00h34m-19d03h16m:60,10,60,25
19d02h00m-19d02h22m:25,45,45,45,45,40
19d03h04m-19d04h10m:17,15,25,15
19d03h39m-19d05h12m:50,10,55,10,55,25
19d03h40m-19d06h48m:08,03,08,23,20,23
19d05h34m-19d09h01m:05,20,05,35
19d06h06m-19d08h51m:05,20,05,35
19d06h47m-19d10h00m:42,08,42,15,47,15,47,27,55,27
19d06h55m-19d07h21m:42,08,42,15,47,15,47,27,55,27
19d08h22m-19d09h20m:50,10,55,10,55,25
19d09h17m-19d09h34m:67,37,67,22
19d10h35m-19d13h13m:25,45,45,45,45,40
19d12h36m-19d13h15m:05,20,05,35
19d12h44m-19d14h48m:50,10,55,10,55,25
19d13h38m-19d17h37m:15,03,22,03,22,08,37,08,37,12
19d14h12m-19d14h58m:15,03,22,03,22,08,37,08,37,12
19d15h20m-19d18h14m:25,25,30,25,30,30,35,30
19d16h25m-19d18h48m:67,37,67,22
19d17h39m-19d20h07m:42,08,42,15,47,15,47,27,55,27
19d18h58m-19d19h40m:57,30,57,45
19d19h07m-19d21h53m:17,15,25,15
19d20h42m-19d22h07m:08,03,08,23,20,23
19d22h29m-20d00h00m:15,40,27,40
19d23h14m-20d02h08m:57,30,57,45
19d23h20m-19d23h55m:60,10,60,25
19d23h46m-20d02h41m:15,03,22,03,22,08,37,08,37,12
19d23h49m-20d00h07m:05,20,05,35
19d23h54m-20d03h29m:57,30,57,45
20d00h40m-20d03h53m:15,10,30,10,30,18
20d00h50m-20d02h01m:25,45,45,45,45,40
20d01h02m-20d02h41m:57,30,57,45
20d01h05m-20d04h18m:15,03,22,03,22,08,37,08,37,12
20d01h50m-20d03h28m:05,20,05,35
20d02h03m-20d04h58m:25,25,30,25,30,30,35,30
20d02h21m-20d03h50m:17,15,25,15
20d02h27m-20d04h56m:42,08,42,15,47,15,47,27,55,27
20d02h27m-20d05h26m:17,15,25,15
20d04h04m-20d05h23m:25,45,45,45,45,40
20d04h32m-20d08h08m:60,10,60,25
20d04h38m-20d07h16m:60,10,60,25
20d06h17m-20d07h25m:67,37,67,22
20d08h12m-20d10h32m:25,45,45,45,45,40
20d12h24m-20d14h15m:60,10,60,25
20d13h46m-20d15h27m:10,20,40,20,40,35
20d14h37m-20d16h42m:25,45,45,45,45,40
20d14h44m-20d18h09m:60,10,60,25
20d14h46m-20d15h23m:42,08,42,15,47,15,47,27,55,27
20d16h44m-20d17h07m:50,10,55,10,55,25
20d16h52m-20d20h18m:15,25,15,30,20,30,20,35,30,35,30,40
20d18h22m-20d21h44m:60,10,60,25
20d18h30m-20d21h28m:15,25,15,30,20,30,20,35,30,35,30,40
20d22h36m-20d23h12m:15,10,30,10,30,18
20d22h38m-21d00h27m:25,25,30,25,30,30,35,30
20d23h50m-21d01h48m:15,03,22,03,22,08,37,08,37,12
21d00h19m-21d03h46m:25,25,30,25,30,30,35,30
21d00h28m-21d03h10m:57,30,57,45
21d02h42m-21d03h27m:15,40,27,40
21d07h48m-21d11h38m:25,25,30,25,30,30,35,30
21d08h30m-21d11h02m:67,37,67,22
21d08h36m-21d11h55m:05,20,05,35
21d09h36m-21d11h39m:15,10,30,10,30,18
21d10h03m-21d11h00m:08,03,08,23,20,23
21d10h13m-21d12h43m:60,10,60,25
21d11h31m-21d14h22m:67,37,67,22
21d11h57m-21d13h21m:15,40,27,40
21d12h22m-21d15h29m:15,10,30,10,30,18
21d13h42m-21d17h30m:15,03,22,03,22,08,37,08,37,12
21d15h01m-21d17h34m:15,25,15,30,20,30,20,35,30,35,30,40
21d16h23m-21d19h33m:15,25,15,30,20,30,20,35,30,35,30,40
21d17h43m-21d19h30m:10,20,40,20,40,35
21d19h23m-21d21h02m:15,25,15,30,20,30,20,35,30,35,30,40
21d19h32m-21d23h20m:15,03,22,03,22,08,37,08,37,12
21d19h42m-21d20h59m:67,37,67,22
21d20h24m-21d23h18m:08,03,08,23,20,23
21d21h27m-22d00h55m:60,10,60,25
22d00h52m-22d01h36m:57,30,57,45
22d00h59m-22d03h59m:17,15,25,15
22d01h47m-22d04h34m:60,10,60,25
22d03h20m-22d06h42m:08,03,08,23,20,23
22d04h07m-22d07h57m:05,20,05,35
22d05h12m-22d08h37m:42,08,42,15,47,15,47,27,55,27
22d07h19m-22d11h09m:25,25,30,25,30,30,35,30
22d08h31m-22d08h52m:50,10,55,10,55,25
22d09h08m-22d10h33m:25,25,30,25,30,30,35,30
22d10h41m-22d12h29m:17,15,25,15
22d13h21m-22d14h07m:15,03,22,03,22,08,37,08,37,12
22d13h28m-22d16h03m:57,30,57,45
22d14h19m-22d16h19m:57,30,57,45
22d15h14m-22d17h08m:10,20,40,20,40,35
22d15h47m-22d18h38m:57,30,57,45
22d15h58m-22d16h50m:67,37,67,22
22d16h27m-22d16h54m:42,08,42,15,47,15,47,27,55,27
22d16h27m-22d17h14m:25,25,30,25,30,30,35,30
22d16h52m-22d17h32m:15,03,22,03,22,08,37,08,37,12
22d17h14m-22d21h11m:05,20,05,35
22d17h58m-22d21h46m:25,25,30,25,30,30,35,30
22d18h50m-22d20h52m:15,40,27,40
22d20h10m-22d21h43m:10,20,40,20,40,35
22d20h12m-22d23h34m:25,45,45,45,45,40
22d21h14m-23d00h23m:60,10,60,25
22d21h19m-22d23h03m:25,45,45,45,45,40
23d00h44m-23d03h25m:67,37,67,22
23d03h12m-23d05h47m:08,03,08,23,20,23
23d04h57m-23d05h33m:10,20,40,20,40,35
23d05h01m-23d06h26m:15,03,22,03,22,08,37,08,37,12
23d05h12m-23d07h08m:42,08,42,15,47,15,47,27,55,27
23d09h01m-23d10h33m:25,45,45,45,45,40
23d09h05m-23d10h49m:57,30,57,45
23d09h47m-23d13h35m:15,25,15,30,20,30,20,35,30,35,30,40
23d10h25m-23d11h47m:17,15,25,15
23d10h31m-23d14h17m:17,15,25,15
23d11h07m-23d12h01m:05,20,05,35
23d11h45m-23d14h57m:10,20,40,20,40,35
23d12h17m-23d14h47m:15,03,22,03,22,08,37,08,37,12
23d12h19m-23d16h16m:05,20,05,35
23d12h56m-23d14h55m:50,10,55,10,55,25
23d13h14m-23d16h20m:25,45,45,45,45,40
23d14h06m-23d15h09m:17,15,25,15
23d14h42m-23d15h23m:10,20,40,20,40,35
23d15h05m-23d17h23m:08,03,08,23,20,23
23d15h57m-23d19h15m:67,37,67,22
23d17h15m-23d19h56m:67,37,67,22
23d17h18m-23d18h18m:25,25,30,25,30,30,35,30
23d18h58m-23d19h16m:17,15,25,15
23d19h28m-23d20h42m:05,20,05,35
23d19h53m-23d22h35m:08,03,08,23,20,23
23d19h53m-23d22h57m:50,10,55,10,55,25
23d20h14m-23d22h50m:25,45,45,45,45,40
23d21h33m-23d22h50m:50,10,55,10,55,25
23d23h21m-24d00h19m:15,10,30,10,30,18
24d00h36m-24d02h49m:60,10,60,25
24d02h41m-24d04h13m:15,40,27,40
24d03h15m-24d06h15m:42,08,42,15,47,15,47,27,55,27
24d04h59m-24d07h33m:15,25,15,30,20,30,20,35,30,35,30,40
24d07h38m-24d10h11m:15,03,22,03,22,08,37,08,37,12
24d08h15m-24d11h43m:25,45,45,45,45,40
24d08h39m-24d12h23m:25,45,45,45,45,40
24d09h41m-24d11h14m:10,20,40,20,40,35
24d10h41m-24d11h06m:10,20,40,20,40,35
24d13h14m-24d15h51m:60,10,60,25
24d13h46m-24d16h20m:15,25,15,30,20,30,20,35,30,35,30,40
24d14h38m-24d17h10m:08,03,08,23,20,23
24d15h20m-24d16h19m:05,20,05,35
24d16h20m-24d18h07m:05,20,05,35
24d16h54m-24d17h49m:67,37,67,22
24d19h20m-24d21h13m:05,20,05,35
24d20h41m-24d22h20m:15,25,15,30,20,30,20,35,30,35,30,40
24d21h13m-25d00h03m:15,10,30,10,30,18
24d23h23m-25d01h03m:15,10,30,10,30,18
24d23h57m-25d02h06m:08,03,08,23,20,23
25d00h46m-25d01h01m:10,20,40,20,40,35
25d01h35m-25d02h38m:42,08,42,15,47,15,47,27,55,27
25d02h37m-25d03h27m:15,40,27,40
25d03h07m-25d06h03m:15,25,15,30,20,30,20,35,30,35,30,40
25d03h23m-25d05h22m:05,20,05,35
25d03h57m-25d05h39m:15,10,30,10,30,18
25d04h03m-25d04h41m:05,20,05,35
25d05h01m-25d06h33m:60,10,60,25
25d08h02m-25d09h59m:25,45,45,45,45,40
25d08h17m-25d09h16m:05,20,05,35
25d08h25m-25d09h06m:15,40,27,40
25d10h13m-25d11h33m:67,37,67,22
25d14h53m-25d18h29m:42,08,42,15,47,15,47,27,55,27
25d16h30m-25d17h19m:08,03,08,23,20,23
25d17h44m-25d19h57m:15,03,22,03,22,08,37,08,37,12
25d18h33m-25d20h45m:15,40,27,40
25d20h36m-25d23h03m:67,37,67,22
25d23h45m-26d00h30m:25,45,45,45,45,40
26d00h20m-26d01h47m:15,40,27,40
26d01h02m-26d03h12m:10,20,40,20,40,35
26d06h34m-26d08h55m:05,20,05,35
26d07h30m-26d11h26m:10,20,40,20,40,35
26d09h11m-26d11h55m:25,25,30,25,30,30,35,30
26d10h19m-26d11h01m:15,03,22,03,22,08,37,08,37,12
26d10h26m-26d13h44m:57,30,57,45
26d12h14m-26d16h14m:15,25,15,30,20,30,20,35,30,35,30,40
26d12h48m-26d14h31m:10,20,40,20,40,35
26d13h19m-26d16h21m:10,20,40,20,40,35
26d13h32m-26d16h07m:25,45,45,45,45,40
26d14h18m-26d15h34m:15,03,22,03,22,08,37,08,37,12
26d18h44m-26d22h27m:25,25,30,25,30,30,35,30
26d19h06m-26d19h58m:05,20,05,35
26d19h14m-26d21h03m:15,40,27,40
26d19h25m-26d22h56m:25,25,30,25,30,30,35,30
26d20h35m-26d22h23m:15,10,30,10,30,18
26d20h38m-26d22h58m:17,15,25,15
26d21h26m-26d23h46m:25,25,30,25,30,30,35,30
26d21h59m-26d23h22m:08,03,08,23,20,23
26d22h48m-27d02h25m:17,15,25,15
26d23h24m-27d03h00m:25,25,30,25,30,30,35,30
27d02h21m-27d04h03m:67,37,67,22
27d02h44m-27d05h19m:57,30,57,45
27d04h32m-27d05h23m:15,03,22,03,22,08,37,08,37,12
27d05h08m-27d05h50m:67,37,67,22
27d05h54m-27d07h16m:17,15,25,15
27d07h05m-27d08h43m:57,30,57,45
27d07h17m-27d08h15m:05,20,05,35
27d09h38m-27d12h55m:08,03,08,23,20,23
27d10h17m-27d12h03m:15,10,30,10,30,18
27d11h01m-27d13h28m:15,10,30,10,30,18
27d11h46m-27d14h52m:15,03,22,03,22,08,37,08,37,12
27d13h32m-27d16h01m:15,40,27,40
27d14h18m-27d17h04m:05,20,05,35
27d15h41m-27d18h36m:57,30,57,45
27d16h09m-27d19h33m:42,08,42,15,47,15,47,27,55,27
27d17h30m-27d21h11m:67,37,67,22
27d18h05m-27d22h02m:25,25,30,25,30,30,35,30
27d18h25m-27d22h11m:25,25,30,25,30,30,35,30
27d21h36m-28d00h01m:15,25,15,30,20,30,20,35,30,35,30,40
27d21h56m-28d00h15m:05,20,05,35
27d21h57m-27d23h10m:05,20,05,35
27d22h06m-28d00h09m:67,37,67,22
27d22h25m-28d02h09m:50,10,55,10,55,25
27d22h36m-28d01h20m:67,37,67,22
27d23h26m-28d02h30m:15,40,27,40
27d23h39m-28d02h04m:25,25,30,25,30,30,35,30
27d23h42m-28d00h22m:57,30,57,45
28d00h39m-28d02h35m:57,30,57,45
28d01h11m-28d02h38m:25,25,30,25,30,30,35,30
28d01h33m-28d03h32m:10,20,40,20,40,35
28d04h55m-28d08h34m:25,25,30,25,30,30,35,30
28d06h18m-28d09h11m:67,37,67,22
28d06h22m-28d08h00m:15,10,30,10,30,18
28d07h10m-28d10h01m:60,10,60,25
28d07h11m-28d10h32m:50,10,55,10,55,25
28d09h34m-28d12h01m:15,03,22,03,22,08,37,08,37,12
28d10h02m-28d13h19m:15,03,22,03,22,08,37,08,37,12
28d11h20m-28d13h14m:67,37,67,22
28d14h29m-28d16h50m:05,20,05,35
28d14h36m-28d16h28m:15,25,15,30,20,30,20,35,30,35,30,40
28d14h59m-28d16h49m:42,08,42,15,47,15,47,27,55,27
28d18h27m-28d21h03m:08,03,08,23,20,23
28d19h00m-28d21h07m:50,10,55,10,55,25
28d22h15m-28d22h58m:60,10,60,25
29d00h24m-29d00h44m:57,30,57,45
29d01h38m-29d03h03m:05,20,05,35
29d02h02m-29d05h45m:15,10,30,10,30,18
29d03h13m-29d04h42m:08,03,08,23,20,23
29d04h35m-29d04h53m:15,25,15,30,20,30,20,35,30,35,30,40
29d05h21m-29d06h11m:15,10,30,10,30,18
29d05h41m-29d09h11m:08,03,08,23,20,23
29d06h37m-29d09h34m:05,20,05,35
29d07h01m-29d08h02m:17,15,25,15
29d08h41m-29d09h44m:50,10,55,10,55,25
29d09h36m-29d11h47m:25,45,45,45,45,40
29d09h38m-29d12h35m:05,20,05,35
29d09h45m-29d12h10m:50,10,55,10,55,25
29d10h36m-29d13h01m:42,08,42,15,47,15,47,27,55,27
29d11h03m-29d13h10m:50,10,55,10,55,25
29d11h12m-29d14h52m:15,03,22,03,22,08,37,08,37,12
29d15h11m-29d18h03m:67,37,67,22
29d16h19m-29d18h57m:15,10,30,10,30,18
29d17h31m-29d20h26m:08,03,08,23,20,23
29d19h25m-29d20h16m:25,25,30,25,30,30,35,30
29d20h20m-29d22h09m:05,20,05,35
29d20h33m-29d23h21m:25,45,45,45,45,40
29d21h12m-29d23h39m:57,30,57,45
29d22h01m-30d00h55m:08,03,08,23,20,23
29d22h16m-30d01h29m:17,15,25,15
30d00h38m-30d00h59m:17,15,25,15
30d02h11m-30d05h56m:25,25,30,25,30,30,35,30
30d02h49m-30d05h16m:15,40,27,40
30d05h19m-30d06h55m:08,03,08,23,20,23
30d09h46m-30d11h52m:50,10,55,10,55,25
30d09h58m-30d13h54m:08,03,08,23,20,23
30d10h18m-30d11h35m:15,40,27,40
30d14h30m-30d16h32m:15,40,27,40
30d15h59m-30d16h45m:15,03,22,03,22,08,37,08,37,12
30d18h24m-30d22h09m:25,45,45,45,45,40
30d18h37m-30d19h12m:05,20,05,35
30d20h33m-30d21h45m:17,15,25,15
31d01h39m-31d02h08m:08,03,08,23,20,23
31d02h18m-31d04h28m:42,08,42,15,47,15,47,27,55,27
31d03h57m-31d04h56m:67,37,67,22
31d04h31m-31d06h40m:15,10,30,10,30,18
31d05h16m-31d07h03m:05,20,05,35
31d06h59m-31d08h10m:15,25,15,30,20,30,20,35,30,35,30,40
31d10h02m-31d13h19m:67,37,67,22
31d14h03m-31d14h44m:67,37,67,22
31d14h25m-31d17h43m:05,20,05,35
31d21h18m-31d23h59m:25,25,30,25,30,30,35,30
