01d00h58m-01d04h27m:25,25,30,25,30,30,35,30
01d01h07m-01d04h10m:15,40,27,40
01d01h17m-01d04h22m:15,03,22,03,22,08,37,08,37,12
01d03h29m-01d05h33m:25,45,45,45,45,40
01d06h19m-01d08h21m:57,30,57,45
01d06h29m-01d06h50m:10,20,40,20,40,35
01d09h25m-01d12h37m:25,45,45,45,45,40
01d10h30m-01d13h17m:60,10,60,25
01d10h52m-01d13h13m:15,25,15,30,20,30,20,35,30,35,30,40
01d11h42m-01d12h02m:50,10,55,10,55,25
01d13h53m-01d17h30m:57,30,57,45
01d16h27m-01d17h41m:50,10,55,10,55,25
01d17h10m-01d19h01m:25,25,30,25,30,30,35,30
01d17h49m-01d18h39m:15,10,30,10,30,18
01d18h19m-01d21h10m:15,40,27,40
01d20h00m-01d22h18m:50,10,55,10,55,25
01d20h38m-01d22h48m:15,25,15,30,20,30,20,35,30,35,30,40
01d21h38m-02d01h18m:08,03,08,23,20,23
01d22h40m-02d02h00m:42,08,42,15,47,15,47,27,55,27
02d01h08m-02d04h40m:08,03,08,23,20,23
02d04h38m-02d06h36m:67,37,67,22
02d05h25m-02d07h31m:10,20,40,20,40,35
02d05h38m-02d06h53m:08,03,08,23,20,23
02d06h14m-02d10h12m:67,37,67,22
02d06h38m-02d07h16m:50,10,55,10,55,25
02d06h39m-02d09h25m:15,10,30,10,30,18
02d07h24m-02d09h59m:05,20,05,35
02d07h24m-02d10h08m:15,03,22,03,22,08,37,08,37,12
02d07h25m-02d08h35m:50,10,55,10,55,25
02d11h31m-02d14h23m:17,15,25,15
02d13h19m-02d14h08m:10,20,40,20,40,35
02d13h54m-02d15h38m:25,25,30,25,30,30,35,30
02d15h15m-02d16h07m:08,03,08,23,20,23
02d15h29m-02d16h30m:25,45,45,45,45,40
02d15h45m-02d18h33m:15,40,27,40
02d15h56m-02d19h42m:15,10,30,10,30,18
02d16h59m-02d18h02m:50,10,55,10,55,25
02d17h07m-02d18h12m:10,20,40,20,40,35
02d18h23m-02d19h20m:15,10,30,10,30,18
02d20h19m-02d23h33m:08,03,08,23,20,23
02d20h22m-02d20h51m:15,03,22,03,22,08,37,08,37,12
02d20h52m-02d21h48m:42,08,42,15,47,15,47,27,55,27
02d21h15m-02d23h50m:25,45,45,45,45,40
02d21h34m-03d00h08m:50,10,55,10,55,25
02d21h36m-02d23h05m:57,30,57,45
02d22h12m-03d00h01m:60,10,60,25
03d00h31m-03d02h07m:08,03,08,23,20,23
03d01h41m-03d02h16m:25,45,45,45,45,40
03d02h48m-03d03h31m:60,10,60,25
03d05h59m-03d07h04m:57,30,57,45
03d11h05m-03d12h48m:60,10,60,25
03d11h38m-03d12h30m:08,03,08,23,20,23
03d11h50m-03d12h24m:15,03,22,03,22,08,37,08,37,12
03d16h16m-03d17h16m:15,40,27,40
03d16h31m-03d18h51m:42,08,42,15,47,15,47,27,55,27
03d19h48m-03d20h44m:15,10,30,10,30,18
04d00h16m-04d04h11m:25,45,45,45,45,40
04d04h21m-04d05h10m:60,10,60,25
04d06h25m-04d10h15m:67,37,67,22
04d06h44m-04d07h15m:25,45,45,45,45,40
04d09h08m-04d10h51m:57,30,57,45
04d09h13m-04d12h59m:25,25,30,25,30,30,35,30
04d09h47m-04d10h05m:25,25,30,25,30,30,35,30
04d11h06m-04d12h28m:15,10,30,10,30,18
04d13h03m-04d16h36m:05,20,05,35
04d13h23m-04d15h01m:15,10,30,10,30,18
04d21h30m-04d22h05m:08,03,08,23,20,23
04d22h31m-05d00h07m:25,25,30,25,30,30,35,30
05d00h29m-05d04h09m:15,25,15,30,20,30,20,35,30,35,30,40
05d01h50m-05d04h35m:67,37,67,22
05d02h08m-05d04h32m:57,30,57,45
05d03h00m-05d04h14m:15,25,15,30,20,30,20,35,30,35,30,40
05d03h35m-05d05h14m:60,10,60,25
05d03h45m-05d05h26m:15,10,30,10,30,18
05d04h37m-05d07h05m:15,25,15,30,20,30,20,35,30,35,30,40
05d05h26m-05d05h58m:15,25,15,30,20,30,20,35,30,35,30,40
05d05h26m-05d07h25m:50,10,55,10,55,25
05d07h31m-05d11h30m:15,25,15,30,20,30,20,35,30,35,30,40
05d12h25m-05d13h40m:67,37,67,22
05d15h00m-05d16h27m:25,45,45,45,45,40
05d15h07m-05d18h32m:60,10,60,25
05d15h48m-05d19h25m:50,10,55,10,55,25
05d19h30m-05d20h25m:50,10,55,10,55,25
05d19h42m-05d20h22m:05,20,05,35
05d20h43m-05d21h53m:15,40,27,40
05d21h12m-05d23h38m:50,10,55,10,55,25
05d22h46m-05d23h20m:42,08,42,15,47,15,47,27,55,27
05d22h47m-06d01h58m:08,03,08,23,20,23
05d22h48m-05d23h20m:17,15,25,15
05d23h11m-06d01h18m:10,20,40,20,40,35
06d00h04m-06d00h33m:67,37,67,22
06d02h59m-06d03h52m:15,03,22,03,22,08,37,08,37,12
06d03h33m-06d06h20m:57,30,57,45
06d03h39m-06d04h01m:08,03,08,23,20,23
06d03h47m-06d04h18m:15,40,27,40
06d04h33m-06d08h15m:15,25,15,30,20,30,20,35,30,35,30,40
06d05h13m-06d06h01m:15,40,27,40
06d05h24m-06d06h52m:25,45,45,45,45,40
06d06h39m-06d07h46m:25,45,45,45,45,40
06d07h51m-06d10h21m:57,30,57,45
06d08h19m-06d11h23m:42,08,42,15,47,15,47,27,55,27
06d08h34m-06d10h23m:15,10,30,10,30,18
06d12h00m-06d12h38m:17,15,25,15
06d12h43m-06d15h25m:17,15,25,15
06d15h23m-06d16h54m:15,40,27,40
06d16h14m-06d18h05m:50,10,55,10,55,25
06d17h45m-06d20h35m:15,03,22,03,22,08,37,08,37,12
06d18h09m-06d21h09m:60,10,60,25
06d19h20m-06d20h55m:50,10,55,10,55,25
06d19h37m-06d21h45m:57,30,57,45
06d20h50m-06d23h09m:15,10,30,10,30,18
06d20h55m-07d00h50m:15,25,15,30,20,30,20,35,30,35,30,40
06d21h17m-07d00h43m:67,37,67,22
06d21h57m-07d01h06m:60,10,60,25
06d22h30m-07d01h10m:15,10,30,10,30,18
07d00h06m-07d03h32m:15,10,30,10,30,18
07d01h52m-07d02h45m:17,15,25,15
07d02h07m-07d05h50m:50,10,55,10,55,25
07d02h09m-07d03h47m:25,45,45,45,45,40
07d04h20m-07d06h07m:25,45,45,45,45,40
07d04h23m-07d06h22m:10,20,40,20,40,35
07d05h25m-07d06h34m:15,25,15,30,20,30,20,35,30,35,30,40
07d06h19m-07d08h19m:10,20,40,20,40,35
07d07h18m-07d09h28m:60,10,60,25
07d09h09m-07d13h01m:42,08,42,15,47,15,47,27,55,27
07d10h11m-07d13h17m:50,10,55,10,55,25
07d10h32m-07d11h01m:10,20,40,20,40,35
07d12h16m-07d15h55m:60,10,60,25
07d12h24m-07d14h09m:10,20,40,20,40,35
07d12h46m-07d15h02m:67,37,67,22
07d13h05m-07d14h26m:05,20,05,35
07d14h33m-07d15h15m:60,10,60,25
07d14h51m-07d17h39m:10,20,40,20,40,35
07d16h14m-07d19h52m:15,40,27,40
07d16h59m-07d19h34m:42,08,42,15,47,15,47,27,55,27
07d17h25m-07d18h56m:15,03,22,03,22,08,37,08,37,12
07d17h54m-07d19h10m:15,40,27,40
07d18h54m-07d19h31m:15,25,15,30,20,30,20,35,30,35,30,40
07d19h53m-07d22h08m:67,37,67,22
07d20h10m-07d20h40m:67,37,67,22
07d20h29m-07d22h12m:15,10,30,10,30,18
07d22h30m-07d23h54m:50,10,55,10,55,25
08d00h42m-08d03h48m:42,08,42,15,47,15,47,27,55,27
08d01h35m-08d05h01m:25,45,45,45,45,40
08d03h09m-08d03h50m:15,40,27,40
08d03h47m-08d04h08m:15,25,15,30,20,30,20,35,30,35,30,40
08d05h02m-08d06h22m:15,25,15,30,20,30,20,35,30,35,30,40
08d05h21m-08d05h40m:17,15,25,15
08d07h31m-08d11h03m:60,10,60,25
08d07h51m-08d10h29m:08,03,08,23,20,23
08d09h00m-08d12h02m:15,03,22,03,22,08,37,08,37,12
08d09h21m-08d10h09m:50,10,55,10,55,25
08d12h31m-08d15h45m:15,03,22,03,22,08,37,08,37,12
08d13h12m-08d14h42m:67,37,67,22
08d15h04m-08d17h55m:50,10,55,10,55,25
08d16h51m-08d18h34m:15,03,22,03,22,08,37,08,37,12
08d17h38m-08d20h23m:10,20,40,20,40,35
08d17h55m-08d19h52m:15,40,27,40
08d19h50m-08d23h26m:60,10,60,25
08d21h00m-08d22h55m:25,25,30,25,30,30,35,30
08d23h20m-09d02h07m:05,20,05,35
09d01h49m-09d03h45m:10,20,40,20,40,35
09d02h05m-09d03h38m:08,03,08,23,20,23
09d02h22m-09d05h25m:42,08,42,15,47,15,47,27,55,27
09d03h07m-09d04h17m:15,25,15,30,20,30,20,35,30,35,30,40
09d04h01m-09d07h25m:67,37,67,22
09d04h03m-09d07h11m:17,15,25,15
09d05h33m-09d06h12m:10,20,40,20,40,35
09d06h13m-09d09h16m:15,10,30,10,30,18
09d09h05m-09d09h37m:15,10,30,10,30,18
09d09h37m-09d09h56m:25,25,30,25,30,30,35,30
09d09h50m-09d12h15m:25,25,30,25,30,30,35,30
09d10h47m-09d13h59m:15,03,22,03,22,08,37,08,37,12
09d12h28m-09d14h58m:25,25,30,25,30,30,35,30
09d13h54m-09d15h13m:15,25,15,30,20,30,20,35,30,35,30,40
09d18h08m-09d19h50m:15,25,15,30,20,30,20,35,30,35,30,40
09d19h49m-09d23h28m:57,30,57,45
09d20h16m-09d22h00m:05,20,05,35
09d22h00m-10d01h12m:15,40,27,40
09d22h58m-10d00h46m:57,30,57,45
09d23h47m-10d00h58m:17,15,25,15
10d02h54m-10d05h25m:15,03,22,03,22,08,37,08,37,12
10d02h55m-10d05h40m:05,20,05,35
10d04h35m-10d05h36m:15,10,30,10,30,18
10d10h15m-10d12h20m:60,10,60,25
10d10h42m-10d14h37m:17,15,25,15
10d11h09m-10d11h28m:67,37,67,22
10d11h32m-10d14h50m:42,08,42,15,47,15,47,27,55,27
10d14h02m-10d14h35m:25,45,45,45,45,40
10d20h29m-10d23h34m:05,20,05,35
10d21h07m-10d23h41m:25,25,30,25,30,30,35,30
11d00h40m-11d01h14m:15,03,22,03,22,08,37,08,37,12
11d01h03m-11d02h40m:67,37,67,22
11d01h48m-11d04h18m:15,40,27,40
11d02h41m-11d06h19m:25,45,45,45,45,40
11d04h34m-11d04h50m:25,25,30,25,30,30,35,30
11d05h56m-11d07h33m:05,20,05,35
11d06h18m-11d09h01m:10,20,40,20,40,35
11d07h23m-11d11h01m:15,40,27,40
11d07h30m-11d08h37m:10,20,40,20,40,35
11d07h58m-11d09h13m:42,08,42,15,47,15,47,27,55,27
11d09h12m-11d11h20m:67,37,67,22
11d09h25m-11d13h03m:15,40,27,40
11d10h07m-11d10h55m:15,10,30,10,30,18
11d11h25m-11d13h19m:15,40,27,40
11d12h50m-11d14h33m:05,20,05,35
11d12h56m-11d15h04m:60,10,60,25
11d15h50m-11d19h13m:25,45,45,45,45,40
11d15h52m-11d18h09m:05,20,05,35
11d16h10m-11d17h16m:15,03,22,03,22,08,37,08,37,12
11d16h43m-11d18h58m:15,03,22,03,22,08,37,08,37,12
11d17h14m-11d17h33m:10,20,40,20,40,35
11d17h19m-11d19h39m:42,08,42,15,47,15,47,27,55,27
11d17h21m-11d20h32m:50,10,55,10,55,25
11d18h27m-11d20h37m:42,08,42,15,47,15,47,27,55,27
11d19h30m-11d22h56m:15,40,27,40
11d20h08m-11d20h56m:15,25,15,30,20,30,20,35,30,35,30,40
11d20h59m-11d21h18m:42,08,42,15,47,15,47,27,55,27
11d21h43m-12d01h13m:60,10,60,25
11d22h18m-11d23h01m:42,08,42,15,47,15,47,27,55,27
12d00h09m-12d01h40m:15,03,22,03,22,08,37,08,37,12
12d02h45m-12d04h47m:17,15,25,15
12d03h12m-12d07h02m:25,45,45,45,45,40
12d04h08m-12d07h20m:25,45,45,45,45,40
12d04h52m-12d06h27m:67,37,67,22
12d05h18m-12d05h43m:57,30,57,45
12d06h57m-12d10h29m:15,40,27,40
12d10h43m-12d12h01m:05,20,05,35
12d10h50m-12d12h39m:17,15,25,15
12d10h59m-12d14h41m:17,15,25,15
12d11h04m-12d13h27m:15,03,22,03,22,08,37,08,37,12
12d14h21m-12d15h56m:50,10,55,10,55,25
12d14h47m-12d18h40m:15,40,27,40
12d15h26m-12d17h10m:60,10,60,25
12d15h54m-12d18h58m:15,40,27,40
12d17h53m-12d18h28m:25,25,30,25,30,30,35,30
12d19h09m-12d21h56m:25,45,45,45,45,40
12d22h15m-12d22h56m:57,30,57,45
12d22h15m-12d23h15m:50,10,55,10,55,25
12d22h57m-13d02h57m:60,10,60,25
13d00h37m-13d03h16m:60,10,60,25
13d03h44m-13d07h10m:25,25,30,25,30,30,35,30
13d04h26m-13d07h14m:60,10,60,25
13d04h42m-13d06h22m:25,25,30,25,30,30,35,30
13d05h23m-13d08h16m:10,20,40,20,40,35
13d05h50m-13d08h57m:15,25,15,30,20,30,20,35,30,35,30,40
13d05h58m-13d06h45m:15,03,22,03,22,08,37,08,37,12
13d07h01m-13d07h25m:08,03,08,23,20,23
13d07h20m-13d10h55m:15,25,15,30,20,30,20,35,30,35,30,40
13d10h23m-13d10h45m:15,03,22,03,22,08,37,08,37,12
13d11h07m-13d13h43m:17,15,25,15
13d11h12m-13d13h38m:42,08,42,15,47,15,47,27,55,27
13d13h11m-13d13h56m:15,40,27,40
13d13h27m-13d17h25m:50,10,55,10,55,25
13d14h40m-13d15h07m:25,25,30,25,30,30,35,30
13d14h47m-13d16h22m:05,20,05,35
13d15h24m-13d17h16m:10,20,40,20,40,35
13d18h31m-13d21h19m:15,10,30,10,30,18
13d18h36m-13d20h35m:50,10,55,10,55,25
13d18h56m-13d20h57m:17,15,25,15
13d19h52m-13d23h39m:25,25,30,25,30,30,35,30
13d20h14m-13d21h50m:50,10,55,10,55,25
13d20h30m-13d23h20m:15,10,30,10,30,18
13d23h59m-14d03h07m:67,37,67,22
14d00h36m-14d01h22m:50,10,55,10,55,25
14d00h43m-14d01h07m:15,25,15,30,20,30,20,35,30,35,30,40
14d01h12m-14d03h11m:15,10,30,10,30,18
14d01h29m-14d02h18m:08,03,08,23,20,23
14d03h43m-14d06h27m:10,20,40,20,40,35
14d03h47m-14d06h32m:15,03,22,03,22,08,37,08,37,12
14d04h11m-14d08h06m:15,03,22,03,22,08,37,08,37,12
14d04h16m-14d07h19m:15,40,27,40
14d07h39m-14d07h57m:25,45,45,45,45,40
14d08h53m-14d10h52m:15,03,22,03,22,08,37,08,37,12
14d08h59m-14d11h21m:17,15,25,15
14d09h34m-14d13h19m:15,25,15,30,20,30,20,35,30,35,30,40
14d09h43m-14d12h18m:42,08,42,15,47,15,47,27,55,27
14d09h46m-14d13h39m:50,10,55,10,55,25
14d10h36m-14d11h04m:15,25,15,30,20,30,20,35,30,35,30,40
14d12h39m-14d14h20m:42,08,42,15,47,15,47,27,55,27
14d12h43m-14d15h40m:15,40,27,40
14d13h08m-14d16h00m:25,45,45,45,45,40
14d13h18m-14d15h13m:60,10,60,25
14d14h34m-14d16h24m:05,20,05,35
14d15h26m-14d15h41m:15,03,22,03,22,08,37,08,37,12
14d16h11m-14d17h37m:05,20,05,35
14d16h11m-14d19h53m:15,40,27,40
14d16h55m-14d19h08m:15,03,22,03,22,08,37,08,37,12
14d17h38m-14d18h39m:42,08,42,15,47,15,47,27,55,27
14d20h33m-14d21h31m:15,10,30,10,30,18
14d21h24m-15d00h13m:17,15,25,15
14d22h31m-15d00h21m:25,45,45,45,45,40
14d22h56m-15d01h56m:67,37,67,22
15d00h41m-15d03h35m:08,03,08,23,20,23
15d01h53m-15d03h47m:15,10,30,10,30,18
15d02h54m-15d05h32m:42,08,42,15,47,15,47,27,55,27
15d03h53m-15d05h11m:42,08,42,15,47,15,47,27,55,27
15d07h58m-15d10h44m:17,15,25,15
15d08h05m-15d09h38m:67,37,67,22
15d10h27m-15d14h21m:57,30,57,45
15d12h14m-15d12h47m:15,03,22,03,22,08,37,08,37,12
15d12h30m-15d15h23m:10,20,40,20,40,35
15d12h48m-15d13h57m:25,25,30,25,30,30,35,30
15d13h15m-15d17h07m:42,08,42,15,47,15,47,27,55,27
15d14h38m-15d18h27m:08,03,08,23,20,23
15d17h11m-15d19h52m:10,20,40,20,40,35
15d20h29m-15d22h20m:57,30,57,45
15d21h35m-15d23h45m:15,10,30,10,30,18
16d02h09m-16d04h33m:42,08,42,15,47,15,47,27,55,27
16d06h58m-16d08h47m:15,40,27,40
16d09h14m-16d13h05m:25,45,45,45,45,40
16d10h16m-16d13h02m:25,25,30,25,30,30,35,30
16d14h01m-16d16h05m:15,03,22,03,22,08,37,08,37,12
16d14h07m-16d14h42m:08,03,08,23,20,23
16d14h34m-16d14h56m:25,25,30,25,30,30,35,30
16d15h58m-16d16h25m:15,40,27,40
16d19h15m-16d20h14m:10,20,40,20,40,35
16d19h36m-16d23h26m:08,03,08,23,20,23
16d20h45m-16d22h44m:25,45,45,45,45,40
16d23h09m-17d00h50m:17,15,25,15
17d00h21m-17d00h46m:15,03,22,03,22,08,37,08,37,12
17d00h37m-17d03h09m:10,20,40,20,40,35
17d00h41m-17d02h37m:50,10,55,10,55,25
17d02h23m-17d04h21m:42,08,42,15,47,15,47,27,55,27
17d03h33m-17d05h12m:60,10,60,25
17d04h21m-17d06h41m:42,08,42,15,47,15,47,27,55,27
17d04h33m-17d06h28m:10,20,40,20,40,35
17d05h37m-17d09h28m:15,25,15,30,20,30,20,35,30,35,30,40
17d05h43m-17d06h24m:10,20,40,20,40,35
17d06h22m-17d10h03m:25,45,45,45,45,40
17d07h52m-17d08h47m:25,45,45,45,45,40
17d08h41m-17d12h23m:25,25,30,25,30,30,35,30
17d09h15m-17d11h41m:67,37,67,22
17d09h45m-17d11h52m:15,10,30,10,30,18
17d13h38m-17d15h49m:25,45,45,45,45,40
17d14h32m-17d17h05m:10,20,40,20,40,35
17d14h55m-17d16h48m:67,37,67,22
17d15h17m-17d16h09m:60,10,60,25
17d15h32m-17d15h59m:60,10,60,25
17d16h00m-17d19h21m:57,30,57,45
17d16h33m-17d18h48m:57,30,57,45
17d19h54m-17d20h27m:57,30,57,45
17d20h20m-17d22h52m:15,25,15,30,20,30,20,35,30,35,30,40
17d20h22m-17d22h40m:25,25,30,25,30,30,35,30
17d21h46m-17d22h30m:10,20,40,20,40,35
17d23h10m-18d02h59m:08,03,08,23,20,23
17d23h31m-17d23h55m:50,10,55,10,55,25
17d23h41m-18d00h39m:15,10,30,10,30,18
18d00h11m-18d00h45m:42,08,42,15,47,15,47,27,55,27
18d01h17m-18d03h01m:08,03,08,23,20,23
18d01h29m-18d02h03m:67,37,67,22
18d01h41m-18d04h27m:60,10,60,25
18d01h59m-18d02h54m:67,37,67,22
18d03h32m-18d04h01m:05,20,05,35
18d03h59m-18d07h46m:60,10,60,25
18d04h31m-18d06h20m:15,10,30,10,30,18
18d04h42m-18d06h05m:67,37,67,22
18d07h24m-18d10h54m:25,45,45,45,45,40
18d08h22m-18d10h54m:15,25,15,30,20,30,20,35,30,35,30,40
18d08h25m-18d10h36m:05,20,05,35
18d10h08m-18d14h00m:15,40,27,40
18d10h50m-18d14h05m:08,03,08,23,20,23
18d11h17m-18d14h43m:42,08,42,15,47,15,47,27,55,27
18d11h42m-18d14h49m:15,40,27,40
18d11h57m-18d13h06m:60,10,60,25
18d12h55m-18d13h43m:10,20,40,20,40,35
18d13h04m-18d16h33m:60,10,60,25
18d15h07m-18d16h23m:42,08,42,15,47,15,47,27,55,27
18d15h21m-18d17h41m:15,03,22,03,22,08,37,08,37,12
18d16h47m-18d20h22m:42,08,42,15,47,15,47,27,55,27
18d17h13m-18d20h26m:67,37,67,22
18d17h52m-18d20h52m:08,03,08,23,20,23
18d19h00m-18d22h54m:60,10,60,25
18d21h05m-18d22h59m:15,10,30,10,30,18
18d23h33m-19d03h07m:17,15,25,15
19d03h00m-19d03h59m:25,25,30,25,30,30,35,30
19d03h02m-19d03h32m:67,37,67,22
19d03h59m-19d04h39m:42,08,42,15,47,15,47,27,55,27
19d05h48m-19d09h18m:50,10,55,10,55,25
19d08h28m-19d09h45m:15,10,30,10,30,18
19d09h24m-19d09h39m:08,03,08,23,20,23
19d09h33m-19d12h04m:25,45,45,45,45,40
19d09h54m-19d10h34m:50,10,55,10,55,25
19d12h04m-19d13h38m:15,10,30,10,30,18
19d12h22m-19d15h16m:50,10,55,10,55,25
19d14h48m-19d17h22m:15,40,27,40
19d19h57m-19d22h10m:05,20,05,35
19d20h27m-19d22h11m:15,40,27,40
19d21h20m-20d00h32m:15,40,27,40
19d22h27m-20d02h27m:17,15,25,15
20d00h54m-20d04h10m:08,03,08,23,20,23
20d01h05m-20d04h04m:60,10,60,25
20d01h09m-20d04h04m:15,03,22,03,22,08,37,08,37,12
20d02h41m-20d03h23m:17,15,25,15
20d02h53m-20d04h59m:05,20,05,35
20d04h34m-20d07h40m:67,37,67,22
20d07h43m-20d10h21m:15,10,30,10,30,18
20d08h17m-20d09h06m:67,37,67,22
20d09h04m-20d12h38m:42,08,42,15,47,15,47,27,55,27
20d10h09m-20d13h24m:08,03,08,23,20,23
20d11h16m-20d11h49m:15,10,30,10,30,18
20d11h28m-20d13h10m:17,15,25,15
20d12h16m-20d15h03m:25,25,30,25,30,30,35,30
20d15h33m-20d19h14m:05,20,05,35
20d19h59m-20d23h53m:05,20,05,35
20d20h15m-21d00h15m:10,20,40,20,40,35
20d20h47m-20d22h19m:15,25,15,30,20,30,20,35,30,35,30,40
20d23h34m-21d01h05m:42,08,42,15,47,15,47,27,55,27
20d23h44m-21d01h54m:10,20,40,20,40,35
21d02h02m-21d04h50m:25,45,45,45,45,40
21d04h32m-21d06h25m:50,10,55,10,55,25
21d06h01m-21d07h58m:05,20,05,35
21d07h04m-21d10h15m:67,37,67,22
21d07h27m-21d08h56m:25,25,30,25,30,30,35,30
21d08h39m-21d11h34m:15,25,15,30,20,30,20,35,30,35,30,40
21d10h18m-21d12h50m:42,08,42,15,47,15,47,27,55,27
21d11h20m-21d12h51m:15,25,15,30,20,30,20,35,30,35,30,40
21d11h30m-21d13h28m:67,37,67,22
21d11h44m-21d14h16m:25,45,45,45,45,40
21d11h59m-21d15h36m:15,03,22,03,22,08,37,08,37,12
21d14h30m-21d16h59m:42,08,42,15,47,15,47,27,55,27
21d14h38m-21d16h18m:67,37,67,22
21d15h41m-21d18h08m:15,03,22,03,22,08,37,08,37,12
21d16h48m-21d19h40m:57,30,57,45
21d16h51m-21d17h54m:60,10,60,25
21d17h00m-21d20h45m:15,40,27,40
21d17h25m-21d21h17m:60,10,60,25
21d17h48m-21d20h39m:05,20,05,35
21d17h55m-21d18h35m:57,30,57,45
21d18h59m-21d20h09m:15,10,30,10,30,18
21d19h45m-21d21h02m:08,03,08,23,20,23
21d19h48m-21d23h43m:17,15,25,15
21d20h16m-21d20h48m:17,15,25,15
21d21h08m-21d21h29m:08,03,08,23,20,23
21d21h12m-21d21h47m:42,08,42,15,47,15,47,27,55,27
21d22h06m-21d22h48m:17,15,25,15
21d23h35m-22d01h30m:60,10,60,25
21d23h36m-22d03h29m:25,25,30,25,30,30,35,30
22d01h40m-22d05h16m:42,08,42,15,47,15,47,27,55,27
22d02h42m-22d04h58m:60,10,60,25
22d02h59m-22d03h18m:17,15,25,15
22d05h31m-22d08h48m:15,25,15,30,20,30,20,35,30,35,30,40
22d05h41m-22d07h50m:25,45,45,45,45,40
22d05h53m-22d09h31m:57,30,57,45
22d07h33m-22d11h26m:57,30,57,45
22d09h51m-22d10h52m:57,30,57,45
22d12h37m-22d14h50m:60,10,60,25
22d20h11m-22d22h05m:15,40,27,40
22d20h56m-22d23h36m:15,10,30,10,30,18
22d21h14m-22d23h36m:15,03,22,03,22,08,37,08,37,12
22d21h21m-23d00h45m:15,25,15,30,20,30,20,35,30,35,30,40
22d23h25m-22d23h59m:05,20,05,35
23d00h59m-23d01h58m:17,15,25,15
23d01h10m-23d03h28m:15,40,27,40
23d03h41m-23d04h23m:25,25,30,25,30,30,35,30
23d04h06m-23d05h34m:67,37,67,22
23d04h29m-23d06h01m:17,15,25,15
23d08h40m-23d11h48m:08,03,08,23,20,23
23d09h25m-23d11h36m:25,25,30,25,30,30,35,30
23d10h36m-23d11h27m:25,25,30,25,30,30,35,30
23d12h01m-23d15h04m:25,25,30,25,30,30,35,30
23d14h00m-23d16h09m:50,10,55,10,55,25
23d15h38m-23d18h53m:50,10,55,10,55,25
23d15h48m-23d19h23m:50,10,55,10,55,25
23d16h48m-23d17h53m:50,10,55,10,55,25
23d17h05m-23d18h05m:05,20,05,35
23d19h41m-23d22h25m:15,10,30,10,30,18
23d20h02m-23d21h48m:57,30,57,45
23d21h35m-24d01h31m:57,30,57,45
24d01h56m-24d05h28m:67,37,67,22
24d07h06m-24d08h02m:50,10,55,10,55,25
24d07h26m-24d09h39m:08,03,08,23,20,23
24d08h01m-24d08h44m:10,20,40,20,40,35
24d08h36m-24d12h16m:15,03,22,03,22,08,37,08,37,12
24d08h40m-24d09h21m:25,25,30,25,30,30,35,30
24d09h07m-24d12h05m:15,25,15,30,20,30,20,35,30,35,30,40
24d13h06m-24d17h02m:17,15,25,15
24d13h53m-24d15h39m:67,37,67,22
24d13h55m-24d14h44m:15,10,30,10,30,18
24d15h55m-24d17h48m:15,40,27,40
24d20h49m-25d00h18m:15,03,22,03,22,08,37,08,37,12
24d23h01m-25d01h54m:15,25,15,30,20,30,20,35,30,35,30,40
25d02h42m-25d05h38m:50,10,55,10,55,25
25d03h37m-25d04h09m:15,03,22,03,22,08,37,08,37,12
25d07h24m-25d08h57m:42,08,42,15,47,15,47,27,55,27
25d08h07m-25d10h57m:15,10,30,10,30,18
25d09h38m-25d10h37m:15,03,22,03,22,08,37,08,37,12
25d12h01m-25d13h48m:50,10,55,10,55,25
25d14h12m-25d14h59m:25,45,45,45,45,40
25d14h51m-25d15h11m:05,20,05,35
25d17h16m-25d17h57m:25,25,30,25,30,30,35,30
25d17h42m-25d19h38m:15,03,22,03,22,08,37,08,37,12
25d18h31m-25d19h39m:15,40,27,40
25d20h16m-25d22h34m:60,10,60,25
25d21h03m-25d23h11m:08,03,08,23,20,23
25d23h53m-26d02h29m:57,30,57,45
26d03h22m-26d04h03m:42,08,42,15,47,15,47,27,55,27
26d05h26m-26d08h09m:08,03,08,23,20,23
26d07h35m-26d10h17m:15,40,27,40
26d07h36m-26d08h16m:25,25,30,25,30,30,35,30
26d07h47m-26d08h12m:67,37,67,22
26d10h04m-26d13h52m:60,10,60,25
26d10h41m-26d11h55m:05,20,05,35
26d11h36m-26d14h36m:25,25,30,25,30,30,35,30
26d11h50m-26d13h30m:10,20,40,20,40,35
26d12h43m-26d16h28m:08,03,08,23,20,23
26d12h48m-26d15h42m:25,45,45,45,45,40
26d12h57m-26d15h59m:17,15,25,15
26d13h13m-26d13h56m:15,25,15,30,20,30,20,35,30,35,30,40
26d16h01m-26d17h52m:67,37,67,22
26d16h46m-26d19h32m:08,03,08,23,20,23
26d17h12m-26d17h37m:15,25,15,30,20,30,20,35,30,35,30,40
26d17h27m-26d17h48m:10,20,40,20,40,35
26d17h40m-26d19h55m:25,45,45,45,45,40
26d19h12m-26d19h36m:15,03,22,03,22,08,37,08,37,12
26d19h12m-26d22h40m:17,15,25,15
26d19h44m-26d22h25m:15,40,27,40
26d21h07m-26d21h46m:17,15,25,15
26d21h24m-26d23h00m:15,03,22,03,22,08,37,08,37,12
26d21h48m-26d23h42m:15,03,22,03,22,08,37,08,37,12
27d02h16m-27d04h22m:60,10,60,25
27d04h08m-27d07h43m:67,37,67,22
27d04h43m-27d06h45m:10,20,40,20,40,35
27d04h55m-27d05h27m:15,40,27,40
27d06h54m-27d08h36m:15,10,30,10,30,18
27d09h17m-27d12h03m:08,03,08,23,20,23
27d10h34m-27d13h20m:60,10,60,25
27d12h29m-27d16h11m:15,25,15,30,20,30,20,35,30,35,30,40
27d13h29m-27d14h11m:15,03,22,03,22,08,37,08,37,12
27d13h54m-27d17h25m:42,08,42,15,47,15,47,27,55,27
27d14h04m-27d15h42m:57,30,57,45
27d14h26m-27d15h20m:17,15,25,15
27d19h26m-27d20h51m:15,03,22,03,22,08,37,08,37,12
27d22h06m-27d23h14m:60,10,60,25
28d00h13m-28d02h00m:15,03,22,03,22,08,37,08,37,12
28d02h55m-28d03h27m:15,25,15,30,20,30,20,35,30,35,30,40
28d03h49m-28d07h35m:17,15,25,15
28d05h25m-28d08h44m:25,25,30,25,30,30,35,30
28d06h48m-28d10h43m:17,15,25,15
28d07h36m-28d08h41m:05,20,05,35
28d08h02m-28d10h42m:15,10,30,10,30,18
28d11h09m-28d13h31m:08,03,08,23,20,23
28d12h28m-28d13h04m:25,25,30,25,30,30,35,30
28d13h26m-28d16h49m:60,10,60,25
28d16h24m-28d18h07m:57,30,57,45
28d18h14m-28d19h18m:15,25,15,30,20,30,20,35,30,35,30,40
29d00h08m-29d03h34m:57,30,57,45
29d01h09m-29d03h08m:67,37,67,22
29d02h14m-29d03h29m:25,45,45,45,45,40
29d04h41m-29d07h55m:67,37,67,22
29d06h15m-29d06h49m:15,40,27,40
29d07h35m-29d09h15m:50,10,55,10,55,25
29d09h26m-29d12h10m:50,10,55,10,55,25
29d12h22m-29d13h07m:08,03,08,23,20,23
29d12h56m-29d16h08m:05,20,05,35
29d13h05m-29d16h19m:42,08,42,15,47,15,47,27,55,27
29d14h19m-29d17h17m:50,10,55,10,55,25
29d14h47m-29d17h36m:15,40,27,40
29d18h54m-29d22h21m:57,30,57,45
29d21h36m-30d00h26m:15,40,27,40
30d00h02m-30d01h16m:15,10,30,10,30,18
30d00h35m-30d01h20m:15,10,30,10,30,18
30d01h42m-30d04h16m:57,30,57,45
30d01h57m-30d03h28m:25,45,45,45,45,40
30d03h48m-30d05h22m:25,25,30,25,30,30,35,30
30d04h23m-30d05h17m:15,03,22,03,22,08,37,08,37,12
30d04h55m-30d05h32m:15,40,27,40
30d06h17m-30d07h50m:15,10,30,10,30,18
30d07h09m-30d09h12m:15,25,15,30,20,30,20,35,30,35,30,40
30d07h42m-30d09h13m:15,40,27,40
30d07h49m-30d10h10m:08,03,08,23,20,23
30d08h18m-30d09h39m:60,10,60,25
30d08h55m-30d12h29m:17,15,25,15
30d09h36m-30d12h35m:42,08,42,15,47,15,47,27,55,27
30d09h44m-30d13h26m:08,03,08,23,20,23
30d09h54m-30d11h11m:60,10,60,25
30d10h50m-30d14h42m:10,20,40,20,40,35
30d12h02m-30d15h48m:08,03,08,23,20,23
30d12h42m-30d15h52m:50,10,55,10,55,25
30d12h48m-30d16h23m:57,30,57,45
30d13h14m-30d14h39m:42,08,42,15,47,15,47,27,55,27
30d13h35m-30d16h01m:57,30,57,45
30d14h54m-30d17h37m:50,10,55,10,55,25
30d15h06m-30d18h50m:57,30,57,45
30d15h27m-30d17h36m:15,25,15,30,20,30,20,35,30,35,30,40
30d17h43m-30d19h39m:17,15,25,15
30d21h21m-31d00h14m:15,10,30,10,30,18
30d23h21m-31d00h27m:42,08,42,15,47,15,47,27,55,27
31d00h22m-31d01h39m:15,03,22,03,22,08,37,08,37,12
31d02h39m-31d04h17m:15,25,15,30,20,30,20,35,30,35,30,40
31d04h34m-31d07h03m:57,30,57,45
31d05h20m-31d05h46m:15,40,27,40
31d06h25m-31d09h10m:15,25,15,30,20,30,20,35,30,35,30,40
31d10h07m-31d11h10m:15,40,27,40
31d10h13m-31d12h43m:15,25,15,30,20,30,20,35,30,35,30,40
31d10h27m-31d11h44m:25,45,45,45,45,40
31d11h08m-31d13h43m:15,10,30,10,30,18
31d16h05m-31d19h31m:60,10,60,25
31d19h47m-31d20h05m:05,20,05,35
31d20h26m-31d23h03m:15,03,22,03,22,08,37,08,37,12
31d20h34m-31d23h15m:15,10,30,10,30,18
31d21h58m-31d22h46m:67,37,67,22
31d23h00m-31d23h36m:05,20,05,35
