01d04h55m-01d07h02m:57,30,57,45
01d05h30m-01d06h54m:05,20,05,35
01d06h53m-01d10h17m:25,45,45,45,45,40
01d07h42m-01d10h09m:57,30,57,45
01d09h34m-01d10h51m:15,40,27,40
01d14h22m-01d14h46m:42,08,42,15,47,15,47,27,55,27
01d15h48m-01d17h32m:10,20,40,20,40,35
01d16h34m-01d19h36m:08,03,08,23,20,23
01d18h26m-01d20h45m:42,08,42,15,47,15,47,27,55,27
01d22h15m-01d23h16m:08,03,08,23,20,23
02d00h26m-02d01h22m:05,20,05,35
02d02h11m-02d02h28m:15,10,30,10,30,18
02d03h03m-02d04h35m:17,15,25,15
02d04h13m-02d06h43m:25,25,30,25,30,30,35,30
02d05h51m-02d06h58m:17,15,25,15
02d07h44m-02d11h14m:15,40,27,40
02d10h37m-02d13h11m:15,25,15,30,20,30,20,35,30,35,30,40
02d10h46m-02d14h22m:42,08,42,15,47,15,47,27,55,27
02d12h55m-02d14h51m:25,45,45,45,45,40
02d15h19m-02d17h07m:17,15,25,15
02d16h14m-02d17h11m:57,30,57,45
02d16h22m-02d16h51m:25,45,45,45,45,40
02d17h11m-02d17h50m:42,08,42,15,47,15,47,27,55,27
02d18h11m-02d20h47m:05,20,05,35
02d19h59m-02d23h24m:57,30,57,45
02d20h26m-02d21h53m:57,30,57,45
02d22h20m-03d00h53m:50,10,55,10,55,25
02d23h32m-03d01h08m:10,20,40,20,40,35
03d02h17m-03d02h43m:15,40,27,40
03d03h28m-03d06h17m:05,20,05,35
03d06h06m-03d09h30m:60,10,60,25
03d06h19m-03d10h11m:60,10,60,25
03d07h42m-03d10h59m:17,15,25,15
03d09h02m-03d11h24m:50,10,55,10,55,25
03d09h43m-03d12h44m:42,08,42,15,47,15,47,27,55,27
03d10h16m-03d11h22m:15,40,27,40
03d10h59m-03d12h56m:10,20,40,20,40,35
03d11h06m-03d13h32m:15,25,15,30,20,30,20,35,30,35,30,40
03d12h40m-03d13h15m:57,30,57,45
03d13h47m-03d17h36m:25,45,45,45,45,40
03d19h22m-03d20h49m:50,10,55,10,55,25
03d20h11m-03d20h56m:15,03,22,03,22,08,37,08,37,12
03d20h17m-03d21h14m:15,10,30,10,30,18
03d20h59m-03d23h13m:67,37,67,22
03d21h49m-03d22h07m:15,10,30,10,30,18
04d01h30m-04d02h38m:15,25,15,30,20,30,20,35,30,35,30,40
04d01h41m-04d03h00m:10,20,40,20,40,35
04d05h45m-04d08h12m:42,08,42,15,47,15,47,27,55,27
04d05h56m-04d07h53m:25,45,45,45,45,40
04d07h34m-04d10h46m:17,15,25,15
04d08h11m-04d10h52m:15,10,30,10,30,18
04d09h55m-04d11h26m:08,03,08,23,20,23
04d12h04m-04d13h11m:67,37,67,22
04d13h38m-04d14h27m:15,40,27,40
04d13h39m-04d15h42m:25,45,45,45,45,40
04d15h15m-04d16h09m:15,10,30,10,30,18
04d15h21m-04d18h08m:50,10,55,10,55,25
04d16h14m-04d18h50m:15,25,15,30,20,30,20,35,30,35,30,40
04d19h04m-04d22h22m:08,03,08,23,20,23
04d21h32m-04d22h00m:08,03,08,23,20,23
04d22h13m-04d22h52m:25,25,30,25,30,30,35,30
04d23h54m-05d02h21m:67,37,67,22
05d00h24m-05d01h17m:25,45,45,45,45,40
05d01h33m-05d01h49m:67,37,67,22
05d02h20m-05d05h54m:25,45,45,45,45,40
05d03h17m-05d06h09m:67,37,67,22
05d04h03m-05d05h09m:25,45,45,45,45,40
05d05h04m-05d08h14m:50,10,55,10,55,25
05d05h18m-05d06h29m:25,25,30,25,30,30,35,30
05d06h50m-05d10h33m:10,20,40,20,40,35
05d08h09m-05d09h07m:15,10,30,10,30,18
05d09h39m-05d12h35m:15,40,27,40
05d12h13m-05d12h33m:50,10,55,10,55,25
05d13h23m-05d16h47m:60,10,60,25
05d13h46m-05d16h56m:17,15,25,15
05d15h26m-05d18h00m:08,03,08,23,20,23
05d17h49m-05d19h05m:50,10,55,10,55,25
05d18h52m-05d20h24m:60,10,60,25
05d18h53m-05d20h08m:15,25,15,30,20,30,20,35,30,35,30,40
05d19h08m-05d22h33m:05,20,05,35
05d23h39m-06d02h06m:05,20,05,35
05d23h58m-06d03h25m:17,15,25,15
06d00h03m-06d03h48m:42,08,42,15,47,15,47,27,55,27
06d00h54m-06d04h17m:25,25,30,25,30,30,35,30
06d03h16m-06d06h26m:15,10,30,10,30,18
06d04h17m-06d07h19m:42,08,42,15,47,15,47,27,55,27
06d08h24m-06d11h08m:25,45,45,45,45,40
06d09h24m-06d12h12m:67,37,67,22
06d10h12m-06d12h52m:67,37,67,22
06d10h15m-06d13h56m:57,30,57,45
06d12h35m-06d14h35m:05,20,05,35
06d12h39m-06d15h11m:15,03,22,03,22,08,37,08,37,12
06d13h50m-06d16h23m:67,37,67,22
06d18h18m-06d19h18m:42,08,42,15,47,15,47,27,55,27
06d19h33m-06d23h17m:15,03,22,03,22,08,37,08,37,12
06d20h52m-06d21h16m:60,10,60,25
06d22h24m-07d00h43m:05,20,05,35
07d00h39m-07d02h55m:67,37,67,22
07d01h39m-07d05h28m:25,45,45,45,45,40
07d01h47m-07d04h16m:42,08,42,15,47,15,47,27,55,27
07d02h59m-07d06h12m:17,15,25,15
07d04h15m-07d07h44m:15,25,15,30,20,30,20,35,30,35,30,40
07d04h23m-07d06h34m:05,20,05,35
07d04h57m-07d06h35m:25,45,45,45,45,40
07d07h45m-07d10h03m:10,20,40,20,40,35
07d09h57m-07d13h15m:67,37,67,22
07d11h45m-07d15h25m:25,25,30,25,30,30,35,30
07d17h11m-07d17h29m:15,03,22,03,22,08,37,08,37,12
07d17h48m-07d19h23m:67,37,67,22
07d18h49m-07d20h28m:08,03,08,23,20,23
08d00h21m-08d02h31m:15,03,22,03,22,08,37,08,37,12
08d00h42m-08d01h35m:15,40,27,40
08d01h54m-08d05h13m:57,30,57,45
08d02h21m-08d02h54m:15,25,15,30,20,30,20,35,30,35,30,40
08d02h49m-08d05h47m:17,15,25,15
08d03h52m-08d06h02m:25,25,30,25,30,30,35,30
08d04h59m-08d06h16m:17,15,25,15
08d05h32m-08d09h13m:67,37,67,22
08d07h25m-08d08h11m:15,25,15,30,20,30,20,35,30,35,30,40
08d07h36m-08d09h48m:60,10,60,25
08d10h08m-08d13h16m:08,03,08,23,20,23
08d12h15m-08d14h05m:50,10,55,10,55,25
08d12h49m-08d14h06m:42,08,42,15,47,15,47,27,55,27
08d12h57m-08d15h38m:67,37,67,22
08d15h14m-08d17h29m:25,45,45,45,45,40
08d15h30m-08d17h21m:05,20,05,35
08d15h32m-08d18h11m:42,08,42,15,47,15,47,27,55,27
08d16h07m-08d19h15m:42,08,42,15,47,15,47,27,55,27
08d16h40m-08d20h39m:05,20,05,35
08d17h06m-08d19h39m:67,37,67,22
08d17h13m-08d19h25m:10,20,40,20,40,35
08d17h46m-08d19h08m:15,03,22,03,22,08,37,08,37,12
08d20h52m-08d22h01m:15,03,22,03,22,08,37,08,37,12
08d22h27m-09d01h59m:25,45,45,45,45,40
08d22h43m-09d00h33m:15,25,15,30,20,30,20,35,30,35,30,40
08d22h50m-09d01h18m:60,10,60,25
08d23h35m-09d03h12m:25,45,45,45,45,40
09d00h15m-09d01h30m:15,10,30,10,30,18
09d07h02m-09d08h10m:25,25,30,25,30,30,35,30
09d07h59m-09d08h41m:05,20,05,35
09d09h58m-09d13h42m:05,20,05,35
09d10h04m-09d10h33m:57,30,57,45
09d11h07m-09d12h36m:67,37,67,22
09d13h24m-09d15h59m:17,15,25,15
09d14h32m-09d16h44m:15,25,15,30,20,30,20,35,30,35,30,40
09d14h53m-09d18h27m:08,03,08,23,20,23
09d14h59m-09d17h15m:15,03,22,03,22,08,37,08,37,12
09d22h27m-10d01h13m:42,08,42,15,47,15,47,27,55,27
09d23h29m-10d02h16m:42,08,42,15,47,15,47,27,55,27
10d03h26m-10d05h13m:15,40,27,40
10d03h26m-10d06h19m:50,10,55,10,55,25
10d05h32m-10d08h31m:15,25,15,30,20,30,20,35,30,35,30,40
10d08h36m-10d11h08m:17,15,25,15
10d08h46m-10d11h32m:15,25,15,30,20,30,20,35,30,35,30,40
10d09h11m-10d12h24m:15,40,27,40
10d11h03m-10d13h37m:67,37,67,22
10d14h55m-10d17h00m:08,03,08,23,20,23
10d15h11m-10d18h06m:15,25,15,30,20,30,20,35,30,35,30,40
10d16h35m-10d18h25m:15,40,27,40
10d16h51m-10d19h25m:25,45,45,45,45,40
10d16h59m-10d18h35m:15,40,27,40
10d20h24m-10d22h20m:15,25,15,30,20,30,20,35,30,35,30,40
10d21h21m-11d00h55m:42,08,42,15,47,15,47,27,55,27
11d01h06m-11d04h51m:60,10,60,25
11d01h08m-11d03h17m:17,15,25,15
11d02h25m-11d04h15m:57,30,57,45
11d06h11m-11d09h50m:15,40,27,40
11d06h53m-11d08h05m:25,25,30,25,30,30,35,30
11d08h02m-11d11h48m:10,20,40,20,40,35
11d08h03m-11d10h14m:05,20,05,35
11d09h58m-11d12h17m:15,25,15,30,20,30,20,35,30,35,30,40
11d09h59m-11d13h30m:25,45,45,45,45,40
11d10h07m-11d12h19m:05,20,05,35
11d13h00m-11d16h23m:08,03,08,23,20,23
11d14h43m-11d18h27m:15,40,27,40
11d15h18m-11d17h51m:10,20,40,20,40,35
11d20h08m-11d23h39m:15,10,30,10,30,18
11d20h15m-11d21h58m:25,45,45,45,45,40
11d20h30m-11d23h46m:67,37,67,22
11d20h45m-11d22h30m:15,40,27,40
11d21h49m-12d01h08m:60,10,60,25
11d21h52m-11d22h11m:42,08,42,15,47,15,47,27,55,27
11d23h16m-12d03h06m:17,15,25,15
12d02h08m-12d03h28m:25,45,45,45,45,40
12d02h55m-12d04h24m:25,25,30,25,30,30,35,30
12d02h59m-12d06h14m:15,03,22,03,22,08,37,08,37,12
12d03h31m-12d04h18m:42,08,42,15,47,15,47,27,55,27
12d10h33m-12d12h25m:67,37,67,22
12d10h54m-12d12h51m:15,03,22,03,22,08,37,08,37,12
12d11h35m-12d14h14m:17,15,25,15
12d14h01m-12d15h28m:67,37,67,22
12d15h15m-12d17h33m:15,03,22,03,22,08,37,08,37,12
12d15h57m-12d17h46m:57,30,57,45
12d16h07m-12d18h21m:15,25,15,30,20,30,20,35,30,35,30,40
12d17h45m-12d19h06m:15,25,15,30,20,30,20,35,30,35,30,40
12d17h50m-12d21h38m:10,20,40,20,40,35
12d18h55m-12d20h09m:60,10,60,25
12d23h49m-13d02h49m:15,10,30,10,30,18
12d23h57m-13d02h15m:08,03,08,23,20,23
13d01h11m-13d01h28m:17,15,25,15
13d03h37m-13d07h11m:15,10,30,10,30,18
13d03h55m-13d07h24m:05,20,05,35
13d04h15m-13d08h01m:15,10,30,10,30,18
13d04h27m-13d08h19m:15,10,30,10,30,18
13d05h39m-13d05h57m:05,20,05,35
13d06h23m-13d09h53m:57,30,57,45
13d06h53m-13d09h27m:15,25,15,30,20,30,20,35,30,35,30,40
13d08h19m-13d09h26m:15,40,27,40
13d08h19m-13d12h14m:57,30,57,45
13d08h27m-13d11h08m:15,25,15,30,20,30,20,35,30,35,30,40
13d09h41m-13d11h48m:15,03,22,03,22,08,37,08,37,12
13d11h24m-13d13h37m:67,37,67,22
13d11h54m-13d13h11m:25,45,45,45,45,40
13d12h51m-13d16h35m:15,10,30,10,30,18
13d15h04m-13d16h38m:17,15,25,15
14d01h40m-14d03h03m:42,08,42,15,47,15,47,27,55,27
14d02h01m-14d04h28m:08,03,08,23,20,23
14d02h44m-14d04h24m:50,10,55,10,55,25
14d05h46m-14d06h13m:57,30,57,45
14d06h34m-14d09h57m:67,37,67,22
14d08h25m-14d09h10m:15,10,30,10,30,18
14d08h45m-14d12h45m:60,10,60,25
14d10h08m-14d12h58m:15,25,15,30,20,30,20,35,30,35,30,40
14d11h08m-14d14h44m:15,10,30,10,30,18
14d11h09m-14d14h43m:25,25,30,25,30,30,35,30
14d12h27m-14d15h58m:15,10,30,10,30,18
14d18h24m-14d21h41m:10,20,40,20,40,35
14d18h37m-14d21h04m:50,10,55,10,55,25
14d19h30m-14d21h09m:60,10,60,25
14d21h02m-15d00h07m:05,20,05,35
14d22h00m-14d23h11m:08,03,08,23,20,23
15d04h04m-15d05h40m:15,40,27,40
15d04h23m-15d07h58m:15,10,30,10,30,18
15d10h14m-15d11h20m:57,30,57,45
15d10h32m-15d11h34m:08,03,08,23,20,23
15d10h52m-15d11h31m:15,10,30,10,30,18
15d16h07m-15d18h03m:57,30,57,45
15d18h50m-15d21h44m:15,25,15,30,20,30,20,35,30,35,30,40
15d19h37m-15d20h49m:15,03,22,03,22,08,37,08,37,12
15d19h49m-15d21h54m:25,45,45,45,45,40
15d21h22m-16d00h17m:60,10,60,25
16d00h10m-16d01h23m:42,08,42,15,47,15,47,27,55,27
16d00h15m-16d00h57m:10,20,40,20,40,35
16d01h23m-16d03h13m:42,08,42,15,47,15,47,27,55,27
16d01h48m-16d03h31m:60,10,60,25
16d02h07m-16d03h22m:42,08,42,15,47,15,47,27,55,27
16d02h20m-16d05h45m:50,10,55,10,55,25
16d02h55m-16d05h10m:25,45,45,45,45,40
16d04h51m-16d07h18m:08,03,08,23,20,23
16d05h59m-16d06h22m:10,20,40,20,40,35
16d06h13m-16d08h16m:15,25,15,30,20,30,20,35,30,35,30,40
16d06h24m-16d09h40m:17,15,25,15
16d07h34m-16d08h41m:25,25,30,25,30,30,35,30
16d07h41m-16d11h14m:15,03,22,03,22,08,37,08,37,12
16d08h05m-16d11h25m:10,20,40,20,40,35
16d08h08m-16d09h01m:25,25,30,25,30,30,35,30
16d08h35m-16d10h12m:50,10,55,10,55,25
16d09h51m-16d10h50m:08,03,08,23,20,23
16d11h07m-16d13h00m:67,37,67,22
16d11h33m-16d13h09m:15,25,15,30,20,30,20,35,30,35,30,40
16d11h36m-16d12h42m:67,37,67,22
16d12h09m-16d15h50m:57,30,57,45
16d13h17m-16d16h44m:15,40,27,40
16d15h05m-16d18h50m:42,08,42,15,47,15,47,27,55,27
16d15h59m-16d19h18m:05,20,05,35
16d16h35m-16d20h08m:60,10,60,25
16d17h06m-16d18h11m:67,37,67,22
16d17h47m-16d20h21m:50,10,55,10,55,25
16d21h13m-16d23h54m:15,10,30,10,30,18
16d21h47m-16d22h11m:50,10,55,10,55,25
16d23h31m-17d02h34m:15,40,27,40
17d01h06m-17d03h09m:08,03,08,23,20,23
17d02h26m-17d05h48m:08,03,08,23,20,23
17d02h31m-17d04h10m:25,45,45,45,45,40
17d04h08m-17d05h44m:15,40,27,40
17d06h07m-17d07h11m:15,03,22,03,22,08,37,08,37,12
17d07h04m-17d09h46m:15,03,22,03,22,08,37,08,37,12
17d07h16m-17d09h18m:15,10,30,10,30,18
17d09h51m-17d12h46m:17,15,25,15
17d10h15m-17d12h28m:05,20,05,35
17d13h43m-17d14h25m:05,20,05,35
17d14h28m-17d15h31m:15,40,27,40
17d14h41m-17d17h32m:25,25,30,25,30,30,35,30
17d14h53m-17d16h47m:57,30,57,45
17d14h54m-17d17h33m:60,10,60,25
17d15h11m-17d18h32m:15,03,22,03,22,08,37,08,37,12
17d15h49m-17d18h21m:17,15,25,15
17d17h44m-17d21h20m:15,25,15,30,20,30,20,35,30,35,30,40
17d17h45m-17d20h46m:25,45,45,45,45,40
17d18h31m-17d19h33m:15,25,15,30,20,30,20,35,30,35,30,40
17d18h40m-17d19h10m:15,25,15,30,20,30,20,35,30,35,30,40
17d19h44m-17d20h48m:25,25,30,25,30,30,35,30
17d20h20m-17d23h55m:17,15,25,15
17d21h10m-17d23h29m:25,25,30,25,30,30,35,30
17d21h30m-18d00h09m:15,03,22,03,22,08,37,08,37,12
17d23h08m-18d02h06m:08,03,08,23,20,23
17d23h28m-18d01h05m:57,30,57,45
17d23h29m-18d03h27m:15,03,22,03,22,08,37,08,37,12
18d03h03m-18d03h44m:50,10,55,10,55,25
18d03h16m-18d06h11m:15,03,22,03,22,08,37,08,37,12
18d04h00m-18d06h25m:42,08,42,15,47,15,47,27,55,27
18d04h07m-18d06h16m:05,20,05,35
18d06h20m-18d09h55m:15,25,15,30,20,30,20,35,30,35,30,40
18d10h37m-18d13h02m:57,30,57,45
18d11h51m-18d15h14m:15,25,15,30,20,30,20,35,30,35,30,40
18d15h24m-18d17h13m:25,45,45,45,45,40
18d15h24m-18d19h00m:05,20,05,35
18d18h49m-18d19h06m:08,03,08,23,20,23
18d20h27m-18d21h23m:05,20,05,35
18d21h53m-18d23h03m:10,20,40,20,40,35
18d22h58m-19d02h42m:57,30,57,45
19d00h04m-19d02h29m:50,10,55,10,55,25
19d01h39m-19d02h30m:57,30,57,45
19d01h44m-19d04h48m:25,25,30,25,30,30,35,30
19d02h25m-19d03h52m:67,37,67,22
19d03h53m-19d07h20m:57,30,57,45
19d06h23m-19d09h28m:15,03,22,03,22,08,37,08,37,12
19d07h40m-19d09h05m:42,08,42,15,47,15,47,27,55,27
19d08h14m-19d09h00m:15,40,27,40
19d09h09m-19d11h37m:17,15,25,15
19d09h35m-19d11h14m:15,10,30,10,30,18
19d10h36m-19d13h24m:57,30,57,45
19d11h05m-19d12h12m:05,20,05,35
19d12h00m-19d13h30m:17,15,25,15
19d13h56m-19d17h04m:60,10,60,25
19d15h01m-19d17h33m:15,40,27,40
19d15h13m-19d19h12m:60,10,60,25
19d16h00m-19d16h22m:57,30,57,45
19d16h59m-19d20h00m:42,08,42,15,47,15,47,27,55,27
19d17h28m-19d18h56m:15,40,27,40
19d17h36m-19d18h20m:42,08,42,15,47,15,47,27,55,27
19d20h15m-19d22h21m:10,20,40,20,40,35
19d20h26m-19d22h51m:15,25,15,30,20,30,20,35,30,35,30,40
19d21h16m-19d23h50m:25,25,30,25,30,30,35,30
19d21h29m-19d23h28m:42,08,42,15,47,15,47,27,55,27
19d22h35m-20d02h20m:15,25,15,30,20,30,20,35,30,35,30,40
19d22h47m-20d00h35m:08,03,08,23,20,23
19d23h09m-20d02h04m:50,10,55,10,55,25
20d00h05m-20d00h43m:25,25,30,25,30,30,35,30
20d02h31m-20d04h33m:10,20,40,20,40,35
20d05h52m-20d09h51m:57,30,57,45
20d06h04m-20d06h48m:10,20,40,20,40,35
20d06h37m-20d09h12m:50,10,55,10,55,25
20d07h20m-20d08h10m:05,20,05,35
20d07h40m-20d08h07m:67,37,67,22
20d08h14m-20d11h54m:15,40,27,40
20d08h26m-20d10h44m:50,10,55,10,55,25
20d08h44m-20d11h32m:15,10,30,10,30,18
20d09h51m-20d11h29m:15,40,27,40
20d10h36m-20d10h52m:10,20,40,20,40,35
20d11h39m-20d15h36m:57,30,57,45
20d12h21m-20d12h49m:50,10,55,10,55,25
20d12h24m-20d15h33m:57,30,57,45
20d12h57m-20d15h01m:15,25,15,30,20,30,20,35,30,35,30,40
20d13h04m-20d16h38m:15,25,15,30,20,30,20,35,30,35,30,40
20d14h29m-20d17h46m:15,10,30,10,30,18
20d14h44m-20d16h20m:67,37,67,22
20d15h37m-20d16h43m:57,30,57,45
20d17h09m-20d19h49m:60,10,60,25
20d19h39m-20d22h39m:15,10,30,10,30,18
20d20h17m-20d21h47m:17,15,25,15
20d20h28m-20d22h22m:05,20,05,35
20d21h04m-21d00h30m:05,20,05,35
20d21h32m-20d22h25m:15,40,27,40
20d21h58m-20d22h17m:05,20,05,35
20d23h45m-21d00h41m:25,45,45,45,45,40
21d00h12m-21d00h43m:25,25,30,25,30,30,35,30
21d03h35m-21d06h43m:15,10,30,10,30,18
21d05h01m-21d08h57m:10,20,40,20,40,35
21d05h19m-21d05h47m:42,08,42,15,47,15,47,27,55,27
21d05h25m-21d07h19m:17,15,25,15
21d05h38m-21d08h53m:15,03,22,03,22,08,37,08,37,12
21d07h11m-21d07h35m:60,10,60,25
21d07h29m-21d08h06m:15,40,27,40
21d07h29m-21d10h39m:08,03,08,23,20,23
21d08h15m-21d11h47m:67,37,67,22
21d08h36m-21d11h19m:60,10,60,25
21d08h44m-21d10h25m:15,40,27,40
21d09h09m-21d11h01m:15,25,15,30,20,30,20,35,30,35,30,40
21d09h15m-21d09h59m:10,20,40,20,40,35
21d11h01m-21d14h42m:08,03,08,23,20,23
21d11h22m-21d13h57m:17,15,25,15
21d11h24m-21d13h31m:50,10,55,10,55,25
21d11h40m-21d13h31m:67,37,67,22
21d13h39m-21d16h36m:67,37,67,22
21d14h17m-21d15h23m:15,25,15,30,20,30,20,35,30,35,30,40
21d15h10m-21d18h51m:10,20,40,20,40,35
21d15h12m-21d18h35m:42,08,42,15,47,15,47,27,55,27
21d16h24m-21d18h51m:42,08,42,15,47,15,47,27,55,27
21d17h18m-21d19h26m:05,20,05,35
21d18h45m-21d22h01m:08,03,08,23,20,23
21d20h45m-21d21h34m:25,45,45,45,45,40
21d20h45m-22d00h37m:08,03,08,23,20,23
21d21h24m-22d00h19m:08,03,08,23,20,23
21d22h37m-22d01h38m:42,08,42,15,47,15,47,27,55,27
22d02h02m-22d05h33m:67,37,67,22
22d02h03m-22d04h55m:15,10,30,10,30,18
22d02h12m-22d03h13m:50,10,55,10,55,25
22d05h37m-22d05h56m:05,20,05,35
22d06h40m-22d08h59m:25,25,30,25,30,30,35,30
22d06h52m-22d08h07m:08,03,08,23,20,23
22d08h14m-22d11h46m:57,30,57,45
22d08h45m-22d11h25m:25,45,45,45,45,40
22d10h44m-22d12h10m:57,30,57,45
22d11h30m-22d15h14m:15,03,22,03,22,08,37,08,37,12
22d12h39m-22d14h13m:50,10,55,10,55,25
22d14h24m-22d15h31m:08,03,08,23,20,23
22d14h52m-22d16h16m:25,45,45,45,45,40
22d15h25m-22d17h38m:42,08,42,15,47,15,47,27,55,27
22d16h25m-22d16h59m:67,37,67,22
22d16h50m-22d19h36m:15,40,27,40
22d18h21m-22d20h03m:25,25,30,25,30,30,35,30
22d18h31m-22d18h59m:57,30,57,45
22d18h40m-22d18h56m:42,08,42,15,47,15,47,27,55,27
22d18h45m-22d22h27m:67,37,67,22
22d19h35m-22d23h06m:15,25,15,30,20,30,20,35,30,35,30,40
22d20h07m-22d21h43m:15,25,15,30,20,30,20,35,30,35,30,40
22d21h04m-22d22h13m:67,37,67,22
22d21h29m-22d23h55m:50,10,55,10,55,25
22d22h43m-23d02h05m:15,10,30,10,30,18
23d00h02m-23d02h40m:10,20,40,20,40,35
23d00h41m-23d03h20m:42,08,42,15,47,15,47,27,55,27
23d03h14m-23d06h13m:67,37,67,22
23d06h36m-23d09h08m:17,15,25,15
23d06h41m-23d09h41m:15,03,22,03,22,08,37,08,37,12
23d07h23m-23d08h03m:25,25,30,25,30,30,35,30
23d09h18m-23d11h40m:57,30,57,45
23d09h56m-23d12h06m:50,10,55,10,55,25
23d11h28m-23d12h13m:42,08,42,15,47,15,47,27,55,27
23d12h27m-23d14h54m:15,10,30,10,30,18
23d12h29m-23d14h31m:57,30,57,45
23d13h24m-23d16h44m:15,40,27,40
23d14h09m-23d15h34m:15,10,30,10,30,18
23d18h48m-23d22h28m:15,10,30,10,30,18
23d21h10m-23d23h55m:15,40,27,40
23d21h25m-23d22h16m:05,20,05,35
23d23h51m-24d01h58m:67,37,67,22
24d00h35m-24d02h18m:08,03,08,23,20,23
24d02h20m-24d04h31m:60,10,60,25
24d05h03m-24d05h22m:15,25,15,30,20,30,20,35,30,35,30,40
24d05h07m-24d08h13m:50,10,55,10,55,25
24d07h09m-24d08h23m:15,03,22,03,22,08,37,08,37,12
24d08h00m-24d11h52m:42,08,42,15,47,15,47,27,55,27
24d12h12m-24d14h48m:57,30,57,45
24d12h45m-24d13h24m:25,45,45,45,45,40
24d13h11m-24d16h28m:15,10,30,10,30,18
24d13h43m-24d14h55m:25,45,45,45,45,40
24d14h32m-24d18h17m:25,25,30,25,30,30,35,30
24d15h03m-24d15h37m:08,03,08,23,20,23
24d15h37m-24d18h28m:15,40,27,40
24d15h53m-24d16h52m:42,08,42,15,47,15,47,27,55,27
24d17h46m-24d19h07m:42,08,42,15,47,15,47,27,55,27
24d18h46m-24d19h25m:25,25,30,25,30,30,35,30
24d18h57m-24d20h14m:17,15,25,15
24d19h32m-24d20h49m:42,08,42,15,47,15,47,27,55,27
24d19h53m-24d23h34m:15,25,15,30,20,30,20,35,30,35,30,40
24d21h14m-24d22h16m:15,25,15,30,20,30,20,35,30,35,30,40
25d00h21m-25d02h13m:15,25,15,30,20,30,20,35,30,35,30,40
25d08h37m-25d10h43m:67,37,67,22
25d10h06m-25d11h49m:17,15,25,15
25d10h20m-25d11h04m:50,10,55,10,55,25
25d12h38m-25d14h22m:15,40,27,40
25d12h58m-25d16h09m:17,15,25,15
25d13h52m-25d14h30m:67,37,67,22
25d15h43m-25d17h48m:57,30,57,45
25d18h04m-25d20h38m:60,10,60,25
25d19h56m-25d20h21m:15,10,30,10,30,18
25d20h58m-26d00h36m:05,20,05,35
25d22h57m-26d02h25m:50,10,55,10,55,25
26d01h53m-26d02h20m:50,10,55,10,55,25
26d02h52m-26d03h19m:10,20,40,20,40,35
26d03h50m-26d06h00m:15,03,22,03,22,08,37,08,37,12
26d08h01m-26d09h15m:60,10,60,25
26d09h19m-26d10h12m:15,40,27,40
26d10h19m-26d13h22m:17,15,25,15
26d11h43m-26d15h14m:57,30,57,45
26d12h15m-26d14h07m:67,37,67,22
26d15h45m-26d17h09m:25,25,30,25,30,30,35,30
26d20h30m-26d23h27m:50,10,55,10,55,25
26d23h37m-27d02h15m:67,37,67,22
27d00h34m-27d03h07m:17,15,25,15
27d01h34m-27d03h22m:25,25,30,25,30,30,35,30
27d01h36m-27d04h00m:67,37,67,22
27d04h17m-27d05h20m:25,45,45,45,45,40
27d08h29m-27d11h39m:15,10,30,10,30,18
27d09h27m-27d10h35m:05,20,05,35
27d10h51m-27d14h32m:15,03,22,03,22,08,37,08,37,12
27d12h34m-27d15h19m:15,40,27,40
27d13h50m-27d16h46m:08,03,08,23,20,23
27d19h28m-27d23h08m:05,20,05,35
27d20h20m-27d22h40m:15,25,15,30,20,30,20,35,30,35,30,40
27d20h50m-27d21h13m:57,30,57,45
27d21h18m-27d23h39m:25,45,45,45,45,40
27d23h09m-28d01h05m:50,10,55,10,55,25
28d03h45m-28d06h47m:08,03,08,23,20,23
28d04h06m-28d06h45m:17,15,25,15
28d06h22m-28d09h19m:15,10,30,10,30,18
28d08h09m-28d11h03m:42,08,42,15,47,15,47,27,55,27
28d08h47m-28d11h15m:50,10,55,10,55,25
28d08h53m-28d10h40m:57,30,57,45
28d09h56m-28d12h27m:08,03,08,23,20,23
28d10h50m-28d11h48m:15,03,22,03,22,08,37,08,37,12
28d12h08m-28d14h33m:10,20,40,20,40,35
28d12h36m-28d13h20m:17,15,25,15
28d19h51m-28d20h07m:17,15,25,15
28d20h15m-29d00h03m:05,20,05,35
28d22h12m-28d23h18m:15,40,27,40
29d00h36m-29d02h09m:05,20,05,35
29d00h44m-29d04h34m:60,10,60,25
29d01h59m-29d05h57m:05,20,05,35
29d02h50m-29d06h19m:05,20,05,35
29d03h38m-29d07h23m:50,10,55,10,55,25
29d04h58m-29d05h17m:05,20,05,35
29d06h00m-29d08h39m:15,03,22,03,22,08,37,08,37,12
29d06h34m-29d08h09m:10,20,40,20,40,35
29d08h08m-29d08h39m:05,20,05,35
29d08h22m-29d08h52m:05,20,05,35
29d08h58m-29d11h49m:17,15,25,15
29d09h23m-29d11h22m:17,15,25,15
29d10h46m-29d12h04m:42,08,42,15,47,15,47,27,55,27
29d11h00m-29d12h37m:42,08,42,15,47,15,47,27,55,27
29d11h19m-29d13h05m:15,03,22,03,22,08,37,08,37,12
29d11h40m-29d14h32m:17,15,25,15
29d11h59m-29d15h04m:42,08,42,15,47,15,47,27,55,27
29d12h16m-29d13h49m:67,37,67,22
29d13h37m-29d13h57m:50,10,55,10,55,25
29d15h09m-29d18h06m:50,10,55,10,55,25
29d15h16m-29d15h38m:15,10,30,10,30,18
29d15h29m-29d19h15m:25,45,45,45,45,40
29d17h00m-29d19h53m:15,03,22,03,22,08,37,08,37,12
29d17h15m-29d21h13m:15,25,15,30,20,30,20,35,30,35,30,40
29d19h31m-29d19h57m:15,25,15,30,20,30,20,35,30,35,30,40
29d20h20m-29d22h43m:25,45,45,45,45,40
29d21h50m-30d01h24m:17,15,25,15
29d22h19m-29d22h38m:10,20,40,20,40,35
30d00h58m-30d01h20m:15,03,22,03,22,08,37,08,37,12
30d01h12m-30d03h51m:67,37,67,22
30d02h01m-30d03h18m:08,03,08,23,20,23
30d04h31m-30d05h28m:60,10,60,25
30d09h46m-30d11h47m:05,20,05,35
30d12h12m-30d14h36m:15,40,27,40
30d12h37m-30d15h22m:15,25,15,30,20,30,20,35,30,35,30,40
30d14h02m-30d15h50m:15,03,22,03,22,08,37,08,37,12
30d16h07m-30d17h16m:08,03,08,23,20,23
30d16h07m-30d19h36m:10,20,40,20,40,35
30d17h49m-30d18h44m:15,40,27,40
30d18h06m-30d18h45m:67,37,67,22
30d18h56m-30d22h42m:17,15,25,15
30d21h18m-31d00h08m:15,10,30,10,30,18
30d21h40m-31d00h19m:08,03,08,23,20,23
30d21h56m-31d00h03m:67,37,67,22
30d23h02m-31d00h47m:17,15,25,15
31d00h16m-31d01h25m:57,30,57,45
31d01h23m-31d02h53m:60,10,60,25
31d01h55m-31d03h59m:15,40,27,40
31d03h16m-31d04h59m:57,30,57,45
31d04h59m-31d08h29m:08,03,08,23,20,23
31d05h12m-31d06h24m:15,40,27,40
31d07h32m-31d10h48m:08,03,08,23,20,23
31d09h01m-31d12h21m:15,03,22,03,22,08,37,08,37,12
31d09h50m-31d10h13m:57,30,57,45
31d10h17m-31d12h04m:57,30,57,45
31d10h54m-31d13h41m:25,45,45,45,45,40
31d12h14m-31d13h43m:15,03,22,03,22,08,37,08,37,12
31d13h58m-31d14h15m:60,10,60,25
31d14h07m-31d17h02m:15,25,15,30,20,30,20,35,30,35,30,40
31d15h46m-31d16h54m:15,25,15,30,20,30,20,35,30,35,30,40
31d16h11m-31d18h49m:57,30,57,45
31d16h20m-31d20h07m:57,30,57,45
31d16h54m-31d18h32m:67,37,67,22
31d18h19m-31d22h02m:50,10,55,10,55,25
31d18h30m-31d21h12m:15,10,30,10,30,18
31d19h03m-31d22h52m:05,20,05,35
31d20h25m-31d22h26m:50,10,55,10,55,25
31d20h46m-31d22h21m:10,20,40,20,40,35
31d20h57m-31d23h02m:15,40,27,40
31d20h58m-31d23h14m:57,30,57,45
31d21h37m-31d23h59m:50,10,55,10,55,25
31d23h25m-31d23h59m:05,20,05,35
31d23h26m-31d23h59m:10,20,40,20,40,35
