01d01h19m-01d03h50m:67,37,67,22
01d03h34m-01d04h59m:08,03,08,23,20,23
01d03h57m-01d05h13m:08,03,08,23,20,23
01d05h10m-01d06h55m:57,30,57,45
01d05h54m-01d08h11m:15,25,15,30,20,30,20,35,30,35,30,40
01d06h11m-01d09h01m:50,10,55,10,55,25
01d06h17m-01d07h58m:15,03,22,03,22,08,37,08,37,12
01d06h23m-01d07h43m:25,45,45,45,45,40
01d07h17m-01d08h30m:15,25,15,30,20,30,20,35,30,35,30,40
01d09h43m-01d12h40m:50,10,55,10,55,25
01d10h04m-01d12h29m:25,45,45,45,45,40
01d10h19m-01d11h28m:50,10,55,10,55,25
01d11h14m-01d12h13m:10,20,40,20,40,35
01d12h05m-01d14h28m:15,40,27,40
01d13h48m-01d17h04m:15,03,22,03,22,08,37,08,37,12
01d14h29m-01d14h47m:15,10,30,10,30,18
01d15h09m-01d18h48m:25,45,45,45,45,40
01d15h13m-01d18h57m:08,03,08,23,20,23
01d16h50m-01d20h13m:60,10,60,25
01d16h58m-01d17h21m:10,20,40,20,40,35
01d17h04m-01d17h24m:42,08,42,15,47,15,47,27,55,27
01d17h39m-01d21h09m:67,37,67,22
01d19h10m-01d22h28m:05,20,05,35
01d19h47m-01d21h40m:60,10,60,25
01d19h49m-01d23h21m:05,20,05,35
01d20h55m-01d22h20m:17,15,25,15
01d21h39m-01d22h20m:25,45,45,45,45,40
01d22h07m-01d23h25m:25,25,30,25,30,30,35,30
02d02h21m-02d03h02m:25,25,30,25,30,30,35,30
02d03h26m-02d06h30m:17,15,25,15
02d04h46m-02d07h11m:42,08,42,15,47,15,47,27,55,27
02d05h28m-02d08h18m:42,08,42,15,47,15,47,27,55,27
02d06h30m-02d10h21m:25,45,45,45,45,40
02d08h18m-02d09h15m:25,25,30,25,30,30,35,30
02d10h26m-02d10h45m:15,03,22,03,22,08,37,08,37,12
02d11h56m-02d13h43m:25,45,45,45,45,40
02d15h12m-02d15h33m:25,25,30,25,30,30,35,30
02d15h13m-02d16h49m:15,25,15,30,20,30,20,35,30,35,30,40
02d17h47m-02d21h25m:15,03,22,03,22,08,37,08,37,12
02d20h05m-02d22h53m:15,03,22,03,22,08,37,08,37,12
02d20h54m-02d21h42m:50,10,55,10,55,25
02d21h14m-03d00h45m:10,20,40,20,40,35
03d00h11m-03d03h50m:10,20,40,20,40,35
03d00h54m-03d01h15m:50,10,55,10,55,25
03d02h01m-03d05h46m:42,08,42,15,47,15,47,27,55,27
03d04h25m-03d04h45m:42,08,42,15,47,15,47,27,55,27
03d04h48m-03d07h45m:10,20,40,20,40,35
03d04h49m-03d05h46m:50,10,55,10,55,25
03d05h05m-03d07h11m:15,40,27,40
03d07h21m-03d10h55m:10,20,40,20,40,35
03d07h50m-03d10h09m:57,30,57,45
03d10h29m-03d10h53m:08,03,08,23,20,23
03d12h03m-03d14h41m:08,03,08,23,20,23
03d12h17m-03d15h29m:08,03,08,23,20,23
03d12h36m-03d15h03m:25,45,45,45,45,40
03d13h24m-03d14h14m:15,40,27,40
03d13h48m-03d15h07m:25,25,30,25,30,30,35,30
03d14h03m-03d15h26m:08,03,08,23,20,23
03d15h31m-03d16h52m:15,40,27,40
03d15h47m-03d18h04m:15,25,15,30,20,30,20,35,30,35,30,40
03d16h10m-03d19h30m:67,37,67,22
03d18h08m-03d20h01m:17,15,25,15
03d20h43m-03d21h39m:15,03,22,03,22,08,37,08,37,12
03d23h12m-04d00h22m:15,40,27,40
04d00h07m-04d01h58m:15,10,30,10,30,18
04d00h09m-04d02h11m:15,03,22,03,22,08,37,08,37,12
04d01h27m-04d02h22m:15,40,27,40
04d02h03m-04d02h18m:15,25,15,30,20,30,20,35,30,35,30,40
04d03h09m-04d05h57m:15,10,30,10,30,18
04d04h19m-04d06h41m:57,30,57,45
04d04h30m-04d08h12m:15,40,27,40
04d04h53m-04d07h33m:05,20,05,35
04d04h57m-04d06h27m:15,40,27,40
04d06h00m-04d07h12m:10,20,40,20,40,35
04d09h49m-04d13h25m:57,30,57,45
04d11h01m-04d12h41m:15,25,15,30,20,30,20,35,30,35,30,40
04d11h04m-04d12h28m:57,30,57,45
04d12h27m-04d15h28m:25,45,45,45,45,40
04d13h14m-04d15h10m:10,20,40,20,40,35
04d14h21m-04d18h08m:60,10,60,25
04d14h34m-04d18h28m:60,10,60,25
04d14h54m-04d16h39m:05,20,05,35
04d15h49m-04d16h57m:15,25,15,30,20,30,20,35,30,35,30,40
04d17h21m-04d18h57m:50,10,55,10,55,25
04d18h02m-04d20h08m:15,03,22,03,22,08,37,08,37,12
04d19h08m-04d19h32m:25,25,30,25,30,30,35,30
04d20h22m-04d22h15m:60,10,60,25
04d20h48m-04d21h11m:15,40,27,40
04d20h54m-04d23h12m:08,03,08,23,20,23
04d21h22m-04d22h51m:25,45,45,45,45,40
04d22h21m-05d02h08m:15,10,30,10,30,18
04d23h16m-05d01h26m:50,10,55,10,55,25
04d23h48m-05d01h58m:67,37,67,22
05d00h11m-05d00h45m:15,40,27,40
05d01h35m-05d04h19m:15,03,22,03,22,08,37,08,37,12
05d02h55m-05d04h28m:08,03,08,23,20,23
05d03h51m-05d04h22m:25,25,30,25,30,30,35,30
05d07h51m-05d11h42m:15,03,22,03,22,08,37,08,37,12
05d08h20m-05d09h39m:50,10,55,10,55,25
05d09h26m-05d13h19m:15,03,22,03,22,08,37,08,37,12
05d09h35m-05d10h17m:17,15,25,15
05d10h07m-05d14h04m:15,40,27,40
05d10h25m-05d12h17m:50,10,55,10,55,25
05d12h32m-05d13h03m:10,20,40,20,40,35
05d12h41m-05d13h10m:67,37,67,22
05d13h10m-05d16h01m:15,03,22,03,22,08,37,08,37,12
05d14h57m-05d15h16m:25,25,30,25,30,30,35,30
05d16h29m-05d16h50m:10,20,40,20,40,35
05d16h43m-05d20h39m:60,10,60,25
05d18h43m-05d19h01m:15,25,15,30,20,30,20,35,30,35,30,40
05d22h45m-06d01h06m:60,10,60,25
06d00h29m-06d01h44m:15,03,22,03,22,08,37,08,37,12
06d00h33m-06d03h56m:15,40,27,40
06d02h45m-06d03h25m:60,10,60,25
06d03h17m-06d05h57m:67,37,67,22
06d04h25m-06d07h21m:10,20,40,20,40,35
06d04h49m-06d05h48m:42,08,42,15,47,15,47,27,55,27
06d07h23m-06d08h12m:10,20,40,20,40,35
06d08h02m-06d08h49m:60,10,60,25
06d12h35m-06d14h34m:15,03,22,03,22,08,37,08,37,12
06d14h00m-06d15h10m:57,30,57,45
06d16h13m-06d18h49m:25,25,30,25,30,30,35,30
06d17h02m-06d18h28m:17,15,25,15
06d17h33m-06d18h11m:60,10,60,25
06d19h26m-06d22h48m:15,03,22,03,22,08,37,08,37,12
06d20h08m-06d23h24m:05,20,05,35
06d22h00m-07d00h55m:25,45,45,45,45,40
07d00h32m-07d02h08m:15,25,15,30,20,30,20,35,30,35,30,40
07d01h56m-07d02h53m:15,25,15,30,20,30,20,35,30,35,30,40
07d06h24m-07d09h25m:57,30,57,45
07d09h26m-07d13h00m:67,37,67,22
07d10h43m-07d13h30m:60,10,60,25
07d12h31m-07d16h23m:25,25,30,25,30,30,35,30
07d13h34m-07d15h57m:15,03,22,03,22,08,37,08,37,12
07d14h08m-07d17h37m:15,25,15,30,20,30,20,35,30,35,30,40
07d15h35m-07d16h24m:42,08,42,15,47,15,47,27,55,27
07d16h31m-07d20h12m:17,15,25,15
07d20h15m-07d22h26m:60,10,60,25
07d22h19m-08d00h58m:50,10,55,10,55,25
07d22h50m-08d01h14m:10,20,40,20,40,35
08d00h03m-08d02h00m:57,30,57,45
08d00h07m-08d01h46m:05,20,05,35
08d00h26m-08d01h49m:15,10,30,10,30,18
08d00h48m-08d01h12m:57,30,57,45
08d01h25m-08d03h52m:57,30,57,45
08d01h58m-08d05h52m:42,08,42,15,47,15,47,27,55,27
08d02h35m-08d06h01m:17,15,25,15
08d03h29m-08d07h00m:25,45,45,45,45,40
08d06h06m-08d09h26m:25,45,45,45,45,40
08d07h24m-08d10h46m:57,30,57,45
08d08h27m-08d08h47m:05,20,05,35
08d09h21m-08d10h19m:15,25,15,30,20,30,20,35,30,35,30,40
08d09h34m-08d12h49m:57,30,57,45
08d10h32m-08d14h15m:08,03,08,23,20,23
08d10h54m-08d11h38m:05,20,05,35
08d13h38m-08d14h38m:15,10,30,10,30,18
08d14h58m-08d18h22m:60,10,60,25
08d15h05m-08d18h29m:25,25,30,25,30,30,35,30
08d15h38m-08d17h36m:42,08,42,15,47,15,47,27,55,27
08d17h35m-08d20h20m:25,45,45,45,45,40
08d19h38m-08d23h33m:67,37,67,22
08d21h40m-08d22h17m:05,20,05,35
08d21h48m-08d22h14m:67,37,67,22
08d22h54m-09d02h05m:10,20,40,20,40,35
09d00h44m-09d02h25m:15,10,30,10,30,18
09d02h31m-09d05h21m:15,25,15,30,20,30,20,35,30,35,30,40
09d03h10m-09d04h39m:25,25,30,25,30,30,35,30
09d05h08m-09d05h47m:42,08,42,15,47,15,47,27,55,27
09d05h55m-09d08h28m:15,03,22,03,22,08,37,08,37,12
09d06h18m-09d07h16m:25,25,30,25,30,30,35,30
09d06h50m-09d10h14m:60,10,60,25
09d07h33m-09d09h22m:67,37,67,22
09d08h20m-09d12h18m:57,30,57,45
09d11h44m-09d13h50m:15,10,30,10,30,18
09d12h13m-09d14h09m:17,15,25,15
09d12h21m-09d14h02m:57,30,57,45
09d12h45m-09d15h12m:15,10,30,10,30,18
09d12h49m-09d13h11m:57,30,57,45
09d14h09m-09d14h30m:15,03,22,03,22,08,37,08,37,12
09d14h19m-09d16h53m:08,03,08,23,20,23
09d14h22m-09d16h32m:25,45,45,45,45,40
09d14h33m-09d16h06m:25,45,45,45,45,40
09d15h25m-09d16h28m:10,20,40,20,40,35
09d16h07m-09d18h49m:15,25,15,30,20,30,20,35,30,35,30,40
09d16h23m-09d17h47m:42,08,42,15,47,15,47,27,55,27
09d17h02m-09d18h47m:50,10,55,10,55,25
09d17h23m-09d21h13m:10,20,40,20,40,35
09d18h09m-09d19h40m:60,10,60,25
09d19h28m-09d22h00m:25,45,45,45,45,40
09d19h44m-09d22h32m:42,08,42,15,47,15,47,27,55,27
09d19h58m-09d21h06m:15,25,15,30,20,30,20,35,30,35,30,40
09d20h32m-10d00h17m:57,30,57,45
09d23h58m-10d00h25m:15,03,22,03,22,08,37,08,37,12
10d00h44m-10d04h35m:15,03,22,03,22,08,37,08,37,12
10d01h02m-10d04h21m:10,20,40,20,40,35
10d01h11m-10d02h25m:67,37,67,22
10d02h18m-10d05h31m:25,45,45,45,45,40
10d02h44m-10d03h01m:05,20,05,35
10d03h34m-10d07h32m:05,20,05,35
10d08h06m-10d09h55m:25,25,30,25,30,30,35,30
10d08h49m-10d11h24m:42,08,42,15,47,15,47,27,55,27
10d09h51m-10d13h22m:05,20,05,35
10d09h54m-10d12h54m:57,30,57,45
10d11h34m-10d14h39m:15,10,30,10,30,18
10d13h50m-10d16h26m:67,37,67,22
10d14h22m-10d16h03m:50,10,55,10,55,25
10d15h32m-10d17h30m:15,40,27,40
10d15h34m-10d17h59m:10,20,40,20,40,35
10d16h02m-10d17h20m:05,20,05,35
10d16h58m-10d17h52m:05,20,05,35
10d17h26m-10d18h21m:50,10,55,10,55,25
10d22h01m-10d22h37m:08,03,08,23,20,23
10d23h25m-11d00h17m:15,25,15,30,20,30,20,35,30,35,30,40
11d00h04m-11d03h23m:15,03,22,03,22,08,37,08,37,12
11d00h11m-11d01h55m:08,03,08,23,20,23
11d00h44m-11d03h48m:50,10,55,10,55,25
11d00h48m-11d01h25m:17,15,25,15
11d01h09m-11d02h54m:50,10,55,10,55,25
11d02h32m-11d04h45m:60,10,60,25
11d06h35m-11d09h11m:17,15,25,15
11d06h37m-11d09h56m:15,03,22,03,22,08,37,08,37,12
11d06h54m-11d07h27m:15,03,22,03,22,08,37,08,37,12
11d07h30m-11d08h18m:15,25,15,30,20,30,20,35,30,35,30,40
11d08h16m-11d10h02m:60,10,60,25
11d10h02m-11d13h03m:15,03,22,03,22,08,37,08,37,12
11d10h37m-11d13h50m:25,45,45,45,45,40
11d11h58m-11d12h26m:15,25,15,30,20,30,20,35,30,35,30,40
11d12h25m-11d13h15m:08,03,08,23,20,23
11d12h47m-11d13h08m:15,40,27,40
11d13h06m-11d15h43m:17,15,25,15
11d13h36m-11d14h50m:42,08,42,15,47,15,47,27,55,27
11d15h13m-11d16h43m:15,10,30,10,30,18
11d16h18m-11d18h01m:57,30,57,45
11d16h34m-11d18h50m:25,45,45,45,45,40
11d17h42m-11d19h20m:17,15,25,15
11d19h44m-11d22h02m:57,30,57,45
11d20h32m-11d22h57m:15,10,30,10,30,18
11d22h15m-11d23h16m:15,10,30,10,30,18
11d22h44m-11d23h58m:15,03,22,03,22,08,37,08,37,12
11d23h26m-12d02h39m:57,30,57,45
11d23h42m-12d02h55m:15,10,30,10,30,18
12d01h31m-12d03h41m:57,30,57,45
12d05h34m-12d06h38m:25,45,45,45,45,40
12d06h25m-12d10h00m:25,25,30,25,30,30,35,30
12d07h38m-12d10h49m:67,37,67,22
12d07h52m-12d09h45m:15,10,30,10,30,18
12d09h36m-12d11h44m:50,10,55,10,55,25
12d10h26m-12d14h21m:42,08,42,15,47,15,47,27,55,27
12d10h41m-12d14h16m:42,08,42,15,47,15,47,27,55,27
12d11h14m-12d13h25m:57,30,57,45
12d12h09m-12d14h46m:15,40,27,40
12d12h35m-12d14h53m:15,25,15,30,20,30,20,35,30,35,30,40
12d16h14m-12d16h58m:17,15,25,15
12d16h55m-12d20h55m:15,03,22,03,22,08,37,08,37,12
12d17h39m-12d18h47m:50,10,55,10,55,25
12d18h18m-12d20h07m:10,20,40,20,40,35
12d18h47m-12d20h25m:57,30,57,45
12d20h24m-12d23h50m:25,25,30,25,30,30,35,30
13d00h06m-13d02h52m:57,30,57,45
13d02h08m-13d02h25m:42,08,42,15,47,15,47,27,55,27
13d02h13m-13d03h52m:10,20,40,20,40,35
13d02h36m-13d02h53m:67,37,67,22
13d04h54m-13d08h54m:15,25,15,30,20,30,20,35,30,35,30,40
13d06h41m-13d09h33m:25,45,45,45,45,40
13d07h35m-13d11h33m:57,30,57,45
13d09h23m-13d10h01m:10,20,40,20,40,35
13d10h43m-13d12h07m:57,30,57,45
13d11h25m-13d13h19m:67,37,67,22
13d15h53m-13d16h58m:10,20,40,20,40,35
13d17h17m-13d18h11m:25,45,45,45,45,40
13d18h29m-13d19h13m:25,45,45,45,45,40
13d18h35m-13d22h24m:15,03,22,03,22,08,37,08,37,12
13d19h33m-13d22h03m:50,10,55,10,55,25
13d22h02m-14d01h42m:15,40,27,40
13d23h45m-14d00h04m:25,45,45,45,45,40
14d00h45m-14d02h58m:15,03,22,03,22,08,37,08,37,12
14d00h47m-14d03h29m:05,20,05,35
14d02h36m-14d05h42m:10,20,40,20,40,35
14d02h45m-14d06h22m:17,15,25,15
14d03h46m-14d04h14m:25,25,30,25,30,30,35,30
14d04h33m-14d08h02m:67,37,67,22
14d06h13m-14d07h39m:42,08,42,15,47,15,47,27,55,27
14d07h34m-14d09h13m:15,40,27,40
14d08h48m-14d12h35m:60,10,60,25
14d09h31m-14d12h51m:17,15,25,15
14d11h13m-14d12h21m:15,25,15,30,20,30,20,35,30,35,30,40
14d12h44m-14d14h12m:67,37,67,22
14d13h38m-14d14h14m:50,10,55,10,55,25
14d14h05m-14d15h06m:15,25,15,30,20,30,20,35,30,35,30,40
14d14h34m-14d18h34m:08,03,08,23,20,23
14d16h15m-14d20h01m:57,30,57,45
14d16h16m-14d18h54m:15,03,22,03,22,08,37,08,37,12
14d20h15m-14d21h17m:57,30,57,45
14d21h11m-14d23h43m:25,25,30,25,30,30,35,30
14d21h31m-14d22h25m:08,03,08,23,20,23
14d23h02m-15d00h20m:15,25,15,30,20,30,20,35,30,35,30,40
14d23h53m-15d00h41m:25,45,45,45,45,40
15d03h14m-15d03h52m:15,25,15,30,20,30,20,35,30,35,30,40
15d07h32m-15d10h06m:17,15,25,15
15d07h43m-15d10h44m:60,10,60,25
15d08h41m-15d10h11m:15,10,30,10,30,18
15d11h23m-15d13h14m:05,20,05,35
15d11h59m-15d14h44m:50,10,55,10,55,25
15d12h54m-15d14h56m:08,03,08,23,20,23
15d14h57m-15d15h18m:50,10,55,10,55,25
15d15h47m-15d18h59m:25,45,45,45,45,40
15d16h03m-15d16h49m:08,03,08,23,20,23
15d22h54m-15d23h57m:50,10,55,10,55,25
16d00h39m-16d02h48m:57,30,57,45
16d04h22m-16d05h11m:25,25,30,25,30,30,35,30
16d04h59m-16d08h26m:25,25,30,25,30,30,35,30
16d06h01m-16d07h58m:15,10,30,10,30,18
16d07h38m-16d09h47m:25,45,45,45,45,40
16d07h39m-16d10h10m:60,10,60,25
16d08h56m-16d10h43m:17,15,25,15
16d09h09m-16d10h04m:25,25,30,25,30,30,35,30
16d10h33m-16d13h14m:42,08,42,15,47,15,47,27,55,27
16d11h40m-16d12h37m:25,45,45,45,45,40
16d12h05m-16d14h34m:50,10,55,10,55,25
16d15h11m-16d15h42m:67,37,67,22
16d16h11m-16d19h34m:67,37,67,22
16d18h07m-16d18h45m:15,03,22,03,22,08,37,08,37,12
16d18h29m-16d22h10m:15,10,30,10,30,18
16d19h55m-16d21h16m:57,30,57,45
16d21h57m-16d23h59m:08,03,08,23,20,23
16d22h10m-17d00h08m:15,03,22,03,22,08,37,08,37,12
16d23h11m-16d23h40m:25,25,30,25,30,30,35,30
17d00h04m-17d01h52m:60,10,60,25
17d00h55m-17d03h35m:25,25,30,25,30,30,35,30
17d02h31m-17d04h01m:25,45,45,45,45,40
17d06h33m-17d07h21m:15,25,15,30,20,30,20,35,30,35,30,40
17d11h30m-17d13h51m:15,10,30,10,30,18
17d11h30m-17d15h18m:05,20,05,35
17d15h13m-17d16h40m:10,20,40,20,40,35
17d17h03m-17d20h58m:10,20,40,20,40,35
17d17h18m-17d18h01m:57,30,57,45
17d18h22m-17d21h33m:17,15,25,15
17d19h07m-17d22h09m:50,10,55,10,55,25
17d20h25m-17d21h04m:05,20,05,35
18d00h05m-18d01h31m:25,45,45,45,45,40
18d00h08m-18d02h58m:50,10,55,10,55,25
18d00h24m-18d04h00m:15,10,30,10,30,18
18d00h33m-18d02h03m:42,08,42,15,47,15,47,27,55,27
18d03h28m-18d06h24m:42,08,42,15,47,15,47,27,55,27
18d04h36m-18d06h57m:57,30,57,45
18d04h38m-18d07h04m:67,37,67,22
18d04h53m-18d06h22m:25,25,30,25,30,30,35,30
18d04h59m-18d08h25m:15,03,22,03,22,08,37,08,37,12
18d07h49m-18d09h35m:25,45,45,45,45,40
18d09h33m-18d12h22m:17,15,25,15
18d09h41m-18d13h06m:05,20,05,35
18d10h33m-18d13h50m:50,10,55,10,55,25
18d10h52m-18d13h16m:15,03,22,03,22,08,37,08,37,12
18d10h58m-18d14h46m:15,40,27,40
18d11h55m-18d13h22m:10,20,40,20,40,35
18d12h42m-18d16h01m:67,37,67,22
18d17h11m-18d17h33m:57,30,57,45
18d19h32m-18d22h54m:60,10,60,25
18d22h02m-18d22h46m:08,03,08,23,20,23
18d22h07m-18d23h57m:15,03,22,03,22,08,37,08,37,12
19d01h48m-19d02h49m:67,37,67,22
19d02h13m-19d03h40m:42,08,42,15,47,15,47,27,55,27
19d03h01m-19d05h08m:08,03,08,23,20,23
19d04h59m-19d05h30m:15,10,30,10,30,18
19d06h14m-19d09h55m:67,37,67,22
19d06h43m-19d09h16m:10,20,40,20,40,35
19d07h26m-19d08h22m:17,15,25,15
19d07h56m-19d11h14m:67,37,67,22
19d10h38m-19d11h03m:10,20,40,20,40,35
19d11h09m-19d13h33m:08,03,08,23,20,23
19d11h41m-19d12h06m:10,20,40,20,40,35
19d11h50m-19d12h58m:15,03,22,03,22,08,37,08,37,12
19d14h13m-19d16h53m:15,25,15,30,20,30,20,35,30,35,30,40
19d15h20m-19d16h46m:10,20,40,20,40,35
19d16h14m-19d17h27m:50,10,55,10,55,25
19d17h00m-19d19h48m:42,08,42,15,47,15,47,27,55,27
19d17h56m-19d19h12m:50,10,55,10,55,25
19d17h57m-19d19h04m:08,03,08,23,20,23
19d19h41m-19d22h57m:10,20,40,20,40,35
19d20h05m-19d20h23m:05,20,05,35
19d20h12m-19d21h44m:25,45,45,45,45,40
20d01h01m-20d02h32m:08,03,08,23,20,23
20d01h59m-20d03h48m:17,15,25,15
20d02h23m-20d03h38m:08,03,08,23,20,23
20d03h07m-20d04h02m:15,40,27,40
20d06h02m-20d07h01m:15,03,22,03,22,08,37,08,37,12
20d06h12m-20d09h29m:60,10,60,25
20d06h41m-20d08h40m:25,25,30,25,30,30,35,30
20d07h14m-20d08h12m:10,20,40,20,40,35
20d07h54m-20d11h18m:15,10,30,10,30,18
20d09h47m-20d10h49m:08,03,08,23,20,23
20d11h03m-20d11h27m:15,10,30,10,30,18
20d12h14m-20d13h40m:10,20,40,20,40,35
20d14h11m-20d16h42m:25,45,45,45,45,40
20d14h21m-20d16h02m:15,25,15,30,20,30,20,35,30,35,30,40
20d15h15m-20d16h25m:05,20,05,35
20d17h06m-20d20h53m:15,40,27,40
20d17h17m-20d18h48m:25,25,30,25,30,30,35,30
20d17h29m-20d20h27m:05,20,05,35
20d17h40m-20d19h57m:50,10,55,10,55,25
20d19h52m-20d20h18m:25,25,30,25,30,30,35,30
20d21h28m-21d00h16m:08,03,08,23,20,23
20d23h46m-21d01h13m:10,20,40,20,40,35
21d02h17m-21d04h58m:15,03,22,03,22,08,37,08,37,12
21d03h56m-21d06h16m:25,45,45,45,45,40
21d04h13m-21d06h40m:15,10,30,10,30,18
21d04h36m-21d05h13m:15,25,15,30,20,30,20,35,30,35,30,40
21d06h59m-21d07h50m:67,37,67,22
21d08h48m-21d11h30m:50,10,55,10,55,25
21d11h33m-21d13h25m:05,20,05,35
21d11h54m-21d14h03m:08,03,08,23,20,23
21d14h04m-21d15h37m:17,15,25,15
21d14h12m-21d16h53m:25,45,45,45,45,40
21d17h39m-21d20h57m:25,45,45,45,45,40
21d17h40m-21d20h33m:25,25,30,25,30,30,35,30
21d19h24m-21d20h49m:15,40,27,40
21d20h10m-21d21h57m:08,03,08,23,20,23
21d21h47m-22d00h18m:15,40,27,40
21d22h23m-21d22h58m:60,10,60,25
22d00h03m-22d01h00m:42,08,42,15,47,15,47,27,55,27
22d00h18m-22d03h24m:08,03,08,23,20,23
22d00h23m-22d04h23m:08,03,08,23,20,23
22d00h35m-22d04h26m:50,10,55,10,55,25
22d01h26m-22d04h48m:50,10,55,10,55,25
22d05h00m-22d08h23m:08,03,08,23,20,23
22d05h48m-22d07h37m:67,37,67,22
22d07h20m-22d10h00m:25,45,45,45,45,40
22d07h44m-22d09h37m:10,20,40,20,40,35
22d10h42m-22d11h52m:25,45,45,45,45,40
22d11h54m-22d13h19m:42,08,42,15,47,15,47,27,55,27
22d13h34m-22d15h07m:50,10,55,10,55,25
22d15h29m-22d17h29m:25,25,30,25,30,30,35,30
22d15h57m-22d17h13m:25,45,45,45,45,40
22d17h17m-22d18h41m:15,03,22,03,22,08,37,08,37,12
22d18h31m-22d20h46m:50,10,55,10,55,25
22d19h09m-22d22h57m:15,40,27,40
22d19h19m-22d22h49m:15,25,15,30,20,30,20,35,30,35,30,40
22d19h29m-22d23h05m:05,20,05,35
22d20h53m-22d23h21m:42,08,42,15,47,15,47,27,55,27
22d22h46m-22d23h35m:42,08,42,15,47,15,47,27,55,27
22d23h05m-23d00h04m:50,10,55,10,55,25
23d00h28m-23d01h50m:10,20,40,20,40,35
23d02h44m-23d06h25m:15,03,22,03,22,08,37,08,37,12
23d05h11m-23d07h08m:05,20,05,35
23d09h22m-23d13h01m:15,25,15,30,20,30,20,35,30,35,30,40
23d09h49m-23d13h02m:25,25,30,25,30,30,35,30
23d10h39m-23d11h49m:10,20,40,20,40,35
23d11h31m-23d15h29m:60,10,60,25
23d11h59m-23d13h30m:25,25,30,25,30,30,35,30
23d12h32m-23d14h40m:67,37,67,22
23d12h40m-23d13h41m:60,10,60,25
23d13h50m-23d17h21m:57,30,57,45
23d15h46m-23d16h19m:15,10,30,10,30,18
23d16h23m-23d17h07m:25,45,45,45,45,40
23d17h48m-23d20h27m:10,20,40,20,40,35
24d00h57m-24d01h31m:15,40,27,40
24d01h18m-24d02h22m:15,40,27,40
24d01h48m-24d02h31m:42,08,42,15,47,15,47,27,55,27
24d03h24m-24d05h48m:15,25,15,30,20,30,20,35,30,35,30,40
24d05h35m-24d09h26m:08,03,08,23,20,23
24d06h10m-24d08h47m:15,25,15,30,20,30,20,35,30,35,30,40
24d06h38m-24d07h26m:60,10,60,25
24d07h07m-24d07h44m:15,10,30,10,30,18
24d07h24m-24d09h17m:50,10,55,10,55,25
24d08h05m-24d08h48m:60,10,60,25
24d08h09m-24d12h06m:60,10,60,25
24d09h18m-24d12h47m:57,30,57,45
24d10h07m-24d11h37m:10,20,40,20,40,35
24d10h29m-24d14h21m:25,25,30,25,30,30,35,30
24d10h31m-24d12h06m:10,20,40,20,40,35
24d12h05m-24d15h56m:60,10,60,25
24d13h57m-24d17h49m:15,40,27,40
24d17h34m-24d18h53m:15,03,22,03,22,08,37,08,37,12
24d19h41m-24d20h31m:17,15,25,15
24d23h34m-25d00h57m:60,10,60,25
24d23h49m-25d00h18m:15,40,27,40
25d02h22m-25d04h51m:17,15,25,15
25d03h00m-25d06h56m:05,20,05,35
25d03h41m-25d06h15m:57,30,57,45
25d07h04m-25d07h19m:15,03,22,03,22,08,37,08,37,12
25d07h27m-25d08h20m:25,25,30,25,30,30,35,30
25d07h36m-25d09h43m:17,15,25,15
25d09h53m-25d13h04m:10,20,40,20,40,35
25d10h52m-25d14h31m:67,37,67,22
25d15h23m-25d18h33m:08,03,08,23,20,23
25d17h06m-25d18h27m:15,25,15,30,20,30,20,35,30,35,30,40
25d23h16m-26d01h08m:17,15,25,15
25d23h50m-26d03h13m:60,10,60,25
26d00h35m-26d04h07m:50,10,55,10,55,25
26d01h24m-26d05h12m:67,37,67,22
26d01h32m-26d01h56m:42,08,42,15,47,15,47,27,55,27
26d02h16m-26d04h34m:25,45,45,45,45,40
26d06h44m-26d07h06m:25,25,30,25,30,30,35,30
26d07h14m-26d11h10m:10,20,40,20,40,35
26d08h01m-26d08h45m:10,20,40,20,40,35
26d11h13m-26d12h00m:15,10,30,10,30,18
26d12h55m-26d14h57m:10,20,40,20,40,35
26d14h06m-26d14h41m:17,15,25,15
26d14h38m-26d16h48m:17,15,25,15
26d14h45m-26d18h03m:42,08,42,15,47,15,47,27,55,27
26d14h49m-26d17h48m:15,03,22,03,22,08,37,08,37,12
26d16h12m-26d17h13m:15,40,27,40
26d17h09m-26d18h09m:67,37,67,22
26d19h23m-26d22h52m:67,37,67,22
26d20h04m-26d21h12m:17,15,25,15
26d20h37m-26d23h42m:42,08,42,15,47,15,47,27,55,27
26d21h06m-27d00h02m:50,10,55,10,55,25
26d21h57m-26d23h43m:60,10,60,25
26d22h45m-27d01h24m:15,40,27,40
27d00h00m-27d03h37m:05,20,05,35
27d01h03m-27d03h05m:15,03,22,03,22,08,37,08,37,12
27d01h49m-27d04h25m:25,25,30,25,30,30,35,30
27d02h02m-27d04h45m:08,03,08,23,20,23
27d02h19m-27d02h34m:50,10,55,10,55,25
27d03h02m-27d04h54m:67,37,67,22
27d05h23m-27d09h16m:15,40,27,40
27d06h01m-27d08h58m:25,45,45,45,45,40
27d06h09m-27d10h09m:10,20,40,20,40,35
27d06h44m-27d08h18m:15,40,27,40
27d08h33m-27d10h53m:05,20,05,35
27d09h49m-27d11h16m:67,37,67,22
27d10h29m-27d11h07m:05,20,05,35
27d10h29m-27d11h07m:57,30,57,45
27d11h17m-27d12h18m:08,03,08,23,20,23
27d14h02m-27d17h30m:08,03,08,23,20,23
27d14h10m-27d18h00m:15,03,22,03,22,08,37,08,37,12
27d14h25m-27d16h35m:08,03,08,23,20,23
27d14h53m-27d15h46m:57,30,57,45
27d16h00m-27d19h04m:15,40,27,40
27d17h49m-27d21h12m:15,10,30,10,30,18
27d20h53m-27d23h26m:67,37,67,22
27d22h42m-28d02h10m:05,20,05,35
27d23h10m-28d02h36m:05,20,05,35
27d23h22m-28d00h01m:50,10,55,10,55,25
27d23h26m-28d01h22m:15,25,15,30,20,30,20,35,30,35,30,40
28d00h06m-28d02h13m:67,37,67,22
28d00h26m-28d04h01m:08,03,08,23,20,23
28d00h33m-28d01h52m:10,20,40,20,40,35
28d02h57m-28d04h19m:50,10,55,10,55,25
28d03h21m-28d05h03m:60,10,60,25
28d03h46m-28d04h03m:67,37,67,22
28d05h41m-28d06h30m:25,45,45,45,45,40
28d09h37m-28d11h17m:15,10,30,10,30,18
28d12h45m-28d15h24m:15,25,15,30,20,30,20,35,30,35,30,40
28d12h55m-28d13h29m:42,08,42,15,47,15,47,27,55,27
28d12h59m-28d14h28m:25,45,45,45,45,40
28d13h04m-28d15h39m:15,40,27,40
28d13h23m-28d14h08m:15,40,27,40
28d13h53m-28d14h32m:25,45,45,45,45,40
28d14h51m-28d17h33m:60,10,60,25
28d15h57m-28d18h06m:17,15,25,15
28d16h12m-28d19h57m:08,03,08,23,20,23
28d17h12m-28d17h52m:10,20,40,20,40,35
28d19h17m-28d22h44m:60,10,60,25
28d19h58m-28d23h18m:15,40,27,40
28d20h12m-28d21h55m:10,20,40,20,40,35
28d21h15m-29d00h46m:15,25,15,30,20,30,20,35,30,35,30,40
28d23h29m-29d02h56m:50,10,55,10,55,25
29d02h39m-29d03h21m:15,10,30,10,30,18
29d03h56m-29d04h56m:15,03,22,03,22,08,37,08,37,12
29d07h16m-29d07h38m:50,10,55,10,55,25
29d08h03m-29d08h21m:15,25,15,30,20,30,20,35,30,35,30,40
29d09h58m-29d13h41m:25,45,45,45,45,40
29d12h18m-29d15h29m:15,03,22,03,22,08,37,08,37,12
29d13h03m-29d16h07m:50,10,55,10,55,25
29d14h31m-29d15h49m:67,37,67,22
29d14h53m-29d17h22m:05,20,05,35
29d16h34m-29d17h14m:57,30,57,45
29d17h30m-29d20h31m:25,25,30,25,30,30,35,30
29d17h44m-29d19h53m:10,20,40,20,40,35
29d17h49m-29d19h06m:50,10,55,10,55,25
29d17h55m-29d20h21m:67,37,67,22
29d18h18m-29d20h17m:25,45,45,45,45,40
29d18h22m-29d18h59m:15,03,22,03,22,08,37,08,37,12
29d18h47m-29d22h38m:15,25,15,30,20,30,20,35,30,35,30,40
29d19h03m-29d22h28m:10,20,40,20,40,35
29d19h50m-29d20h25m:15,10,30,10,30,18
29d20h36m-29d23h42m:50,10,55,10,55,25
29d20h48m-29d21h23m:15,40,27,40
29d20h51m-30d00h06m:15,10,30,10,30,18
29d21h20m-30d00h57m:15,40,27,40
29d23h12m-30d02h40m:25,45,45,45,45,40
30d02h35m-30d05h45m:25,25,30,25,30,30,35,30
30d03h11m-30d04h40m:67,37,67,22
30d04h54m-30d07h33m:25,45,45,45,45,40
30d05h19m-30d07h47m:17,15,25,15
30d05h34m-30d07h19m:50,10,55,10,55,25
30d06h32m-30d07h23m:08,03,08,23,20,23
30d07h53m-30d11h42m:05,20,05,35
30d09h50m-30d11h38m:10,20,40,20,40,35
30d10h43m-30d13h47m:17,15,25,15
30d11h26m-30d13h36m:10,20,40,20,40,35
30d14h14m-30d16h35m:15,25,15,30,20,30,20,35,30,35,30,40
30d14h33m-30d15h56m:17,15,25,15
30d19h26m-30d19h46m:67,37,67,22
30d19h53m-30d22h05m:08,03,08,23,20,23
30d20h13m-30d22h56m:60,10,60,25
30d22h00m-30d22h21m:15,25,15,30,20,30,20,35,30,35,30,40
30d23h13m-30d23h50m:15,25,15,30,20,30,20,35,30,35,30,40
31d01h14m-31d04h12m:67,37,67,22
31d01h48m-31d05h44m:67,37,67,22
31d03h47m-31d06h06m:15,10,30,10,30,18
31d04h51m-31d06h11m:50,10,55,10,55,25
31d04h59m-31d06h05m:10,20,40,20,40,35
31d05h13m-31d08h38m:57,30,57,45
31d09h25m-31d09h49m:60,10,60,25
31d13h28m-31d13h52m:67,37,67,22
31d13h36m-31d14h27m:17,15,25,15
31d17h05m-31d17h33m:15,40,27,40
31d19h03m-31d19h58m:05,20,05,35
31d19h28m-31d21h50m:08,03,08,23,20,23
31d20h25m-31d21h22m:15,10,30,10,30,18
