01d00h59m-01d03h12m:67,37,67,22
01d04h01m-01d05h18m:25,25,30,25,30,30,35,30
01d07h25m-01d11h16m:15,40,27,40
01d08h28m-01d10h15m:15,03,22,03,22,08,37,08,37,12
01d08h57m-01d11h32m:50,10,55,10,55,25
01d08h58m-01d11h01m:15,40,27,40
01d09h05m-01d09h43m:08,03,08,23,20,23
01d10h09m-01d11h13m:60,10,60,25
01d13h10m-01d14h36m:15,40,27,40
01d13h46m-01d15h14m:15,40,27,40
01d14h01m-01d15h27m:15,25,15,30,20,30,20,35,30,35,30,40
01d14h01m-01d15h55m:15,03,22,03,22,08,37,08,37,12
01d14h08m-01d15h33m:17,15,25,15
01d14h28m-01d16h02m:25,25,30,25,30,30,35,30
01d15h03m-01d16h26m:15,40,27,40
01d15h37m-01d18h09m:15,40,27,40
01d16h22m-01d19h03m:17,15,25,15
01d16h37m-01d18h56m:67,37,67,22
01d17h25m-01d17h45m:15,25,15,30,20,30,20,35,30,35,30,40
01d17h49m-01d21h28m:17,15,25,15
01d18h39m-01d20h14m:60,10,60,25
01d20h21m-01d22h20m:15,03,22,03,22,08,37,08,37,12
01d20h37m-01d21h44m:50,10,55,10,55,25
02d03h16m-02d05h35m:10,20,40,20,40,35
02d05h23m-02d09h03m:08,03,08,23,20,23
02d06h04m-02d07h11m:05,20,05,35
02d07h05m-02d08h16m:15,10,30,10,30,18
02d07h40m-02d08h34m:10,20,40,20,40,35
02d09h15m-02d11h29m:05,20,05,35
02d10h17m-02d11h48m:17,15,25,15
02d10h52m-02d14h07m:15,40,27,40
02d11h37m-02d13h21m:67,37,67,22
02d12h07m-02d14h56m:15,10,30,10,30,18
02d14h38m-02d18h15m:50,10,55,10,55,25
02d15h15m-02d16h45m:25,45,45,45,45,40
02d17h17m-02d20h04m:15,25,15,30,20,30,20,35,30,35,30,40
02d17h37m-02d20h33m:10,20,40,20,40,35
02d17h51m-02d20h09m:08,03,08,23,20,23
02d17h57m-02d21h17m:50,10,55,10,55,25
02d17h58m-02d21h19m:60,10,60,25
02d18h16m-02d18h32m:57,30,57,45
02d18h19m-02d22h07m:15,25,15,30,20,30,20,35,30,35,30,40
02d19h14m-02d21h18m:50,10,55,10,55,25
02d19h17m-02d20h07m:50,10,55,10,55,25
02d19h36m-02d23h10m:10,20,40,20,40,35
02d20h53m-02d21h55m:60,10,60,25
02d21h16m-03d00h38m:42,08,42,15,47,15,47,27,55,27
03d00h23m-03d02h54m:05,20,05,35
03d01h47m-03d03h14m:15,40,27,40
03d04h08m-03d07h31m:60,10,60,25
03d04h25m-03d05h50m:60,10,60,25
03d04h25m-03d07h56m:25,25,30,25,30,30,35,30
03d05h52m-03d06h56m:67,37,67,22
03d07h46m-03d11h11m:15,03,22,03,22,08,37,08,37,12
03d08h55m-03d09h36m:17,15,25,15
03d09h26m-03d12h02m:25,25,30,25,30,30,35,30
03d10h01m-03d12h23m:08,03,08,23,20,23
03d12h39m-03d13h08m:67,37,67,22
03d14h19m-03d18h08m:15,03,22,03,22,08,37,08,37,12
03d15h57m-03d17h34m:25,45,45,45,45,40
03d16h15m-03d19h23m:15,40,27,40
03d17h11m-03d17h57m:15,03,22,03,22,08,37,08,37,12
03d18h04m-03d20h35m:15,40,27,40
03d18h50m-03d22h38m:15,10,30,10,30,18
03d20h37m-03d21h56m:17,15,25,15
03d21h44m-04d01h03m:10,20,40,20,40,35
04d05h07m-04d06h37m:25,25,30,25,30,30,35,30
04d06h39m-04d06h54m:15,10,30,10,30,18
04d07h23m-04d10h54m:05,20,05,35
04d08h29m-04d11h45m:42,08,42,15,47,15,47,27,55,27
04d08h44m-04d10h12m:08,03,08,23,20,23
04d10h28m-04d13h23m:15,03,22,03,22,08,37,08,37,12
04d10h54m-04d13h34m:67,37,67,22
04d12h27m-04d14h15m:67,37,67,22
04d14h17m-04d16h58m:67,37,67,22
04d15h57m-04d19h27m:08,03,08,23,20,23
04d16h10m-04d19h42m:15,10,30,10,30,18
04d16h51m-04d20h14m:15,03,22,03,22,08,37,08,37,12
04d16h57m-04d17h21m:67,37,67,22
04d16h58m-04d19h03m:50,10,55,10,55,25
04d18h19m-04d18h34m:42,08,42,15,47,15,47,27,55,27
04d18h27m-04d19h37m:15,25,15,30,20,30,20,35,30,35,30,40
04d18h39m-04d22h04m:15,40,27,40
04d18h55m-04d19h59m:50,10,55,10,55,25
04d19h36m-04d19h51m:08,03,08,23,20,23
04d20h23m-05d00h22m:15,03,22,03,22,08,37,08,37,12
04d20h31m-04d22h42m:15,25,15,30,20,30,20,35,30,35,30,40
04d20h50m-04d23h47m:60,10,60,25
04d21h32m-05d00h12m:05,20,05,35
05d00h26m-05d02h17m:15,10,30,10,30,18
05d00h31m-05d02h33m:17,15,25,15
05d02h01m-05d04h44m:42,08,42,15,47,15,47,27,55,27
05d02h13m-05d03h48m:50,10,55,10,55,25
05d02h34m-05d06h31m:57,30,57,45
05d02h46m-05d03h10m:25,25,30,25,30,30,35,30
05d04h23m-05d08h10m:08,03,08,23,20,23
05d06h51m-05d09h02m:25,45,45,45,45,40
05d07h30m-05d08h10m:42,08,42,15,47,15,47,27,55,27
05d08h50m-05d09h46m:25,45,45,45,45,40
05d09h13m-05d10h37m:57,30,57,45
05d09h38m-05d12h36m:15,10,30,10,30,18
05d09h46m-05d13h31m:57,30,57,45
05d10h50m-05d11h26m:17,15,25,15
05d11h03m-05d12h13m:67,37,67,22
05d11h15m-05d14h33m:57,30,57,45
05d13h08m-05d16h08m:15,10,30,10,30,18
05d15h06m-05d18h48m:15,40,27,40
05d15h27m-05d19h24m:57,30,57,45
05d15h33m-05d16h00m:15,25,15,30,20,30,20,35,30,35,30,40
05d16h34m-05d20h10m:17,15,25,15
05d16h40m-05d18h57m:15,25,15,30,20,30,20,35,30,35,30,40
05d17h17m-05d19h52m:25,45,45,45,45,40
05d17h22m-05d20h00m:57,30,57,45
05d17h29m-05d20h53m:15,25,15,30,20,30,20,35,30,35,30,40
05d18h15m-05d19h58m:15,40,27,40
05d18h24m-05d20h01m:05,20,05,35
05d18h40m-05d20h19m:15,10,30,10,30,18
05d19h38m-05d21h08m:15,25,15,30,20,30,20,35,30,35,30,40
05d20h44m-05d22h44m:25,25,30,25,30,30,35,30
06d00h40m-06d03h16m:17,15,25,15
06d03h38m-06d05h17m:15,10,30,10,30,18
06d04h18m-06d06h56m:50,10,55,10,55,25
06d05h45m-06d07h14m:67,37,67,22
06d12h49m-06d13h05m:25,45,45,45,45,40
06d20h43m-06d21h20m:25,25,30,25,30,30,35,30
06d20h57m-06d23h48m:15,40,27,40
06d21h02m-06d21h35m:15,40,27,40
06d21h13m-06d22h46m:42,08,42,15,47,15,47,27,55,27
06d22h54m-07d02h35m:05,20,05,35
06d23h35m-07d00h37m:25,25,30,25,30,30,35,30
07d03h26m-07d03h46m:67,37,67,22
07d04h26m-07d06h37m:15,25,15,30,20,30,20,35,30,35,30,40
07d08h29m-07d11h17m:57,30,57,45
07d09h14m-07d11h55m:67,37,67,22
07d09h50m-07d10h45m:15,10,30,10,30,18
07d12h08m-07d15h38m:10,20,40,20,40,35
07d12h35m-07d13h25m:15,40,27,40
07d13h39m-07d15h25m:05,20,05,35
07d16h12m-07d17h28m:25,25,30,25,30,30,35,30
07d20h39m-07d22h40m:42,08,42,15,47,15,47,27,55,27
07d21h00m-07d22h54m:08,03,08,23,20,23
07d21h43m-08d01h22m:67,37,67,22
07d23h00m-08d02h38m:67,37,67,22
07d23h34m-08d03h20m:17,15,25,15
08d02h06m-08d04h16m:67,37,67,22
08d02h48m-08d05h41m:08,03,08,23,20,23
08d03h19m-08d06h36m:15,40,27,40
08d03h31m-08d04h45m:25,45,45,45,45,40
08d03h39m-08d05h34m:08,03,08,23,20,23
08d04h11m-08d06h38m:10,20,40,20,40,35
08d04h35m-08d06h45m:67,37,67,22
08d05h07m-08d08h01m:25,45,45,45,45,40
08d05h20m-08d07h34m:10,20,40,20,40,35
08d06h09m-08d07h30m:15,10,30,10,30,18
08d06h39m-08d10h27m:67,37,67,22
08d06h45m-08d08h18m:60,10,60,25
08d06h59m-08d10h16m:50,10,55,10,55,25
08d07h03m-08d09h09m:15,03,22,03,22,08,37,08,37,12
08d11h54m-08d12h32m:25,45,45,45,45,40
08d12h46m-08d13h27m:15,40,27,40
08d14h50m-08d18h03m:10,20,40,20,40,35
08d14h57m-08d17h59m:50,10,55,10,55,25
08d14h59m-08d18h01m:17,15,25,15
08d17h59m-08d18h39m:08,03,08,23,20,23
08d19h01m-08d22h04m:25,25,30,25,30,30,35,30
08d19h10m-08d22h25m:15,10,30,10,30,18
09d00h15m-09d01h06m:05,20,05,35
09d04h41m-09d07h58m:25,45,45,45,45,40
09d05h18m-09d05h34m:60,10,60,25
09d06h27m-09d07h36m:60,10,60,25
09d06h49m-09d10h32m:10,20,40,20,40,35
09d08h26m-09d09h53m:15,25,15,30,20,30,20,35,30,35,30,40
09d11h42m-09d13h36m:50,10,55,10,55,25
09d14h05m-09d14h46m:67,37,67,22
09d16h31m-09d18h23m:08,03,08,23,20,23
09d17h33m-09d20h46m:05,20,05,35
09d18h05m-09d22h00m:15,25,15,30,20,30,20,35,30,35,30,40
09d18h43m-09d21h47m:57,30,57,45
09d19h39m-09d23h35m:08,03,08,23,20,23
09d21h20m-09d22h17m:57,30,57,45
09d21h31m-09d23h49m:25,25,30,25,30,30,35,30
09d23h38m-10d03h14m:15,40,27,40
10d02h03m-10d02h39m:15,03,22,03,22,08,37,08,37,12
10d02h17m-10d02h34m:08,03,08,23,20,23
10d03h30m-10d07h24m:15,25,15,30,20,30,20,35,30,35,30,40
10d04h21m-10d07h56m:08,03,08,23,20,23
10d05h27m-10d07h11m:50,10,55,10,55,25
10d05h37m-10d09h01m:15,10,30,10,30,18
10d05h47m-10d09h34m:17,15,25,15
10d06h21m-10d07h02m:60,10,60,25
10d07h19m-10d11h12m:25,25,30,25,30,30,35,30
10d08h20m-10d09h24m:42,08,42,15,47,15,47,27,55,27
10d08h50m-10d12h11m:05,20,05,35
10d09h01m-10d09h35m:08,03,08,23,20,23
10d09h16m-10d10h54m:15,25,15,30,20,30,20,35,30,35,30,40
10d09h46m-10d13h29m:42,08,42,15,47,15,47,27,55,27
10d10h58m-10d11h52m:17,15,25,15
10d10h59m-10d13h14m:15,25,15,30,20,30,20,35,30,35,30,40
10d11h02m-10d13h45m:42,08,42,15,47,15,47,27,55,27
10d11h20m-10d13h19m:42,08,42,15,47,15,47,27,55,27
10d11h36m-10d13h54m:50,10,55,10,55,25
10d13h08m-10d16h24m:25,25,30,25,30,30,35,30
10d17h38m-10d19h19m:25,25,30,25,30,30,35,30
10d18h24m-10d21h17m:57,30,57,45
10d19h56m-10d22h46m:25,25,30,25,30,30,35,30
10d20h48m-11d00h12m:67,37,67,22
10d21h02m-10d23h18m:67,37,67,22
10d22h03m-10d22h29m:25,45,45,45,45,40
10d22h04m-11d00h28m:42,08,42,15,47,15,47,27,55,27
10d22h15m-11d00h18m:15,40,27,40
10d22h38m-11d01h00m:57,30,57,45
11d01h35m-11d05h29m:67,37,67,22
11d02h02m-11d04h46m:60,10,60,25
11d02h19m-11d05h04m:67,37,67,22
11d03h30m-11d05h40m:42,08,42,15,47,15,47,27,55,27
11d04h50m-11d05h40m:15,25,15,30,20,30,20,35,30,35,30,40
11d07h13m-11d11h11m:50,10,55,10,55,25
11d07h34m-11d11h24m:17,15,25,15
11d08h11m-11d09h34m:25,45,45,45,45,40
11d09h29m-11d10h38m:57,30,57,45
11d10h49m-11d11h25m:10,20,40,20,40,35
11d15h15m-11d18h06m:17,15,25,15
11d15h34m-11d19h27m:15,40,27,40
11d17h19m-11d20h55m:15,03,22,03,22,08,37,08,37,12
11d18h19m-11d21h50m:15,25,15,30,20,30,20,35,30,35,30,40
11d20h37m-11d23h12m:25,45,45,45,45,40
11d20h46m-11d23h57m:15,03,22,03,22,08,37,08,37,12
11d21h18m-12d00h22m:50,10,55,10,55,25
12d00h25m-12d02h57m:15,10,30,10,30,18
12d02h31m-12d06h03m:05,20,05,35
12d02h50m-12d04h59m:15,03,22,03,22,08,37,08,37,12
12d03h14m-12d05h05m:15,10,30,10,30,18
12d05h16m-12d06h33m:15,10,30,10,30,18
12d06h50m-12d09h29m:60,10,60,25
12d07h23m-12d10h16m:50,10,55,10,55,25
12d07h57m-12d10h02m:42,08,42,15,47,15,47,27,55,27
12d08h02m-12d09h38m:15,10,30,10,30,18
12d09h59m-12d11h58m:05,20,05,35
12d11h06m-12d12h57m:15,10,30,10,30,18
12d12h53m-12d13h50m:50,10,55,10,55,25
12d13h24m-12d16h52m:50,10,55,10,55,25
12d13h53m-12d16h14m:17,15,25,15
12d15h22m-12d17h30m:42,08,42,15,47,15,47,27,55,27
12d16h14m-12d17h51m:15,40,27,40
12d17h55m-12d18h15m:25,25,30,25,30,30,35,30
12d19h09m-12d22h50m:25,45,45,45,45,40
12d22h55m-13d00h36m:50,10,55,10,55,25
12d23h04m-13d00h27m:17,15,25,15
13d00h46m-13d03h14m:25,45,45,45,45,40
13d01h23m-13d02h47m:50,10,55,10,55,25
13d01h32m-13d03h56m:57,30,57,45
13d01h34m-13d03h00m:05,20,05,35
13d01h35m-13d03h43m:10,20,40,20,40,35
13d01h35m-13d04h40m:10,20,40,20,40,35
13d01h59m-13d05h14m:05,20,05,35
13d03h09m-13d04h59m:15,10,30,10,30,18
13d03h10m-13d05h51m:42,08,42,15,47,15,47,27,55,27
13d04h01m-13d06h06m:08,03,08,23,20,23
13d04h24m-13d05h19m:50,10,55,10,55,25
13d05h58m-13d06h29m:25,25,30,25,30,30,35,30
13d06h03m-13d07h15m:50,10,55,10,55,25
13d06h17m-13d07h55m:15,03,22,03,22,08,37,08,37,12
13d09h06m-13d09h28m:25,45,45,45,45,40
13d12h38m-13d13h30m:57,30,57,45
13d13h14m-13d13h41m:08,03,08,23,20,23
13d13h15m-13d13h59m:05,20,05,35
13d14h02m-13d16h31m:05,20,05,35
13d18h53m-13d22h07m:50,10,55,10,55,25
13d20h36m-13d21h54m:15,40,27,40
13d22h13m-13d22h28m:67,37,67,22
13d23h24m-14d03h15m:57,30,57,45
14d02h15m-14d05h00m:50,10,55,10,55,25
14d03h11m-14d04h28m:15,03,22,03,22,08,37,08,37,12
14d05h43m-14d08h53m:67,37,67,22
14d06h21m-14d07h21m:15,40,27,40
14d10h35m-14d13h21m:67,37,67,22
14d12h57m-14d13h59m:15,40,27,40
14d13h46m-14d17h00m:05,20,05,35
14d14h19m-14d15h32m:15,10,30,10,30,18
14d15h31m-14d17h36m:42,08,42,15,47,15,47,27,55,27
14d16h03m-14d18h26m:15,25,15,30,20,30,20,35,30,35,30,40
14d16h09m-14d20h03m:05,20,05,35
14d16h10m-14d19h55m:60,10,60,25
14d17h18m-14d19h40m:15,40,27,40
14d17h52m-14d21h47m:57,30,57,45
14d18h38m-14d20h03m:42,08,42,15,47,15,47,27,55,27
14d18h49m-14d22h02m:42,08,42,15,47,15,47,27,55,27
14d19h29m-14d22h16m:25,45,45,45,45,40
14d20h02m-14d20h27m:50,10,55,10,55,25
14d20h36m-14d23h09m:15,03,22,03,22,08,37,08,37,12
14d22h48m-15d02h06m:42,08,42,15,47,15,47,27,55,27
14d23h11m-15d02h42m:25,25,30,25,30,30,35,30
14d23h13m-15d00h24m:17,15,25,15
14d23h48m-15d00h45m:05,20,05,35
15d00h43m-15d01h52m:25,25,30,25,30,30,35,30
15d01h21m-15d02h34m:08,03,08,23,20,23
15d01h39m-15d05h13m:08,03,08,23,20,23
15d02h10m-15d03h40m:57,30,57,45
15d04h10m-15d06h04m:10,20,40,20,40,35
15d04h46m-15d05h26m:25,25,30,25,30,30,35,30
15d06h40m-15d07h19m:15,03,22,03,22,08,37,08,37,12
15d07h06m-15d08h49m:67,37,67,22
15d07h54m-15d08h53m:57,30,57,45
15d10h18m-15d13h02m:60,10,60,25
15d10h33m-15d11h18m:25,45,45,45,45,40
15d12h54m-15d16h24m:08,03,08,23,20,23
15d13h42m-15d15h30m:42,08,42,15,47,15,47,27,55,27
15d14h37m-15d17h52m:08,03,08,23,20,23
15d15h11m-15d17h10m:25,45,45,45,45,40
15d15h42m-15d17h42m:25,45,45,45,45,40
15d16h29m-15d16h50m:57,30,57,45
15d16h49m-15d20h34m:10,20,40,20,40,35
15d16h57m-15d19h50m:25,25,30,25,30,30,35,30
15d17h17m-15d20h10m:57,30,57,45
15d17h56m-15d21h32m:08,03,08,23,20,23
15d19h19m-15d20h45m:08,03,08,23,20,23
15d20h38m-15d22h07m:25,25,30,25,30,30,35,30
15d21h00m-15d22h24m:60,10,60,25
15d21h57m-16d01h17m:67,37,67,22
15d21h58m-15d22h33m:15,10,30,10,30,18
15d22h36m-15d23h47m:25,25,30,25,30,30,35,30
15d22h50m-16d00h42m:67,37,67,22
15d23h36m-16d02h55m:25,45,45,45,45,40
16d00h52m-16d02h27m:15,03,22,03,22,08,37,08,37,12
16d02h06m-16d05h20m:17,15,25,15
16d02h08m-16d05h34m:08,03,08,23,20,23
16d03h06m-16d06h37m:57,30,57,45
16d05h24m-16d07h06m:15,25,15,30,20,30,20,35,30,35,30,40
16d09h51m-16d12h14m:15,03,22,03,22,08,37,08,37,12
16d09h52m-16d10h12m:42,08,42,15,47,15,47,27,55,27
16d10h37m-16d12h27m:60,10,60,25
16d11h39m-16d12h38m:05,20,05,35
16d12h10m-16d13h13m:05,20,05,35
16d12h37m-16d13h19m:50,10,55,10,55,25
16d12h42m-16d16h39m:17,15,25,15
16d13h10m-16d16h56m:15,03,22,03,22,08,37,08,37,12
16d13h21m-16d15h59m:15,40,27,40
16d13h33m-16d16h34m:15,10,30,10,30,18
16d14h23m-16d16h06m:50,10,55,10,55,25
16d14h46m-16d16h20m:15,40,27,40
16d15h27m-16d18h58m:15,40,27,40
16d16h14m-16d16h51m:15,10,30,10,30,18
16d16h59m-16d20h16m:15,40,27,40
16d17h54m-16d18h42m:08,03,08,23,20,23
16d18h27m-16d21h51m:25,25,30,25,30,30,35,30
16d19h37m-16d20h37m:57,30,57,45
16d21h29m-16d22h11m:67,37,67,22
16d23h40m-17d00h37m:42,08,42,15,47,15,47,27,55,27
16d23h49m-17d01h07m:50,10,55,10,55,25
17d02h02m-17d05h00m:15,40,27,40
17d04h42m-17d06h00m:60,10,60,25
17d05h00m-17d07h53m:17,15,25,15
17d10h16m-17d11h25m:42,08,42,15,47,15,47,27,55,27
17d12h17m-17d15h12m:10,20,40,20,40,35
17d14h27m-17d15h51m:25,45,45,45,45,40
17d14h47m-17d15h17m:60,10,60,25
17d17h06m-17d17h31m:15,40,27,40
17d17h43m-17d20h23m:05,20,05,35
17d19h34m-17d21h02m:05,20,05,35
17d20h12m-17d21h59m:15,10,30,10,30,18
17d20h54m-17d21h39m:57,30,57,45
17d22h34m-17d23h46m:25,25,30,25,30,30,35,30
18d00h56m-18d03h46m:25,45,45,45,45,40
18d01h53m-18d03h49m:50,10,55,10,55,25
18d02h00m-18d04h55m:60,10,60,25
18d02h22m-18d05h30m:25,45,45,45,45,40
18d02h51m-18d04h00m:25,25,30,25,30,30,35,30
18d03h49m-18d06h45m:42,08,42,15,47,15,47,27,55,27
18d08h45m-18d12h24m:08,03,08,23,20,23
18d10h07m-18d11h27m:17,15,25,15
18d12h06m-18d14h46m:57,30,57,45
18d13h22m-18d16h08m:15,40,27,40
18d14h58m-18d17h34m:15,25,15,30,20,30,20,35,30,35,30,40
18d16h17m-18d18h22m:60,10,60,25
18d16h52m-18d17h48m:42,08,42,15,47,15,47,27,55,27
18d17h00m-18d20h23m:15,03,22,03,22,08,37,08,37,12
18d17h03m-18d20h07m:17,15,25,15
18d17h05m-18d19h43m:10,20,40,20,40,35
18d17h22m-18d20h15m:15,25,15,30,20,30,20,35,30,35,30,40
18d22h17m-19d00h42m:05,20,05,35
18d23h23m-19d02h32m:10,20,40,20,40,35
19d01h12m-19d01h30m:15,25,15,30,20,30,20,35,30,35,30,40
19d02h37m-19d06h01m:15,10,30,10,30,18
19d05h49m-19d08h37m:15,40,27,40
19d10h53m-19d13h47m:15,40,27,40
19d12h43m-19d14h29m:05,20,05,35
19d13h49m-19d17h07m:60,10,60,25
19d14h45m-19d18h11m:67,37,67,22
19d14h54m-19d15h24m:15,03,22,03,22,08,37,08,37,12
19d15h46m-19d18h34m:25,25,30,25,30,30,35,30
19d16h11m-19d20h01m:05,20,05,35
19d16h15m-19d18h22m:05,20,05,35
19d19h04m-19d20h25m:25,25,30,25,30,30,35,30
19d21h38m-20d00h53m:08,03,08,23,20,23
19d23h27m-20d03h23m:10,20,40,20,40,35
20d02h06m-20d03h37m:25,45,45,45,45,40
20d03h35m-20d06h11m:57,30,57,45
20d04h10m-20d06h39m:57,30,57,45
20d05h02m-20d06h10m:15,03,22,03,22,08,37,08,37,12
20d05h45m-20d06h07m:17,15,25,15
20d06h50m-20d07h40m:50,10,55,10,55,25
20d07h36m-20d08h29m:08,03,08,23,20,23
20d08h44m-20d11h34m:57,30,57,45
20d09h21m-20d10h47m:67,37,67,22
20d10h06m-20d11h04m:57,30,57,45
20d11h32m-20d15h05m:17,15,25,15
20d11h38m-20d15h27m:15,10,30,10,30,18
20d14h05m-20d14h22m:25,25,30,25,30,30,35,30
20d14h07m-20d15h31m:10,20,40,20,40,35
20d14h45m-20d18h19m:08,03,08,23,20,23
20d14h48m-20d18h21m:10,20,40,20,40,35
20d14h53m-20d15h38m:17,15,25,15
20d15h40m-20d17h48m:05,20,05,35
20d17h40m-20d18h58m:15,40,27,40
20d18h55m-20d19h32m:25,45,45,45,45,40
20d19h37m-20d20h49m:15,10,30,10,30,18
20d21h05m-20d21h23m:08,03,08,23,20,23
20d23h27m-21d00h47m:25,25,30,25,30,30,35,30
20d23h43m-21d01h50m:42,08,42,15,47,15,47,27,55,27
21d00h20m-21d00h56m:15,03,22,03,22,08,37,08,37,12
21d01h27m-21d04h02m:57,30,57,45
21d02h57m-21d06h51m:15,40,27,40
21d03h05m-21d04h45m:17,15,25,15
21d03h17m-21d06h29m:08,03,08,23,20,23
21d03h49m-21d07h26m:25,25,30,25,30,30,35,30
21d04h43m-21d06h45m:60,10,60,25
21d05h43m-21d07h26m:60,10,60,25
21d05h58m-21d09h54m:10,20,40,20,40,35
21d06h22m-21d10h05m:15,40,27,40
21d10h13m-21d13h27m:10,20,40,20,40,35
21d10h32m-21d12h47m:50,10,55,10,55,25
21d11h26m-21d15h18m:60,10,60,25
21d11h31m-21d15h01m:15,10,30,10,30,18
21d12h38m-21d13h07m:15,10,30,10,30,18
21d20h04m-21d23h53m:08,03,08,23,20,23
21d22h45m-22d01h06m:57,30,57,45
22d00h21m-22d01h38m:25,25,30,25,30,30,35,30
22d00h55m-22d02h43m:08,03,08,23,20,23
22d01h36m-22d05h32m:15,40,27,40
22d02h25m-22d04h47m:05,20,05,35
22d03h45m-22d06h58m:17,15,25,15
22d04h02m-22d07h19m:08,03,08,23,20,23
22d06h37m-22d10h17m:25,25,30,25,30,30,35,30
22d07h26m-22d10h50m:08,03,08,23,20,23
22d08h21m-22d10h05m:15,40,27,40
22d09h20m-22d09h46m:15,10,30,10,30,18
22d12h51m-22d15h57m:05,20,05,35
22d13h32m-22d17h00m:15,40,27,40
22d15h59m-22d18h08m:15,25,15,30,20,30,20,35,30,35,30,40
22d17h37m-22d20h59m:50,10,55,10,55,25
22d18h14m-22d18h35m:08,03,08,23,20,23
22d20h39m-22d21h00m:08,03,08,23,20,23
23d00h15m-23d03h58m:50,10,55,10,55,25
23d02h59m-23d05h44m:15,40,27,40
23d03h14m-23d06h17m:05,20,05,35
23d04h09m-23d06h02m:67,37,67,22
23d09h41m-23d13h23m:15,03,22,03,22,08,37,08,37,12
23d12h34m-23d16h17m:67,37,67,22
23d16h50m-23d18h44m:57,30,57,45
23d18h06m-23d21h34m:25,45,45,45,45,40
23d23h33m-24d01h18m:50,10,55,10,55,25
23d23h54m-24d00h19m:50,10,55,10,55,25
24d00h42m-24d03h16m:15,25,15,30,20,30,20,35,30,35,30,40
24d02h29m-24d05h30m:10,20,40,20,40,35
24d10h04m-24d12h21m:17,15,25,15
24d12h47m-24d14h40m:15,10,30,10,30,18
24d14h23m-24d16h07m:17,15,25,15
24d15h06m-24d18h52m:25,45,45,45,45,40
24d19h31m-24d21h53m:05,20,05,35
24d19h49m-24d22h54m:67,37,67,22
24d19h59m-24d20h17m:57,30,57,45
24d22h28m-25d00h14m:15,25,15,30,20,30,20,35,30,35,30,40
24d23h06m-25d00h49m:17,15,25,15
25d00h27m-25d01h28m:15,10,30,10,30,18
25d01h01m-25d02h08m:17,15,25,15
25d01h47m-25d02h12m:67,37,67,22
25d02h33m-25d03h50m:15,25,15,30,20,30,20,35,30,35,30,40
25d02h49m-25d06h21m:60,10,60,25
25d02h57m-25d03h14m:15,40,27,40
25d06h40m-25d10h00m:25,25,30,25,30,30,35,30
25d08h13m-25d10h23m:15,40,27,40
25d08h43m-25d09h40m:08,03,08,23,20,23
25d09h31m-25d09h59m:17,15,25,15
25d09h53m-25d13h00m:57,30,57,45
25d12h03m-25d13h42m:10,20,40,20,40,35
25d12h40m-25d14h23m:15,40,27,40
25d12h43m-25d16h09m:15,25,15,30,20,30,20,35,30,35,30,40
25d13h06m-25d14h14m:57,30,57,45
25d13h11m-25d17h07m:25,45,45,45,45,40
25d13h23m-25d14h43m:57,30,57,45
25d17h03m-25d20h25m:57,30,57,45
25d18h16m-25d19h35m:17,15,25,15
25d18h49m-25d19h50m:15,40,27,40
25d19h17m-25d20h14m:15,40,27,40
25d21h36m-25d22h54m:25,25,30,25,30,30,35,30
25d21h49m-25d22h15m:60,10,60,25
26d00h49m-26d02h13m:25,45,45,45,45,40
26d02h24m-26d04h00m:67,37,67,22
26d03h11m-26d05h24m:25,25,30,25,30,30,35,30
26d06h24m-26d07h54m:57,30,57,45
26d07h14m-26d08h50m:15,25,15,30,20,30,20,35,30,35,30,40
26d07h24m-26d09h02m:15,25,15,30,20,30,20,35,30,35,30,40
26d07h28m-26d08h11m:15,25,15,30,20,30,20,35,30,35,30,40
26d09h05m-26d09h29m:05,20,05,35
26d09h40m-26d12h48m:25,25,30,25,30,30,35,30
26d10h13m-26d11h09m:25,25,30,25,30,30,35,30
26d12h25m-26d15h48m:10,20,40,20,40,35
26d13h27m-26d15h22m:15,25,15,30,20,30,20,35,30,35,30,40
26d14h08m-26d17h52m:67,37,67,22
26d17h09m-26d19h49m:17,15,25,15
26d19h39m-26d23h06m:57,30,57,45
26d21h25m-27d00h17m:42,08,42,15,47,15,47,27,55,27
26d22h27m-27d01h50m:15,25,15,30,20,30,20,35,30,35,30,40
26d22h52m-26d23h56m:67,37,67,22
27d03h25m-27d06h47m:15,10,30,10,30,18
27d03h32m-27d04h01m:25,45,45,45,45,40
27d04h04m-27d05h02m:17,15,25,15
27d05h20m-27d07h05m:15,25,15,30,20,30,20,35,30,35,30,40
27d06h19m-27d09h15m:25,45,45,45,45,40
27d08h04m-27d08h56m:08,03,08,23,20,23
27d08h26m-27d09h36m:15,40,27,40
27d14h12m-27d16h07m:25,25,30,25,30,30,35,30
27d14h34m-27d16h32m:15,40,27,40
27d14h51m-27d15h11m:10,20,40,20,40,35
27d18h38m-27d21h45m:08,03,08,23,20,23
27d18h57m-27d20h57m:60,10,60,25
27d19h21m-27d20h10m:57,30,57,45
28d00h41m-28d04h07m:15,40,27,40
28d02h16m-28d04h30m:15,03,22,03,22,08,37,08,37,12
28d02h26m-28d06h14m:15,10,30,10,30,18
28d04h14m-28d06h18m:15,40,27,40
28d04h52m-28d08h47m:25,25,30,25,30,30,35,30
28d05h59m-28d08h50m:50,10,55,10,55,25
28d06h50m-28d10h13m:25,45,45,45,45,40
28d08h03m-28d09h42m:57,30,57,45
28d09h06m-28d11h07m:05,20,05,35
28d10h06m-28d11h22m:67,37,67,22
28d10h35m-28d11h41m:60,10,60,25
28d12h17m-28d14h57m:60,10,60,25
28d13h27m-28d14h53m:60,10,60,25
28d13h54m-28d16h35m:15,10,30,10,30,18
28d15h22m-28d16h59m:25,25,30,25,30,30,35,30
28d15h51m-28d17h45m:17,15,25,15
28d16h21m-28d17h11m:60,10,60,25
28d16h29m-28d17h08m:15,25,15,30,20,30,20,35,30,35,30,40
28d17h38m-28d20h37m:15,40,27,40
28d18h19m-28d19h39m:57,30,57,45
28d19h06m-28d19h25m:25,25,30,25,30,30,35,30
28d20h36m-28d21h42m:17,15,25,15
28d20h49m-28d23h27m:15,10,30,10,30,18
28d22h03m-28d22h22m:50,10,55,10,55,25
28d23h42m-29d02h04m:15,10,30,10,30,18
29d00h26m-29d04h23m:05,20,05,35
29d00h30m-29d02h26m:15,40,27,40
29d00h30m-29d04h20m:67,37,67,22
29d00h48m-29d01h37m:25,25,30,25,30,30,35,30
29d01h08m-29d04h55m:08,03,08,23,20,23
29d03h58m-29d07h21m:15,25,15,30,20,30,20,35,30,35,30,40
29d04h25m-29d05h30m:15,25,15,30,20,30,20,35,30,35,30,40
29d09h38m-29d11h47m:08,03,08,23,20,23
29d10h14m-29d12h26m:15,40,27,40
29d10h30m-29d13h02m:08,03,08,23,20,23
29d10h35m-29d12h59m:25,45,45,45,45,40
29d13h01m-29d15h39m:15,25,15,30,20,30,20,35,30,35,30,40
29d13h18m-29d14h04m:10,20,40,20,40,35
29d13h22m-29d14h24m:15,40,27,40
29d14h49m-29d15h09m:60,10,60,25
29d15h40m-29d17h55m:15,25,15,30,20,30,20,35,30,35,30,40
29d16h09m-29d16h54m:17,15,25,15
29d17h48m-29d19h19m:57,30,57,45
29d18h07m-29d18h45m:50,10,55,10,55,25
29d18h11m-29d22h06m:67,37,67,22
29d18h37m-29d19h13m:15,25,15,30,20,30,20,35,30,35,30,40
29d18h52m-29d22h35m:10,20,40,20,40,35
29d20h28m-29d23h26m:42,08,42,15,47,15,47,27,55,27
29d20h53m-29d23h00m:67,37,67,22
29d21h32m-29d23h33m:60,10,60,25
29d22h11m-29d23h35m:17,15,25,15
29d22h23m-29d23h37m:15,03,22,03,22,08,37,08,37,12
29d22h34m-29d23h03m:42,08,42,15,47,15,47,27,55,27
29d23h26m-30d01h22m:67,37,67,22
29d23h32m-30d03h06m:60,10,60,25
30d05h21m-30d06h18m:42,08,42,15,47,15,47,27,55,27
30d07h54m-30d11h52m:15,03,22,03,22,08,37,08,37,12
30d12h19m-30d13h48m:60,10,60,25
30d13h13m-30d15h00m:17,15,25,15
30d16h07m-30d18h06m:15,25,15,30,20,30,20,35,30,35,30,40
30d17h17m-30d19h39m:08,03,08,23,20,23
30d20h33m-30d21h47m:60,10,60,25
30d20h37m-30d22h10m:15,40,27,40
30d23h01m-31d02h00m:15,40,27,40
30d23h02m-31d01h01m:67,37,67,22
31d00h30m-31d04h02m:67,37,67,22
31d00h47m-31d01h36m:15,10,30,10,30,18
31d01h36m-31d04h24m:15,10,30,10,30,18
31d01h50m-31d05h36m:50,10,55,10,55,25
31d01h54m-31d02h38m:15,25,15,30,20,30,20,35,30,35,30,40
31d02h31m-31d05h04m:17,15,25,15
31d03h52m-31d05h06m:60,10,60,25
31d04h43m-31d07h19m:10,20,40,20,40,35
31d05h00m-31d08h33m:50,10,55,10,55,25
31d06h10m-31d07h45m:25,45,45,45,45,40
31d06h50m-31d09h27m:10,20,40,20,40,35
31d06h52m-31d07h16m:15,25,15,30,20,30,20,35,30,35,30,40
31d10h45m-31d12h06m:42,08,42,15,47,15,47,27,55,27
31d10h57m-31d12h03m:15,25,15,30,20,30,20,35,30,35,30,40
31d11h28m-31d11h45m:42,08,42,15,47,15,47,27,55,27
31d11h39m-31d12h29m:57,30,57,45
31d12h01m-31d15h11m:15,03,22,03,22,08,37,08,37,12
31d12h58m-31d14h59m:15,40,27,40
31d13h14m-31d13h34m:15,40,27,40
31d15h23m-31d16h34m:10,20,40,20,40,35
31d16h28m-31d18h40m:15,40,27,40
31d16h42m-31d20h05m:25,25,30,25,30,30,35,30
31d18h02m-31d21h06m:08,03,08,23,20,23
31d19h49m-31d21h39m:15,03,22,03,22,08,37,08,37,12
31d20h06m-31d20h26m:15,10,30,10,30,18
31d20h21m-31d23h35m:42,08,42,15,47,15,47,27,55,27
31d20h34m-31d20h50m:60,10,60,25
31d21h24m-31d23h00m:15,03,22,03,22,08,37,08,37,12
31d22h20m-31d23h59m:42,08,42,15,47,15,47,27,55,27
31d23h17m-31d23h59m:60,10,60,25
