01d01h01m-01d03h26m:57,30,57,45
01d02h25m-01d02h46m:15,25,15,30,20,30,20,35,30,35,30,40
01d02h40m-01d04h19m:15,25,15,30,20,30,20,35,30,35,30,40
01d02h55m-01d06h08m:67,37,67,22
01d03h22m-01d06h20m:10,20,40,20,40,35
01d05h37m-01d07h06m:15,25,15,30,20,30,20,35,30,35,30,40
01d06h44m-01d09h40m:08,03,08,23,20,23
01d07h47m-01d09h35m:50,10,55,10,55,25
01d08h54m-01d11h03m:50,10,55,10,55,25
01d09h47m-01d10h52m:15,40,27,40
01d09h47m-01d11h41m:25,25,30,25,30,30,35,30
01d10h49m-01d13h37m:10,20,40,20,40,35
01d11h44m-01d15h11m:60,10,60,25
01d12h32m-01d13h00m:50,10,55,10,55,25
01d14h12m-01d17h16m:67,37,67,22
01d15h54m-01d18h40m:67,37,67,22
01d15h54m-01d19h30m:67,37,67,22
01d17h50m-01d19h05m:67,37,67,22
01d18h46m-01d20h22m:15,40,27,40
01d19h29m-01d21h34m:15,03,22,03,22,08,37,08,37,12
01d19h42m-01d20h18m:25,45,45,45,45,40
01d19h54m-01d22h21m:15,40,27,40
01d20h16m-01d21h18m:50,10,55,10,55,25
01d20h54m-01d21h48m:67,37,67,22
01d21h48m-01d22h25m:50,10,55,10,55,25
01d22h22m-02d00h13m:05,20,05,35
01d22h36m-02d02h36m:15,03,22,03,22,08,37,08,37,12
01d23h04m-02d02h27m:25,25,30,25,30,30,35,30
02d02h11m-02d05h00m:60,10,60,25
02d03h20m-02d04h41m:05,20,05,35
02d03h31m-02d07h00m:50,10,55,10,55,25
02d03h34m-02d04h33m:08,03,08,23,20,23
02d05h44m-02d09h32m:17,15,25,15
02d06h21m-02d09h56m:15,10,30,10,30,18
02d06h28m-02d07h43m:15,40,27,40
02d07h03m-02d10h22m:25,25,30,25,30,30,35,30
02d07h09m-02d08h59m:15,10,30,10,30,18
02d07h27m-02d08h13m:57,30,57,45
02d09h13m-02d10h53m:15,40,27,40
02d12h40m-02d15h51m:60,10,60,25
02d13h47m-02d15h31m:15,40,27,40
02d13h51m-02d16h37m:15,40,27,40
02d14h57m-02d15h17m:05,20,05,35
02d15h00m-02d15h52m:60,10,60,25
02d16h11m-02d19h43m:67,37,67,22
02d16h52m-02d19h23m:08,03,08,23,20,23
02d17h19m-02d19h24m:17,15,25,15
02d18h10m-02d22h04m:50,10,55,10,55,25
02d20h39m-02d21h47m:60,10,60,25
02d22h07m-03d00h07m:57,30,57,45
02d22h08m-03d00h07m:25,45,45,45,45,40
02d22h50m-03d00h23m:25,45,45,45,45,40
02d23h15m-02d23h36m:42,08,42,15,47,15,47,27,55,27
02d23h41m-03d00h31m:15,10,30,10,30,18
03d02h21m-03d04h02m:17,15,25,15
03d03h34m-03d04h16m:15,40,27,40
03d05h19m-03d08h55m:25,45,45,45,45,40
03d06h45m-03d09h04m:67,37,67,22
03d07h51m-03d09h18m:50,10,55,10,55,25
03d08h25m-03d11h40m:57,30,57,45
03d08h46m-03d10h07m:17,15,25,15
03d08h47m-03d11h55m:25,45,45,45,45,40
03d09h08m-03d11h25m:25,45,45,45,45,40
03d12h49m-03d15h54m:25,25,30,25,30,30,35,30
03d14h44m-03d16h01m:57,30,57,45
03d14h47m-03d16h44m:15,10,30,10,30,18
03d17h08m-03d18h27m:05,20,05,35
03d18h31m-03d22h05m:15,25,15,30,20,30,20,35,30,35,30,40
03d19h02m-03d21h19m:60,10,60,25
03d19h54m-03d23h11m:15,10,30,10,30,18
03d21h27m-03d22h33m:10,20,40,20,40,35
03d23h06m-03d23h54m:05,20,05,35
04d02h04m-04d02h41m:50,10,55,10,55,25
04d03h16m-04d05h22m:57,30,57,45
04d03h18m-04d05h51m:15,10,30,10,30,18
04d03h19m-04d05h45m:08,03,08,23,20,23
04d04h26m-04d08h02m:17,15,25,15
04d05h55m-04d06h34m:25,25,30,25,30,30,35,30
04d07h27m-04d08h59m:57,30,57,45
04d09h03m-04d12h47m:42,08,42,15,47,15,47,27,55,27
04d10h18m-04d11h40m:17,15,25,15
04d10h49m-04d14h02m:25,25,30,25,30,30,35,30
04d11h15m-04d14h56m:57,30,57,45
04d11h36m-04d13h19m:50,10,55,10,55,25
04d12h35m-04d13h51m:10,20,40,20,40,35
04d13h31m-04d15h03m:15,03,22,03,22,08,37,08,37,12
04d15h05m-04d16h14m:57,30,57,45
04d16h31m-04d17h16m:15,40,27,40
04d16h37m-04d16h55m:42,08,42,15,47,15,47,27,55,27
04d17h21m-04d20h32m:15,03,22,03,22,08,37,08,37,12
04d18h12m-04d21h42m:15,25,15,30,20,30,20,35,30,35,30,40
04d18h15m-04d18h56m:57,30,57,45
04d18h23m-04d19h38m:50,10,55,10,55,25
04d20h28m-04d21h21m:60,10,60,25
04d21h13m-04d22h05m:25,25,30,25,30,30,35,30
04d23h30m-05d00h33m:25,25,30,25,30,30,35,30
04d23h41m-05d02h42m:05,20,05,35
05d00h48m-05d01h14m:15,10,30,10,30,18
05d00h58m-05d01h40m:67,37,67,22
05d04h00m-05d07h43m:15,40,27,40
05d04h46m-05d08h12m:08,03,08,23,20,23
05d05h14m-05d07h05m:15,03,22,03,22,08,37,08,37,12
05d07h02m-05d07h30m:42,08,42,15,47,15,47,27,55,27
05d07h05m-05d08h06m:25,45,45,45,45,40
05d08h10m-05d10h58m:05,20,05,35
05d08h49m-05d11h00m:42,08,42,15,47,15,47,27,55,27
05d09h32m-05d12h25m:05,20,05,35
05d09h43m-05d11h37m:25,45,45,45,45,40
05d12h07m-05d14h01m:25,25,30,25,30,30,35,30
05d12h07m-05d15h12m:15,25,15,30,20,30,20,35,30,35,30,40
05d12h20m-05d16h02m:60,10,60,25
05d14h22m-05d17h14m:57,30,57,45
05d14h41m-05d18h37m:15,25,15,30,20,30,20,35,30,35,30,40
05d16h21m-05d17h32m:25,45,45,45,45,40
05d17h05m-05d19h13m:25,45,45,45,45,40
05d17h22m-05d18h12m:25,45,45,45,45,40
05d19h59m-05d21h18m:15,03,22,03,22,08,37,08,37,12
05d21h19m-05d22h27m:57,30,57,45
05d21h38m-05d22h08m:57,30,57,45
05d21h44m-06d01h26m:15,40,27,40
05d23h48m-06d00h07m:57,30,57,45
06d00h38m-06d01h38m:42,08,42,15,47,15,47,27,55,27
06d01h40m-06d03h34m:42,08,42,15,47,15,47,27,55,27
06d02h46m-06d04h18m:08,03,08,23,20,23
06d04h39m-06d06h34m:10,20,40,20,40,35
06d05h23m-06d07h37m:10,20,40,20,40,35
06d06h16m-06d09h03m:15,25,15,30,20,30,20,35,30,35,30,40
06d06h54m-06d10h50m:25,25,30,25,30,30,35,30
06d08h30m-06d09h08m:15,40,27,40
06d08h55m-06d12h49m:10,20,40,20,40,35
06d09h30m-06d11h12m:10,20,40,20,40,35
06d09h34m-06d09h59m:67,37,67,22
06d10h32m-06d12h12m:50,10,55,10,55,25
06d16h00m-06d16h24m:57,30,57,45
06d16h22m-06d19h40m:17,15,25,15
06d17h41m-06d18h22m:67,37,67,22
06d18h16m-06d19h20m:67,37,67,22
06d19h07m-06d22h33m:57,30,57,45
06d20h37m-06d20h55m:42,08,42,15,47,15,47,27,55,27
06d21h32m-06d21h55m:15,10,30,10,30,18
06d23h46m-07d02h48m:42,08,42,15,47,15,47,27,55,27
07d00h19m-07d03h52m:25,45,45,45,45,40
07d00h53m-07d04h20m:08,03,08,23,20,23
07d01h33m-07d03h04m:15,25,15,30,20,30,20,35,30,35,30,40
07d01h40m-07d03h48m:42,08,42,15,47,15,47,27,55,27
07d02h34m-07d04h35m:42,08,42,15,47,15,47,27,55,27
07d03h37m-07d04h25m:25,45,45,45,45,40
07d05h16m-07d07h14m:60,10,60,25
07d05h30m-07d09h09m:57,30,57,45
07d07h20m-07d08h53m:25,25,30,25,30,30,35,30
07d10h50m-07d14h42m:25,45,45,45,45,40
07d12h19m-07d14h51m:25,25,30,25,30,30,35,30
07d13h09m-07d15h38m:67,37,67,22
07d13h51m-07d17h15m:05,20,05,35
07d14h21m-07d18h01m:15,03,22,03,22,08,37,08,37,12
07d14h24m-07d15h28m:05,20,05,35
07d15h51m-07d16h42m:60,10,60,25
07d17h08m-07d19h51m:15,25,15,30,20,30,20,35,30,35,30,40
07d18h17m-07d19h09m:50,10,55,10,55,25
07d19h21m-07d20h25m:67,37,67,22
07d20h00m-07d23h52m:42,08,42,15,47,15,47,27,55,27
07d21h31m-08d00h48m:67,37,67,22
07d21h35m-08d01h22m:60,10,60,25
07d23h01m-08d02h02m:15,10,30,10,30,18
07d23h05m-07d23h29m:42,08,42,15,47,15,47,27,55,27
07d23h39m-08d00h59m:05,20,05,35
07d23h49m-08d00h07m:15,03,22,03,22,08,37,08,37,12
08d01h44m-08d02h28m:15,10,30,10,30,18
08d02h07m-08d02h50m:67,37,67,22
08d02h10m-08d03h13m:15,40,27,40
08d02h17m-08d04h53m:25,45,45,45,45,40
08d03h26m-08d03h50m:67,37,67,22
08d04h51m-08d08h24m:67,37,67,22
08d05h53m-08d08h18m:15,40,27,40
08d06h53m-08d10h28m:50,10,55,10,55,25
08d06h56m-08d10h46m:60,10,60,25
08d07h58m-08d09h49m:25,25,30,25,30,30,35,30
08d08h15m-08d10h26m:60,10,60,25
08d10h11m-08d10h33m:57,30,57,45
08d12h20m-08d13h20m:60,10,60,25
08d12h59m-08d15h49m:25,25,30,25,30,30,35,30
08d13h56m-08d15h38m:17,15,25,15
08d14h54m-08d17h38m:25,45,45,45,45,40
08d15h25m-08d18h15m:60,10,60,25
08d15h41m-08d16h28m:57,30,57,45
08d16h49m-08d17h41m:15,25,15,30,20,30,20,35,30,35,30,40
08d17h14m-08d19h46m:15,10,30,10,30,18
08d17h16m-08d19h51m:05,20,05,35
08d19h35m-08d21h43m:67,37,67,22
08d21h50m-09d01h01m:60,10,60,25
08d21h50m-09d01h07m:05,20,05,35
08d23h02m-09d00h16m:57,30,57,45
08d23h08m-09d00h43m:05,20,05,35
09d00h36m-09d02h12m:42,08,42,15,47,15,47,27,55,27
09d01h19m-09d04h11m:60,10,60,25
09d01h19m-09d04h21m:42,08,42,15,47,15,47,27,55,27
09d01h45m-09d03h55m:08,03,08,23,20,23
09d02h14m-09d04h35m:08,03,08,23,20,23
09d03h23m-09d05h55m:08,03,08,23,20,23
09d05h30m-09d07h27m:15,40,27,40
09d06h10m-09d07h46m:67,37,67,22
09d06h14m-09d07h36m:05,20,05,35
09d08h14m-09d09h12m:15,10,30,10,30,18
09d08h30m-09d08h59m:08,03,08,23,20,23
09d09h53m-09d10h54m:42,08,42,15,47,15,47,27,55,27
09d10h20m-09d12h53m:15,10,30,10,30,18
09d10h47m-09d12h33m:25,25,30,25,30,30,35,30
09d11h25m-09d13h59m:10,20,40,20,40,35
09d11h45m-09d13h15m:25,25,30,25,30,30,35,30
09d13h22m-09d15h13m:08,03,08,23,20,23
09d16h17m-09d18h20m:25,25,30,25,30,30,35,30
09d16h53m-09d18h19m:10,20,40,20,40,35
09d17h32m-09d20h34m:15,10,30,10,30,18
09d18h53m-09d21h19m:67,37,67,22
09d19h32m-09d20h55m:60,10,60,25
09d21h13m-10d00h28m:10,20,40,20,40,35
09d21h45m-09d22h43m:25,45,45,45,45,40
09d22h30m-09d23h28m:05,20,05,35
09d22h30m-10d00h18m:60,10,60,25
09d22h36m-10d01h07m:57,30,57,45
09d23h31m-10d00h47m:50,10,55,10,55,25
10d00h29m-10d01h06m:17,15,25,15
10d00h30m-10d02h35m:25,25,30,25,30,30,35,30
10d01h44m-10d03h08m:67,37,67,22
10d02h23m-10d03h02m:15,03,22,03,22,08,37,08,37,12
10d04h27m-10d06h27m:42,08,42,15,47,15,47,27,55,27
10d05h43m-10d07h17m:08,03,08,23,20,23
10d06h06m-10d08h50m:15,40,27,40
10d07h32m-10d10h52m:50,10,55,10,55,25
10d07h52m-10d08h36m:25,25,30,25,30,30,35,30
10d09h23m-10d11h57m:50,10,55,10,55,25
10d10h19m-10d10h45m:17,15,25,15
10d10h39m-10d13h05m:57,30,57,45
10d11h33m-10d13h49m:57,30,57,45
10d13h12m-10d16h58m:60,10,60,25
10d13h48m-10d17h24m:15,03,22,03,22,08,37,08,37,12
10d14h04m-10d15h56m:15,25,15,30,20,30,20,35,30,35,30,40
10d14h15m-10d16h51m:10,20,40,20,40,35
10d16h21m-10d18h47m:15,25,15,30,20,30,20,35,30,35,30,40
10d16h38m-10d19h04m:10,20,40,20,40,35
10d17h33m-10d19h31m:15,10,30,10,30,18
10d17h50m-10d19h39m:17,15,25,15
10d20h25m-10d22h43m:57,30,57,45
10d20h40m-10d21h38m:25,25,30,25,30,30,35,30
11d00h10m-11d03h44m:15,10,30,10,30,18
11d00h43m-11d02h31m:10,20,40,20,40,35
11d01h06m-11d05h01m:25,45,45,45,45,40
11d01h11m-11d02h19m:25,25,30,25,30,30,35,30
11d01h24m-11d04h48m:25,45,45,45,45,40
11d02h19m-11d04h56m:60,10,60,25
11d04h32m-11d05h22m:67,37,67,22
11d04h38m-11d07h03m:15,10,30,10,30,18
11d04h51m-11d08h35m:15,03,22,03,22,08,37,08,37,12
11d06h08m-11d07h01m:25,25,30,25,30,30,35,30
11d08h29m-11d10h15m:60,10,60,25
11d09h07m-11d12h33m:25,45,45,45,45,40
11d09h40m-11d10h53m:50,10,55,10,55,25
11d11h34m-11d13h18m:25,25,30,25,30,30,35,30
11d12h27m-11d13h56m:25,45,45,45,45,40
11d15h17m-11d15h38m:15,10,30,10,30,18
11d16h05m-11d17h18m:25,45,45,45,45,40
11d17h02m-11d20h26m:10,20,40,20,40,35
11d17h16m-11d19h04m:15,40,27,40
11d18h15m-11d21h42m:15,25,15,30,20,30,20,35,30,35,30,40
11d20h34m-11d22h25m:15,25,15,30,20,30,20,35,30,35,30,40
11d22h12m-12d01h48m:60,10,60,25
11d23h45m-12d00h29m:15,40,27,40
11d23h48m-12d03h11m:17,15,25,15
11d23h54m-12d01h08m:15,25,15,30,20,30,20,35,30,35,30,40
12d01h12m-12d03h28m:15,10,30,10,30,18
12d03h58m-12d04h34m:15,10,30,10,30,18
12d03h58m-12d06h26m:10,20,40,20,40,35
12d04h09m-12d05h23m:10,20,40,20,40,35
12d04h17m-12d06h07m:05,20,05,35
12d04h20m-12d05h24m:57,30,57,45
12d05h16m-12d08h08m:17,15,25,15
12d06h13m-12d07h56m:08,03,08,23,20,23
12d08h22m-12d11h00m:15,25,15,30,20,30,20,35,30,35,30,40
12d10h20m-12d12h13m:15,25,15,30,20,30,20,35,30,35,30,40
12d10h33m-12d13h57m:25,45,45,45,45,40
12d10h40m-12d12h43m:17,15,25,15
12d11h07m-12d11h50m:25,25,30,25,30,30,35,30
12d12h04m-12d13h44m:17,15,25,15
12d12h12m-12d13h04m:25,25,30,25,30,30,35,30
12d12h48m-12d13h04m:42,08,42,15,47,15,47,27,55,27
12d13h10m-12d15h49m:17,15,25,15
12d14h20m-12d16h32m:67,37,67,22
12d15h05m-12d15h32m:60,10,60,25
12d16h37m-12d20h18m:67,37,67,22
12d17h57m-12d20h44m:17,15,25,15
12d18h01m-12d20h23m:15,40,27,40
12d21h49m-12d22h07m:15,25,15,30,20,30,20,35,30,35,30,40
12d22h47m-12d23h21m:17,15,25,15
12d23h48m-13d01h04m:10,20,40,20,40,35
13d00h01m-13d01h08m:15,10,30,10,30,18
13d00h15m-13d02h26m:15,40,27,40
13d01h01m-13d03h41m:60,10,60,25
13d01h17m-13d01h53m:15,10,30,10,30,18
13d02h42m-13d05h51m:67,37,67,22
13d02h58m-13d05h37m:25,45,45,45,45,40
13d03h15m-13d05h33m:15,03,22,03,22,08,37,08,37,12
13d03h25m-13d06h12m:25,25,30,25,30,30,35,30
13d03h51m-13d05h26m:15,03,22,03,22,08,37,08,37,12
13d07h32m-13d10h58m:42,08,42,15,47,15,47,27,55,27
13d08h33m-13d10h09m:15,03,22,03,22,08,37,08,37,12
13d09h09m-13d10h40m:25,25,30,25,30,30,35,30
13d10h10m-13d10h33m:25,25,30,25,30,30,35,30
13d10h34m-13d12h17m:10,20,40,20,40,35
13d10h40m-13d11h44m:15,10,30,10,30,18
13d10h45m-13d11h26m:67,37,67,22
13d11h46m-13d15h08m:25,45,45,45,45,40
13d13h05m-13d16h44m:10,20,40,20,40,35
13d14h08m-13d16h32m:15,25,15,30,20,30,20,35,30,35,30,40
13d14h38m-13d17h20m:60,10,60,25
13d14h54m-13d17h45m:15,10,30,10,30,18
13d16h26m-13d18h45m:60,10,60,25
13d17h45m-13d20h30m:67,37,67,22
13d17h48m-13d19h02m:15,10,30,10,30,18
13d18h22m-13d19h35m:17,15,25,15
13d19h38m-13d20h10m:50,10,55,10,55,25
13d20h39m-13d22h50m:25,45,45,45,45,40
13d21h43m-13d23h04m:15,25,15,30,20,30,20,35,30,35,30,40
13d22h58m-14d00h07m:10,20,40,20,40,35
13d23h19m-14d01h41m:50,10,55,10,55,25
14d07h39m-14d08h12m:57,30,57,45
14d08h48m-14d12h45m:15,10,30,10,30,18
14d09h11m-14d10h17m:25,25,30,25,30,30,35,30
14d12h29m-14d15h51m:05,20,05,35
14d13h24m-14d17h16m:15,40,27,40
14d13h31m-14d17h10m:05,20,05,35
14d14h45m-14d18h28m:25,45,45,45,45,40
14d16h10m-14d16h27m:15,25,15,30,20,30,20,35,30,35,30,40
14d16h12m-14d18h11m:42,08,42,15,47,15,47,27,55,27
14d20h32m-14d22h31m:25,45,45,45,45,40
14d20h52m-15d00h45m:08,03,08,23,20,23
14d22h10m-15d01h18m:05,20,05,35
14d22h20m-15d00h32m:17,15,25,15
14d22h38m-15d01h59m:42,08,42,15,47,15,47,27,55,27
14d22h41m-14d23h27m:10,20,40,20,40,35
14d23h24m-15d00h05m:15,25,15,30,20,30,20,35,30,35,30,40
14d23h57m-15d01h17m:08,03,08,23,20,23
15d01h18m-15d03h33m:05,20,05,35
15d02h33m-15d04h07m:42,08,42,15,47,15,47,27,55,27
15d04h40m-15d08h40m:15,03,22,03,22,08,37,08,37,12
15d04h56m-15d07h28m:25,25,30,25,30,30,35,30
15d05h18m-15d09h11m:10,20,40,20,40,35
15d05h50m-15d08h41m:10,20,40,20,40,35
15d06h51m-15d09h18m:10,20,40,20,40,35
15d09h24m-15d12h57m:15,03,22,03,22,08,37,08,37,12
15d10h30m-15d12h22m:08,03,08,23,20,23
15d12h25m-15d14h28m:15,40,27,40
15d13h22m-15d15h48m:05,20,05,35
15d13h50m-15d16h17m:17,15,25,15
15d13h53m-15d14h08m:10,20,40,20,40,35
15d17h39m-15d18h11m:60,10,60,25
15d18h31m-15d21h22m:05,20,05,35
15d19h26m-15d23h07m:25,25,30,25,30,30,35,30
16d03h10m-16d05h02m:15,40,27,40
16d03h51m-16d05h27m:50,10,55,10,55,25
16d04h06m-16d07h24m:60,10,60,25
16d04h35m-16d06h56m:42,08,42,15,47,15,47,27,55,27
16d09h58m-16d11h14m:57,30,57,45
16d10h24m-16d13h51m:25,25,30,25,30,30,35,30
16d10h51m-16d13h05m:67,37,67,22
16d11h14m-16d13h51m:15,40,27,40
16d11h32m-16d12h19m:67,37,67,22
16d11h35m-16d14h09m:60,10,60,25
16d12h43m-16d13h07m:15,40,27,40
16d13h21m-16d15h37m:17,15,25,15
16d13h26m-16d13h56m:60,10,60,25
16d14h15m-16d15h52m:15,40,27,40
16d16h15m-16d19h49m:25,45,45,45,45,40
16d16h27m-16d17h44m:17,15,25,15
16d16h42m-16d20h39m:67,37,67,22
16d18h30m-16d20h49m:42,08,42,15,47,15,47,27,55,27
16d19h31m-16d20h18m:57,30,57,45
16d20h45m-16d22h41m:25,45,45,45,45,40
16d20h55m-16d21h31m:15,03,22,03,22,08,37,08,37,12
16d21h30m-16d22h44m:60,10,60,25
16d22h05m-17d01h41m:25,25,30,25,30,30,35,30
16d22h18m-17d00h27m:15,25,15,30,20,30,20,35,30,35,30,40
16d22h27m-17d01h18m:15,25,15,30,20,30,20,35,30,35,30,40
17d01h22m-17d05h03m:57,30,57,45
17d05h20m-17d08h25m:17,15,25,15
17d07h11m-17d08h58m:08,03,08,23,20,23
17d09h03m-17d09h27m:67,37,67,22
17d10h23m-17d11h33m:17,15,25,15
17d13h07m-17d14h29m:10,20,40,20,40,35
17d13h22m-17d14h17m:50,10,55,10,55,25
17d14h18m-17d14h53m:15,40,27,40
17d18h36m-17d20h59m:17,15,25,15
17d19h27m-17d22h00m:67,37,67,22
17d20h19m-17d21h01m:25,45,45,45,45,40
17d21h06m-17d23h38m:67,37,67,22
17d22h13m-18d02h10m:10,20,40,20,40,35
17d23h36m-18d00h41m:15,40,27,40
18d00h02m-18d00h59m:15,40,27,40
18d00h18m-18d03h22m:05,20,05,35
18d01h41m-18d04h13m:17,15,25,15
18d02h27m-18d04h38m:05,20,05,35
18d05h07m-18d07h35m:42,08,42,15,47,15,47,27,55,27
18d05h48m-18d08h04m:08,03,08,23,20,23
18d07h01m-18d09h36m:25,45,45,45,45,40
18d09h16m-18d12h37m:08,03,08,23,20,23
18d10h07m-18d11h21m:05,20,05,35
18d10h26m-18d10h52m:17,15,25,15
18d10h31m-18d11h50m:05,20,05,35
18d10h56m-18d14h40m:57,30,57,45
18d11h08m-18d12h16m:42,08,42,15,47,15,47,27,55,27
18d11h11m-18d12h28m:15,25,15,30,20,30,20,35,30,35,30,40
18d12h47m-18d15h07m:05,20,05,35
18d13h10m-18d17h04m:57,30,57,45
18d13h44m-18d14h04m:25,45,45,45,45,40
18d14h26m-18d15h29m:15,40,27,40
18d14h42m-18d17h21m:25,45,45,45,45,40
18d15h22m-18d18h37m:25,45,45,45,45,40
18d16h32m-18d19h18m:42,08,42,15,47,15,47,27,55,27
18d17h57m-18d20h22m:60,10,60,25
18d18h11m-18d21h16m:42,08,42,15,47,15,47,27,55,27
18d20h05m-18d21h27m:25,25,30,25,30,30,35,30
18d20h07m-18d22h48m:08,03,08,23,20,23
18d20h33m-18d22h28m:15,40,27,40
18d23h26m-19d00h32m:05,20,05,35
18d23h36m-19d01h57m:57,30,57,45
19d01h04m-19d01h46m:17,15,25,15
19d02h41m-19d03h27m:60,10,60,25
19d05h56m-19d07h03m:60,10,60,25
19d06h07m-19d06h37m:42,08,42,15,47,15,47,27,55,27
19d07h59m-19d10h08m:60,10,60,25
19d10h51m-19d11h53m:57,30,57,45
19d11h59m-19d14h05m:67,37,67,22
19d13h38m-19d14h55m:05,20,05,35
19d14h29m-19d17h53m:15,03,22,03,22,08,37,08,37,12
19d16h08m-19d16h29m:67,37,67,22
19d18h24m-19d19h16m:15,10,30,10,30,18
19d19h17m-19d20h14m:25,25,30,25,30,30,35,30
19d20h59m-20d00h46m:15,03,22,03,22,08,37,08,37,12
19d22h43m-20d00h23m:15,03,22,03,22,08,37,08,37,12
19d22h58m-20d02h15m:17,15,25,15
20d00h44m-20d04h41m:15,25,15,30,20,30,20,35,30,35,30,40
20d00h46m-20d03h55m:15,10,30,10,30,18
20d02h57m-20d05h23m:15,03,22,03,22,08,37,08,37,12
20d04h59m-20d08h49m:50,10,55,10,55,25
20d05h36m-20d06h16m:15,03,22,03,22,08,37,08,37,12
20d06h42m-20d08h41m:17,15,25,15
20d09h11m-20d09h41m:60,10,60,25
20d10h11m-20d13h42m:15,40,27,40
20d10h42m-20d12h16m:25,25,30,25,30,30,35,30
20d12h24m-20d13h23m:15,25,15,30,20,30,20,35,30,35,30,40
20d13h08m-20d15h29m:57,30,57,45
20d14h09m-20d16h12m:25,25,30,25,30,30,35,30
20d18h21m-20d20h46m:15,10,30,10,30,18
20d18h34m-20d19h12m:60,10,60,25
20d19h22m-20d22h56m:10,20,40,20,40,35
20d20h52m-20d23h44m:25,25,30,25,30,30,35,30
20d21h04m-20d23h46m:60,10,60,25
20d21h26m-21d01h24m:25,45,45,45,45,40
20d23h35m-21d01h07m:60,10,60,25
21d00h13m-21d00h59m:17,15,25,15
21d01h06m-21d03h52m:17,15,25,15
21d01h11m-21d01h37m:15,25,15,30,20,30,20,35,30,35,30,40
21d02h16m-21d05h54m:57,30,57,45
21d03h24m-21d04h00m:42,08,42,15,47,15,47,27,55,27
21d03h56m-21d05h36m:60,10,60,25
21d04h58m-21d06h13m:17,15,25,15
21d04h58m-21d07h47m:15,10,30,10,30,18
21d05h51m-21d07h38m:10,20,40,20,40,35
21d05h58m-21d07h54m:15,10,30,10,30,18
21d06h03m-21d09h41m:42,08,42,15,47,15,47,27,55,27
21d07h03m-21d09h57m:10,20,40,20,40,35
21d10h32m-21d14h31m:25,45,45,45,45,40
21d12h58m-21d14h40m:57,30,57,45
21d14h40m-21d18h23m:25,45,45,45,45,40
21d17h15m-21d18h21m:15,10,30,10,30,18
21d18h28m-21d20h51m:05,20,05,35
21d18h41m-21d20h14m:60,10,60,25
21d21h41m-21d23h33m:05,20,05,35
21d21h44m-22d01h34m:17,15,25,15
21d22h50m-22d00h20m:15,10,30,10,30,18
21d23h47m-22d00h54m:15,10,30,10,30,18
22d00h45m-22d01h29m:42,08,42,15,47,15,47,27,55,27
22d06h34m-22d09h02m:15,03,22,03,22,08,37,08,37,12
22d08h13m-22d08h32m:42,08,42,15,47,15,47,27,55,27
22d09h05m-22d11h44m:08,03,08,23,20,23
22d09h22m-22d10h02m:08,03,08,23,20,23
22d09h40m-22d10h14m:15,25,15,30,20,30,20,35,30,35,30,40
22d10h09m-22d10h48m:25,25,30,25,30,30,35,30
22d12h06m-22d15h33m:05,20,05,35
22d13h23m-22d15h05m:15,40,27,40
22d14h51m-22d16h06m:15,40,27,40
22d15h09m-22d16h33m:50,10,55,10,55,25
22d16h53m-22d20h16m:25,25,30,25,30,30,35,30
22d18h53m-22d19h45m:25,45,45,45,45,40
22d19h27m-22d20h24m:15,03,22,03,22,08,37,08,37,12
22d21h44m-23d01h22m:57,30,57,45
22d23h54m-23d02h23m:05,20,05,35
23d00h43m-23d02h21m:08,03,08,23,20,23
23d00h57m-23d01h19m:15,03,22,03,22,08,37,08,37,12
23d02h47m-23d04h10m:60,10,60,25
23d03h06m-23d06h05m:15,25,15,30,20,30,20,35,30,35,30,40
23d03h50m-23d04h51m:50,10,55,10,55,25
23d05h27m-23d07h23m:57,30,57,45
23d06h15m-23d08h48m:50,10,55,10,55,25
23d07h28m-23d07h44m:25,25,30,25,30,30,35,30
23d08h42m-23d09h02m:15,03,22,03,22,08,37,08,37,12
23d08h56m-23d09h46m:50,10,55,10,55,25
23d08h59m-23d12h54m:17,15,25,15
23d09h03m-23d11h08m:15,03,22,03,22,08,37,08,37,12
23d10h22m-23d13h52m:67,37,67,22
23d11h43m-23d15h02m:60,10,60,25
23d14h04m-23d17h03m:17,15,25,15
23d15h18m-23d17h51m:25,45,45,45,45,40
23d15h27m-23d18h12m:15,10,30,10,30,18
23d15h31m-23d17h50m:15,03,22,03,22,08,37,08,37,12
23d16h02m-23d19h49m:15,10,30,10,30,18
23d18h01m-23d19h58m:67,37,67,22
23d19h11m-23d21h55m:17,15,25,15
23d19h13m-23d20h15m:17,15,25,15
23d19h38m-23d19h56m:15,25,15,30,20,30,20,35,30,35,30,40
23d20h29m-23d23h51m:25,25,30,25,30,30,35,30
23d20h34m-23d23h59m:15,25,15,30,20,30,20,35,30,35,30,40
23d22h12m-24d01h57m:25,25,30,25,30,30,35,30
23d22h24m-23d23h13m:50,10,55,10,55,25
23d23h10m-24d02h44m:15,10,30,10,30,18
23d23h25m-24d00h00m:42,08,42,15,47,15,47,27,55,27
24d01h21m-24d03h03m:15,25,15,30,20,30,20,35,30,35,30,40
24d01h40m-24d04h52m:17,15,25,15
24d01h57m-24d02h50m:15,03,22,03,22,08,37,08,37,12
24d02h28m-24d03h49m:17,15,25,15
24d04h11m-24d06h29m:15,10,30,10,30,18
24d05h48m-24d09h35m:50,10,55,10,55,25
24d11h10m-24d13h33m:10,20,40,20,40,35
24d11h15m-24d11h52m:10,20,40,20,40,35
24d11h41m-24d13h30m:42,08,42,15,47,15,47,27,55,27
24d16h13m-24d19h49m:05,20,05,35
24d16h16m-24d18h17m:15,25,15,30,20,30,20,35,30,35,30,40
24d16h27m-24d18h37m:08,03,08,23,20,23
24d17h16m-24d18h41m:15,03,22,03,22,08,37,08,37,12
24d17h42m-24d21h23m:25,45,45,45,45,40
24d18h33m-24d21h31m:17,15,25,15
24d18h50m-24d21h53m:05,20,05,35
24d23h52m-25d00h29m:15,10,30,10,30,18
25d01h46m-25d02h39m:25,25,30,25,30,30,35,30
25d01h59m-25d03h12m:15,40,27,40
25d03h05m-25d06h07m:25,45,45,45,45,40
25d04h29m-25d06h25m:57,30,57,45
25d04h59m-25d05h16m:25,25,30,25,30,30,35,30
25d07h20m-25d10h17m:05,20,05,35
25d09h15m-25d11h45m:60,10,60,25
25d12h54m-25d13h46m:50,10,55,10,55,25
25d13h34m-25d15h35m:50,10,55,10,55,25
25d17h39m-25d19h50m:05,20,05,35
25d18h09m-25d19h52m:50,10,55,10,55,25
25d18h47m-25d20h05m:15,03,22,03,22,08,37,08,37,12
25d18h57m-25d20h30m:15,10,30,10,30,18
25d21h58m-26d01h52m:42,08,42,15,47,15,47,27,55,27
25d23h50m-26d02h27m:05,20,05,35
26d01h17m-26d05h10m:57,30,57,45
26d01h58m-26d05h02m:25,25,30,25,30,30,35,30
26d04h24m-26d06h44m:15,03,22,03,22,08,37,08,37,12
26d04h52m-26d06h13m:57,30,57,45
26d05h57m-26d09h53m:67,37,67,22
26d06h06m-26d09h34m:15,40,27,40
26d06h50m-26d09h11m:25,45,45,45,45,40
26d08h30m-26d10h06m:15,40,27,40
26d09h01m-26d11h53m:60,10,60,25
26d11h44m-26d14h19m:60,10,60,25
26d12h56m-26d15h43m:17,15,25,15
26d14h44m-26d15h20m:05,20,05,35
26d18h52m-26d22h06m:15,40,27,40
26d18h58m-26d19h52m:15,10,30,10,30,18
26d19h26m-26d21h27m:08,03,08,23,20,23
26d20h36m-26d21h09m:25,45,45,45,45,40
26d21h06m-26d22h53m:17,15,25,15
26d22h38m-26d23h57m:15,10,30,10,30,18
27d00h04m-27d01h57m:17,15,25,15
27d01h49m-27d04h00m:08,03,08,23,20,23
27d02h44m-27d06h44m:15,03,22,03,22,08,37,08,37,12
27d04h15m-27d05h51m:60,10,60,25
27d04h35m-27d05h11m:57,30,57,45
27d09h21m-27d11h16m:67,37,67,22
27d10h49m-27d12h40m:67,37,67,22
27d11h08m-27d13h04m:05,20,05,35
27d11h53m-27d14h57m:60,10,60,25
27d13h50m-27d14h21m:17,15,25,15
27d14h07m-27d17h04m:57,30,57,45
27d14h07m-27d17h20m:25,25,30,25,30,30,35,30
27d16h58m-27d17h31m:17,15,25,15
27d17h25m-27d17h47m:08,03,08,23,20,23
27d17h49m-27d19h16m:15,03,22,03,22,08,37,08,37,12
27d19h03m-27d21h42m:67,37,67,22
27d19h07m-27d21h34m:67,37,67,22
27d19h38m-27d19h58m:25,45,45,45,45,40
27d23h19m-27d23h34m:17,15,25,15
28d01h42m-28d02h05m:15,25,15,30,20,30,20,35,30,35,30,40
28d02h19m-28d05h52m:42,08,42,15,47,15,47,27,55,27
28d03h11m-28d04h27m:08,03,08,23,20,23
28d04h05m-28d07h53m:15,25,15,30,20,30,20,35,30,35,30,40
28d04h23m-28d07h10m:10,20,40,20,40,35
28d05h10m-28d06h10m:10,20,40,20,40,35
28d06h10m-28d08h22m:60,10,60,25
28d06h16m-28d08h46m:50,10,55,10,55,25
28d09h21m-28d09h58m:08,03,08,23,20,23
28d10h13m-28d12h26m:17,15,25,15
28d12h32m-28d15h18m:15,25,15,30,20,30,20,35,30,35,30,40
28d13h27m-28d15h38m:05,20,05,35
28d13h46m-28d14h16m:67,37,67,22
28d14h04m-28d16h50m:25,25,30,25,30,30,35,30
28d14h25m-28d15h45m:15,10,30,10,30,18
28d22h16m-28d22h42m:25,25,30,25,30,30,35,30
29d00h31m-29d04h19m:25,45,45,45,45,40
29d01h23m-29d03h34m:15,10,30,10,30,18
29d01h56m-29d03h51m:17,15,25,15
29d02h42m-29d04h55m:42,08,42,15,47,15,47,27,55,27
29d03h02m-29d03h47m:10,20,40,20,40,35
29d03h06m-29d06h33m:17,15,25,15
29d03h34m-29d04h58m:08,03,08,23,20,23
29d05h09m-29d08h20m:15,03,22,03,22,08,37,08,37,12
29d06h30m-29d09h24m:60,10,60,25
29d06h34m-29d07h09m:15,40,27,40
29d07h42m-29d10h25m:42,08,42,15,47,15,47,27,55,27
29d08h08m-29d10h13m:10,20,40,20,40,35
29d08h13m-29d10h43m:05,20,05,35
29d08h19m-29d11h35m:15,40,27,40
29d13h45m-29d16h56m:17,15,25,15
29d14h13m-29d15h13m:15,25,15,30,20,30,20,35,30,35,30,40
29d14h33m-29d16h49m:15,03,22,03,22,08,37,08,37,12
29d14h41m-29d15h44m:25,25,30,25,30,30,35,30
29d16h14m-29d17h48m:15,25,15,30,20,30,20,35,30,35,30,40
29d16h19m-29d19h27m:15,10,30,10,30,18
29d17h18m-29d20h55m:42,08,42,15,47,15,47,27,55,27
29d17h20m-29d19h02m:10,20,40,20,40,35
29d18h10m-29d21h41m:15,10,30,10,30,18
29d19h58m-29d20h22m:60,10,60,25
29d22h43m-29d23h18m:15,25,15,30,20,30,20,35,30,35,30,40
29d23h06m-30d00h55m:67,37,67,22
30d01h15m-30d03h53m:05,20,05,35
30d03h14m-30d06h34m:15,40,27,40
30d03h15m-30d05h11m:50,10,55,10,55,25
30d03h18m-30d06h03m:57,30,57,45
30d04h20m-30d05h12m:15,40,27,40
30d06h09m-30d08h52m:15,10,30,10,30,18
30d06h16m-30d07h55m:15,40,27,40
30d07h01m-30d08h45m:15,03,22,03,22,08,37,08,37,12
30d08h27m-30d10h10m:60,10,60,25
30d11h02m-30d12h18m:15,10,30,10,30,18
30d14h16m-30d17h23m:15,03,22,03,22,08,37,08,37,12
30d15h20m-30d17h39m:50,10,55,10,55,25
30d16h13m-30d17h06m:08,03,08,23,20,23
30d16h20m-30d19h39m:15,10,30,10,30,18
30d16h34m-30d17h23m:25,25,30,25,30,30,35,30
30d21h33m-30d23h59m:15,40,27,40
30d22h24m-30d23h06m:67,37,67,22
30d22h34m-30d23h59m:25,25,30,25,30,30,35,30
30d22h36m-30d23h20m:15,25,15,30,20,30,20,35,30,35,30,40
