01d02h30m-01d05h14m:15,25,15,30,20,30,20,35,30,35,30,40
01d03h05m-01d06h11m:08,03,08,23,20,23
01d03h40m-01d05h44m:67,37,67,22
01d07h17m-01d10h49m:15,03,22,03,22,08,37,08,37,12
01d07h38m-01d08h58m:25,45,45,45,45,40
01d10h27m-01d11h26m:17,15,25,15
01d10h27m-01d11h47m:67,37,67,22
01d11h04m-01d12h53m:67,37,67,22
01d11h09m-01d12h36m:05,20,05,35
01d11h12m-01d11h49m:15,03,22,03,22,08,37,08,37,12
01d11h15m-01d14h21m:10,20,40,20,40,35
01d11h22m-01d14h47m:25,25,30,25,30,30,35,30
01d14h09m-01d16h47m:15,03,22,03,22,08,37,08,37,12
01d16h21m-01d20h02m:60,10,60,25
01d17h19m-01d18h31m:60,10,60,25
01d17h44m-01d21h38m:25,25,30,25,30,30,35,30
01d18h16m-01d19h03m:57,30,57,45
01d19h26m-01d20h38m:15,10,30,10,30,18
01d19h33m-01d20h14m:17,15,25,15
01d21h22m-01d21h57m:05,20,05,35
01d23h02m-02d01h34m:05,20,05,35
01d23h19m-02d01h23m:42,08,42,15,47,15,47,27,55,27
02d00h42m-02d01h48m:15,25,15,30,20,30,20,35,30,35,30,40
02d03h38m-02d05h30m:60,10,60,25
02d06h56m-02d08h38m:17,15,25,15
02d07h45m-02d11h05m:50,10,55,10,55,25
02d09h32m-02d10h14m:10,20,40,20,40,35
02d10h57m-02d11h38m:25,45,45,45,45,40
02d11h35m-02d14h24m:25,25,30,25,30,30,35,30
02d14h19m-02d18h05m:17,15,25,15
02d14h24m-02d14h57m:25,45,45,45,45,40
02d15h53m-02d17h12m:67,37,67,22
02d16h32m-02d19h08m:15,25,15,30,20,30,20,35,30,35,30,40
02d16h52m-02d20h18m:15,25,15,30,20,30,20,35,30,35,30,40
02d18h39m-02d20h25m:25,45,45,45,45,40
02d19h13m-02d22h40m:67,37,67,22
02d19h34m-02d23h27m:15,25,15,30,20,30,20,35,30,35,30,40
02d20h17m-02d20h57m:25,45,45,45,45,40
02d23h17m-03d03h10m:15,40,27,40
02d23h21m-03d00h20m:10,20,40,20,40,35
03d01h03m-03d04h41m:60,10,60,25
03d01h41m-03d02h49m:42,08,42,15,47,15,47,27,55,27
03d03h24m-03d05h43m:57,30,57,45
03d04h52m-03d08h29m:50,10,55,10,55,25
03d05h19m-03d08h20m:15,10,30,10,30,18
03d06h47m-03d10h03m:08,03,08,23,20,23
03d09h26m-03d09h52m:17,15,25,15
03d10h44m-03d12h15m:25,25,30,25,30,30,35,30
03d10h56m-03d12h48m:15,10,30,10,30,18
03d11h34m-03d13h48m:17,15,25,15
03d11h43m-03d15h43m:17,15,25,15
03d16h53m-03d17h27m:57,30,57,45
03d16h55m-03d18h35m:25,25,30,25,30,30,35,30
03d17h11m-03d18h51m:50,10,55,10,55,25
03d17h19m-03d18h35m:42,08,42,15,47,15,47,27,55,27
03d17h39m-03d21h31m:60,10,60,25
03d17h49m-03d21h44m:15,03,22,03,22,08,37,08,37,12
03d18h29m-03d19h15m:57,30,57,45
03d19h20m-03d22h37m:60,10,60,25
03d19h33m-03d21h13m:10,20,40,20,40,35
03d22h51m-04d02h32m:05,20,05,35
03d23h08m-04d02h39m:15,10,30,10,30,18
03d23h42m-04d02h53m:57,30,57,45
03d23h58m-04d02h03m:15,10,30,10,30,18
04d00h09m-04d00h35m:15,25,15,30,20,30,20,35,30,35,30,40
04d10h14m-04d11h39m:08,03,08,23,20,23
04d10h50m-04d12h10m:10,20,40,20,40,35
04d13h26m-04d16h35m:05,20,05,35
04d13h54m-04d14h36m:15,40,27,40
04d14h36m-04d17h10m:57,30,57,45
04d15h11m-04d19h02m:25,45,45,45,45,40
04d15h35m-04d18h15m:17,15,25,15
04d18h04m-04d20h56m:05,20,05,35
04d18h10m-04d20h29m:50,10,55,10,55,25
04d19h23m-04d23h20m:25,25,30,25,30,30,35,30
04d20h18m-04d20h34m:25,25,30,25,30,30,35,30
04d20h48m-05d00h30m:15,10,30,10,30,18
04d20h53m-05d00h15m:42,08,42,15,47,15,47,27,55,27
04d21h08m-04d22h09m:15,03,22,03,22,08,37,08,37,12
04d21h12m-05d00h08m:67,37,67,22
05d02h53m-05d06h47m:15,25,15,30,20,30,20,35,30,35,30,40
05d03h04m-05d06h08m:25,45,45,45,45,40
05d03h21m-05d04h10m:05,20,05,35
05d04h29m-05d07h42m:15,03,22,03,22,08,37,08,37,12
05d11h01m-05d12h20m:42,08,42,15,47,15,47,27,55,27
05d12h29m-05d13h43m:25,45,45,45,45,40
05d13h37m-05d15h00m:25,25,30,25,30,30,35,30
05d15h49m-05d17h25m:17,15,25,15
05d16h35m-05d18h20m:25,25,30,25,30,30,35,30
05d19h18m-05d22h07m:25,45,45,45,45,40
05d21h27m-06d00h45m:05,20,05,35
05d22h08m-05d22h55m:05,20,05,35
06d01h11m-06d02h15m:25,45,45,45,45,40
06d02h22m-06d04h07m:17,15,25,15
06d03h44m-06d07h15m:25,25,30,25,30,30,35,30
06d04h30m-06d06h59m:10,20,40,20,40,35
06d05h15m-06d08h33m:57,30,57,45
06d05h30m-06d06h49m:15,03,22,03,22,08,37,08,37,12
06d05h56m-06d09h24m:17,15,25,15
06d06h07m-06d09h07m:15,40,27,40
06d07h32m-06d11h22m:15,40,27,40
06d09h19m-06d09h39m:08,03,08,23,20,23
06d09h31m-06d10h23m:08,03,08,23,20,23
06d10h16m-06d11h20m:17,15,25,15
06d11h51m-06d12h45m:15,10,30,10,30,18
06d13h01m-06d15h30m:67,37,67,22
06d13h17m-06d13h37m:15,10,30,10,30,18
06d13h51m-06d14h24m:42,08,42,15,47,15,47,27,55,27
06d14h16m-06d16h46m:60,10,60,25
06d14h18m-06d15h21m:42,08,42,15,47,15,47,27,55,27
06d15h56m-06d16h48m:57,30,57,45
06d16h39m-06d20h01m:05,20,05,35
06d17h13m-06d20h27m:15,03,22,03,22,08,37,08,37,12
06d17h59m-06d20h22m:15,03,22,03,22,08,37,08,37,12
06d18h23m-06d21h28m:15,03,22,03,22,08,37,08,37,12
06d19h47m-06d22h29m:10,20,40,20,40,35
06d20h02m-06d21h18m:15,03,22,03,22,08,37,08,37,12
06d20h16m-06d23h01m:25,25,30,25,30,30,35,30
06d20h55m-06d22h57m:50,10,55,10,55,25
06d21h44m-06d23h53m:25,45,45,45,45,40
07d02h08m-07d04h22m:25,45,45,45,45,40
07d04h32m-07d07h08m:10,20,40,20,40,35
07d05h02m-07d07h53m:15,03,22,03,22,08,37,08,37,12
07d05h11m-07d06h16m:42,08,42,15,47,15,47,27,55,27
07d06h06m-07d09h53m:15,03,22,03,22,08,37,08,37,12
07d06h35m-07d09h39m:42,08,42,15,47,15,47,27,55,27
07d07h20m-07d08h21m:15,03,22,03,22,08,37,08,37,12
07d07h22m-07d09h31m:15,25,15,30,20,30,20,35,30,35,30,40
07d07h34m-07d11h30m:05,20,05,35
07d08h11m-07d12h02m:67,37,67,22
07d08h35m-07d10h23m:42,08,42,15,47,15,47,27,55,27
07d09h34m-07d12h00m:15,25,15,30,20,30,20,35,30,35,30,40
07d09h44m-07d12h34m:15,10,30,10,30,18
07d10h22m-07d13h39m:15,40,27,40
07d10h54m-07d13h59m:15,10,30,10,30,18
07d14h45m-07d15h37m:15,10,30,10,30,18
07d15h24m-07d16h01m:08,03,08,23,20,23
07d18h40m-07d21h35m:42,08,42,15,47,15,47,27,55,27
07d18h57m-07d21h55m:67,37,67,22
07d19h26m-07d22h36m:17,15,25,15
07d19h35m-07d22h51m:25,25,30,25,30,30,35,30
07d19h53m-07d23h47m:57,30,57,45
07d22h05m-08d00h11m:15,03,22,03,22,08,37,08,37,12
07d22h39m-07d23h54m:05,20,05,35
07d23h26m-08d00h50m:50,10,55,10,55,25
08d00h48m-08d03h10m:05,20,05,35
08d04h27m-08d05h17m:67,37,67,22
08d06h33m-08d08h35m:25,25,30,25,30,30,35,30
08d07h08m-08d09h43m:42,08,42,15,47,15,47,27,55,27
08d08h54m-08d09h48m:57,30,57,45
08d11h30m-08d11h54m:67,37,67,22
08d12h23m-08d15h08m:15,10,30,10,30,18
08d15h49m-08d18h59m:67,37,67,22
08d16h06m-08d17h11m:50,10,55,10,55,25
08d18h43m-08d19h48m:50,10,55,10,55,25
08d18h49m-08d21h09m:15,03,22,03,22,08,37,08,37,12
08d22h39m-09d02h18m:10,20,40,20,40,35
09d01h08m-09d02h10m:67,37,67,22
09d01h11m-09d02h51m:15,10,30,10,30,18
09d01h20m-09d02h21m:67,37,67,22
09d02h11m-09d06h04m:05,20,05,35
09d03h07m-09d07h07m:57,30,57,45
09d03h43m-09d04h27m:25,45,45,45,45,40
09d03h44m-09d05h18m:15,25,15,30,20,30,20,35,30,35,30,40
09d05h43m-09d07h29m:67,37,67,22
09d05h53m-09d07h10m:67,37,67,22
09d06h18m-09d08h47m:15,40,27,40
09d07h05m-09d10h17m:60,10,60,25
09d07h12m-09d10h14m:60,10,60,25
09d08h56m-09d10h49m:67,37,67,22
09d10h57m-09d14h46m:25,45,45,45,45,40
09d14h36m-09d16h19m:25,25,30,25,30,30,35,30
09d15h23m-09d18h35m:60,10,60,25
09d16h26m-09d18h39m:60,10,60,25
09d17h27m-09d18h30m:10,20,40,20,40,35
09d19h53m-09d23h23m:15,40,27,40
09d20h05m-09d22h23m:42,08,42,15,47,15,47,27,55,27
09d20h28m-09d23h42m:17,15,25,15
09d20h57m-09d22h36m:50,10,55,10,55,25
09d22h14m-10d00h08m:15,25,15,30,20,30,20,35,30,35,30,40
09d23h36m-10d01h38m:42,08,42,15,47,15,47,27,55,27
09d23h47m-10d00h33m:15,03,22,03,22,08,37,08,37,12
10d01h57m-10d04h48m:25,25,30,25,30,30,35,30
10d02h27m-10d03h49m:17,15,25,15
10d04h03m-10d07h26m:10,20,40,20,40,35
10d05h36m-10d06h34m:25,25,30,25,30,30,35,30
10d07h41m-10d09h18m:50,10,55,10,55,25
10d10h53m-10d11h40m:60,10,60,25
10d11h13m-10d14h56m:17,15,25,15
10d14h08m-10d17h38m:25,45,45,45,45,40
10d14h43m-10d17h52m:08,03,08,23,20,23
10d16h51m-10d19h18m:17,15,25,15
11d00h25m-11d00h48m:60,10,60,25
11d01h01m-11d02h38m:17,15,25,15
11d01h44m-11d04h44m:57,30,57,45
11d03h26m-11d05h44m:08,03,08,23,20,23
11d03h31m-11d04h35m:25,25,30,25,30,30,35,30
11d03h35m-11d04h54m:15,10,30,10,30,18
11d06h48m-11d07h25m:08,03,08,23,20,23
11d06h51m-11d10h43m:08,03,08,23,20,23
11d08h15m-11d10h10m:25,25,30,25,30,30,35,30
11d08h43m-11d10h35m:15,10,30,10,30,18
11d09h23m-11d09h42m:67,37,67,22
11d09h40m-11d10h30m:50,10,55,10,55,25
11d09h40m-11d12h15m:57,30,57,45
11d10h22m-11d10h58m:05,20,05,35
11d10h39m-11d12h47m:15,25,15,30,20,30,20,35,30,35,30,40
11d11h09m-11d13h23m:60,10,60,25
11d13h50m-11d17h07m:50,10,55,10,55,25
11d17h11m-11d18h29m:15,25,15,30,20,30,20,35,30,35,30,40
11d18h00m-11d20h28m:08,03,08,23,20,23
11d19h17m-11d23h10m:15,10,30,10,30,18
11d21h37m-11d22h40m:60,10,60,25
11d23h41m-12d02h13m:50,10,55,10,55,25
12d01h11m-12d05h00m:15,40,27,40
12d06h26m-12d07h20m:50,10,55,10,55,25
12d08h07m-12d12h06m:15,10,30,10,30,18
12d09h52m-12d13h09m:15,10,30,10,30,18
12d10h43m-12d12h29m:42,08,42,15,47,15,47,27,55,27
12d10h43m-12d14h33m:10,20,40,20,40,35
12d13h25m-12d15h40m:05,20,05,35
12d14h14m-12d17h03m:08,03,08,23,20,23
12d14h37m-12d16h42m:25,25,30,25,30,30,35,30
12d18h19m-12d19h59m:67,37,67,22
12d19h57m-12d22h24m:25,45,45,45,45,40
12d21h39m-13d00h23m:25,25,30,25,30,30,35,30
13d00h06m-13d00h54m:25,45,45,45,45,40
13d00h26m-13d02h26m:15,03,22,03,22,08,37,08,37,12
13d01h53m-13d02h34m:25,25,30,25,30,30,35,30
13d02h36m-13d03h27m:10,20,40,20,40,35
13d04h03m-13d04h44m:42,08,42,15,47,15,47,27,55,27
13d04h42m-13d07h55m:15,40,27,40
13d05h13m-13d08h15m:60,10,60,25
13d06h10m-13d07h36m:08,03,08,23,20,23
13d06h15m-13d09h49m:25,25,30,25,30,30,35,30
13d07h48m-13d11h18m:50,10,55,10,55,25
13d09h19m-13d11h47m:15,25,15,30,20,30,20,35,30,35,30,40
13d11h34m-13d14h57m:15,03,22,03,22,08,37,08,37,12
13d11h38m-13d13h13m:08,03,08,23,20,23
13d13h00m-13d16h34m:15,10,30,10,30,18
13d13h07m-13d14h01m:67,37,67,22
13d13h12m-13d13h44m:08,03,08,23,20,23
13d14h36m-13d16h53m:67,37,67,22
13d14h54m-13d16h06m:42,08,42,15,47,15,47,27,55,27
13d15h09m-13d16h48m:15,40,27,40
13d16h06m-13d16h37m:42,08,42,15,47,15,47,27,55,27
13d16h07m-13d16h37m:42,08,42,15,47,15,47,27,55,27
13d20h32m-13d22h21m:25,45,45,45,45,40
13d20h58m-13d23h20m:57,30,57,45
13d21h09m-13d21h51m:57,30,57,45
13d21h44m-14d00h49m:15,03,22,03,22,08,37,08,37,12
13d22h18m-13d22h36m:15,40,27,40
13d23h12m-14d00h32m:15,40,27,40
13d23h36m-14d02h44m:67,37,67,22
14d00h16m-14d03h10m:15,10,30,10,30,18
14d02h47m-14d03h17m:05,20,05,35
14d03h05m-14d05h26m:25,25,30,25,30,30,35,30
14d03h18m-14d05h03m:50,10,55,10,55,25
14d04h31m-14d06h13m:08,03,08,23,20,23
14d05h41m-14d07h57m:60,10,60,25
14d05h49m-14d07h01m:50,10,55,10,55,25
14d09h07m-14d09h35m:15,40,27,40
14d11h08m-14d12h58m:67,37,67,22
14d11h22m-14d14h38m:42,08,42,15,47,15,47,27,55,27
14d12h15m-14d12h32m:42,08,42,15,47,15,47,27,55,27
14d12h15m-14d14h53m:57,30,57,45
14d14h30m-14d16h12m:57,30,57,45
14d14h31m-14d17h22m:25,25,30,25,30,30,35,30
14d15h31m-14d17h37m:15,10,30,10,30,18
14d15h36m-14d16h40m:50,10,55,10,55,25
14d17h39m-14d18h31m:15,40,27,40
14d18h55m-14d20h20m:08,03,08,23,20,23
14d18h56m-14d22h54m:17,15,25,15
14d19h43m-14d21h30m:08,03,08,23,20,23
14d20h11m-14d23h19m:15,25,15,30,20,30,20,35,30,35,30,40
14d22h28m-15d01h12m:17,15,25,15
14d23h55m-15d03h42m:17,15,25,15
15d00h25m-15d04h08m:60,10,60,25
15d02h18m-15d03h48m:50,10,55,10,55,25
15d03h18m-15d06h19m:17,15,25,15
15d05h06m-15d07h03m:67,37,67,22
15d05h14m-15d05h40m:05,20,05,35
15d06h25m-15d09h53m:10,20,40,20,40,35
15d06h59m-15d08h26m:08,03,08,23,20,23
15d10h31m-15d13h53m:15,10,30,10,30,18
15d13h22m-15d15h10m:60,10,60,25
15d14h53m-15d15h40m:17,15,25,15
15d15h01m-15d16h31m:57,30,57,45
15d16h16m-15d17h33m:57,30,57,45
15d16h30m-15d18h03m:50,10,55,10,55,25
15d18h39m-15d19h01m:15,25,15,30,20,30,20,35,30,35,30,40
16d00h02m-16d01h02m:08,03,08,23,20,23
16d00h16m-16d00h46m:50,10,55,10,55,25
16d00h42m-16d02h23m:05,20,05,35
16d04h01m-16d05h52m:05,20,05,35
16d04h31m-16d07h40m:10,20,40,20,40,35
16d04h41m-16d05h29m:50,10,55,10,55,25
16d05h11m-16d08h38m:50,10,55,10,55,25
16d06h23m-16d09h08m:25,25,30,25,30,30,35,30
16d06h54m-16d08h21m:42,08,42,15,47,15,47,27,55,27
16d07h31m-16d11h19m:42,08,42,15,47,15,47,27,55,27
16d07h57m-16d09h45m:08,03,08,23,20,23
16d08h40m-16d11h22m:15,40,27,40
16d09h40m-16d12h53m:08,03,08,23,20,23
16d09h47m-16d13h32m:08,03,08,23,20,23
16d10h27m-16d10h57m:10,20,40,20,40,35
16d10h41m-16d11h48m:08,03,08,23,20,23
16d11h14m-16d14h18m:17,15,25,15
16d11h33m-16d11h54m:67,37,67,22
16d11h34m-16d13h46m:10,20,40,20,40,35
16d12h39m-16d14h26m:10,20,40,20,40,35
16d15h30m-16d19h03m:15,03,22,03,22,08,37,08,37,12
16d18h26m-16d21h27m:25,45,45,45,45,40
16d19h29m-16d22h23m:15,40,27,40
16d21h59m-16d22h21m:60,10,60,25
16d22h10m-17d00h30m:05,20,05,35
16d22h14m-17d02h05m:42,08,42,15,47,15,47,27,55,27
16d23h04m-17d00h40m:15,40,27,40
17d00h09m-17d01h52m:08,03,08,23,20,23
17d01h14m-17d02h44m:15,40,27,40
17d03h00m-17d05h54m:57,30,57,45
17d03h08m-17d05h03m:05,20,05,35
17d03h51m-17d06h04m:25,25,30,25,30,30,35,30
17d03h55m-17d05h29m:15,40,27,40
17d04h08m-17d06h26m:15,25,15,30,20,30,20,35,30,35,30,40
17d04h10m-17d04h55m:05,20,05,35
17d04h38m-17d05h48m:42,08,42,15,47,15,47,27,55,27
17d06h10m-17d09h08m:67,37,67,22
17d08h40m-17d11h07m:57,30,57,45
17d10h45m-17d12h20m:05,20,05,35
17d11h04m-17d13h06m:10,20,40,20,40,35
17d11h07m-17d13h03m:67,37,67,22
17d11h59m-17d13h04m:42,08,42,15,47,15,47,27,55,27
17d12h45m-17d15h09m:60,10,60,25
17d13h14m-17d14h42m:10,20,40,20,40,35
17d13h44m-17d15h30m:15,10,30,10,30,18
17d13h58m-17d14h31m:57,30,57,45
17d14h06m-17d16h42m:57,30,57,45
17d14h48m-17d18h30m:17,15,25,15
17d15h56m-17d18h15m:08,03,08,23,20,23
17d17h16m-17d19h10m:15,40,27,40
17d17h56m-17d20h15m:60,10,60,25
17d17h59m-17d19h13m:15,40,27,40
17d19h41m-17d21h16m:17,15,25,15
17d21h12m-17d21h56m:50,10,55,10,55,25
17d23h10m-17d23h46m:25,25,30,25,30,30,35,30
17d23h23m-18d01h50m:57,30,57,45
17d23h34m-18d01h21m:15,40,27,40
18d03h04m-18d05h21m:25,45,45,45,45,40
18d03h42m-18d05h14m:15,03,22,03,22,08,37,08,37,12
18d04h23m-18d07h32m:67,37,67,22
18d04h29m-18d07h44m:50,10,55,10,55,25
18d05h04m-18d07h09m:67,37,67,22
18d06h14m-18d10h02m:15,03,22,03,22,08,37,08,37,12
18d06h15m-18d07h31m:25,45,45,45,45,40
18d06h53m-18d08h36m:15,03,22,03,22,08,37,08,37,12
18d09h51m-18d12h12m:60,10,60,25
18d11h00m-18d13h01m:15,10,30,10,30,18
18d11h28m-18d13h36m:50,10,55,10,55,25
18d12h04m-18d13h59m:10,20,40,20,40,35
18d12h18m-18d15h17m:50,10,55,10,55,25
18d13h04m-18d16h10m:25,25,30,25,30,30,35,30
18d14h54m-18d16h03m:60,10,60,25
18d14h56m-18d18h32m:05,20,05,35
18d15h04m-18d17h13m:50,10,55,10,55,25
18d16h02m-18d18h34m:17,15,25,15
18d16h07m-18d17h08m:05,20,05,35
18d16h54m-18d20h00m:15,03,22,03,22,08,37,08,37,12
18d16h59m-18d20h32m:25,25,30,25,30,30,35,30
18d17h31m-18d19h37m:15,10,30,10,30,18
18d19h15m-18d19h57m:17,15,25,15
18d20h01m-18d22h37m:25,45,45,45,45,40
18d20h43m-19d00h41m:15,03,22,03,22,08,37,08,37,12
18d22h11m-18d23h43m:05,20,05,35
18d23h13m-19d00h32m:25,25,30,25,30,30,35,30
18d23h14m-19d01h52m:08,03,08,23,20,23
19d06h09m-19d08h49m:67,37,67,22
19d06h46m-19d07h58m:25,45,45,45,45,40
19d08h00m-19d09h45m:15,10,30,10,30,18
19d10h48m-19d11h05m:05,20,05,35
19d11h44m-19d14h08m:08,03,08,23,20,23
19d15h11m-19d17h43m:57,30,57,45
19d15h13m-19d17h38m:50,10,55,10,55,25
19d16h28m-19d18h38m:25,25,30,25,30,30,35,30
19d18h13m-19d21h31m:15,10,30,10,30,18
19d18h40m-19d21h15m:25,25,30,25,30,30,35,30
19d20h49m-19d23h21m:15,25,15,30,20,30,20,35,30,35,30,40
19d22h50m-20d02h05m:08,03,08,23,20,23
19d23h46m-20d01h01m:25,25,30,25,30,30,35,30
20d01h48m-20d04h47m:08,03,08,23,20,23
20d01h49m-20d03h50m:42,08,42,15,47,15,47,27,55,27
20d02h00m-20d04h36m:42,08,42,15,47,15,47,27,55,27
20d03h05m-20d06h01m:08,03,08,23,20,23
20d04h30m-20d07h10m:08,03,08,23,20,23
20d06h36m-20d10h00m:25,25,30,25,30,30,35,30
20d07h32m-20d08h08m:15,40,27,40
20d07h57m-20d08h12m:10,20,40,20,40,35
20d08h26m-20d11h15m:10,20,40,20,40,35
20d09h20m-20d10h31m:15,03,22,03,22,08,37,08,37,12
20d09h34m-20d10h30m:42,08,42,15,47,15,47,27,55,27
20d12h57m-20d15h35m:15,03,22,03,22,08,37,08,37,12
20d14h34m-20d15h47m:05,20,05,35
20d14h38m-20d18h30m:10,20,40,20,40,35
20d14h55m-20d17h35m:25,25,30,25,30,30,35,30
20d16h31m-20d19h37m:15,40,27,40
20d16h48m-20d19h56m:42,08,42,15,47,15,47,27,55,27
20d20h29m-20d23h49m:05,20,05,35
20d21h35m-21d01h12m:57,30,57,45
20d22h08m-21d00h56m:15,03,22,03,22,08,37,08,37,12
20d22h15m-21d00h00m:42,08,42,15,47,15,47,27,55,27
20d22h21m-20d22h45m:15,40,27,40
20d22h40m-21d00h52m:17,15,25,15
21d00h20m-21d01h45m:15,40,27,40
21d00h50m-21d01h11m:42,08,42,15,47,15,47,27,55,27
21d01h19m-21d03h43m:42,08,42,15,47,15,47,27,55,27
21d02h59m-21d04h13m:25,25,30,25,30,30,35,30
21d03h10m-21d06h15m:10,20,40,20,40,35
21d04h25m-21d08h14m:25,45,45,45,45,40
21d05h01m-21d08h06m:10,20,40,20,40,35
21d05h06m-21d07h48m:57,30,57,45
21d05h40m-21d08h51m:60,10,60,25
21d05h42m-21d07h26m:67,37,67,22
21d06h28m-21d10h23m:15,25,15,30,20,30,20,35,30,35,30,40
21d06h44m-21d08h26m:67,37,67,22
21d07h11m-21d09h07m:50,10,55,10,55,25
21d07h42m-21d08h50m:15,40,27,40
21d08h32m-21d10h47m:57,30,57,45
21d08h42m-21d10h17m:60,10,60,25
21d09h46m-21d12h31m:15,25,15,30,20,30,20,35,30,35,30,40
21d10h16m-21d12h35m:15,25,15,30,20,30,20,35,30,35,30,40
21d12h25m-21d15h26m:57,30,57,45
21d12h30m-21d16h17m:15,10,30,10,30,18
21d13h23m-21d14h40m:08,03,08,23,20,23
21d14h59m-21d15h31m:08,03,08,23,20,23
21d16h07m-21d18h27m:05,20,05,35
21d16h38m-21d17h52m:05,20,05,35
21d16h38m-21d18h10m:15,10,30,10,30,18
21d17h12m-21d18h01m:15,40,27,40
21d17h37m-21d18h00m:25,45,45,45,45,40
21d17h56m-21d18h13m:15,10,30,10,30,18
21d22h56m-22d00h05m:05,20,05,35
21d23h45m-22d02h24m:57,30,57,45
22d02h07m-22d02h50m:15,10,30,10,30,18
22d02h23m-22d06h22m:50,10,55,10,55,25
22d02h39m-22d03h23m:25,45,45,45,45,40
22d03h53m-22d07h32m:42,08,42,15,47,15,47,27,55,27
22d05h04m-22d06h45m:05,20,05,35
22d06h29m-22d09h12m:15,10,30,10,30,18
22d08h01m-22d11h37m:15,40,27,40
22d08h18m-22d11h24m:42,08,42,15,47,15,47,27,55,27
22d09h17m-22d11h01m:60,10,60,25
22d10h20m-22d14h05m:57,30,57,45
22d10h52m-22d14h29m:25,45,45,45,45,40
22d12h13m-22d13h22m:25,45,45,45,45,40
22d12h27m-22d16h13m:15,03,22,03,22,08,37,08,37,12
22d13h07m-22d14h16m:57,30,57,45
22d13h40m-22d16h01m:17,15,25,15
22d15h56m-22d17h43m:15,10,30,10,30,18
22d16h09m-22d19h39m:15,25,15,30,20,30,20,35,30,35,30,40
22d16h52m-22d20h26m:15,25,15,30,20,30,20,35,30,35,30,40
22d17h15m-22d18h20m:42,08,42,15,47,15,47,27,55,27
22d18h37m-22d20h23m:25,25,30,25,30,30,35,30
22d20h35m-22d22h08m:57,30,57,45
22d21h41m-23d00h50m:57,30,57,45
22d21h50m-22d23h22m:08,03,08,23,20,23
22d22h10m-23d01h12m:57,30,57,45
22d22h56m-23d02h37m:08,03,08,23,20,23
22d23h06m-23d00h51m:15,40,27,40
23d02h26m-23d04h32m:15,10,30,10,30,18
23d03h12m-23d07h10m:25,25,30,25,30,30,35,30
23d04h19m-23d05h24m:15,40,27,40
23d08h37m-23d09h04m:15,40,27,40
23d08h58m-23d10h08m:15,40,27,40
23d09h52m-23d12h47m:60,10,60,25
23d10h25m-23d12h06m:42,08,42,15,47,15,47,27,55,27
23d14h12m-23d15h27m:67,37,67,22
23d16h54m-23d18h29m:42,08,42,15,47,15,47,27,55,27
23d17h09m-23d20h03m:50,10,55,10,55,25
23d19h35m-23d21h00m:15,10,30,10,30,18
23d19h50m-23d22h32m:15,25,15,30,20,30,20,35,30,35,30,40
23d20h21m-23d22h05m:15,10,30,10,30,18
23d20h53m-23d21h59m:25,45,45,45,45,40
23d20h55m-23d21h25m:15,25,15,30,20,30,20,35,30,35,30,40
23d21h30m-24d01h02m:25,45,45,45,45,40
23d22h01m-24d00h23m:15,10,30,10,30,18
24d05h37m-24d06h11m:15,10,30,10,30,18
24d06h10m-24d09h18m:10,20,40,20,40,35
24d07h56m-24d09h13m:17,15,25,15
24d11h47m-24d13h16m:05,20,05,35
24d13h22m-24d15h56m:50,10,55,10,55,25
24d13h45m-24d16h50m:05,20,05,35
24d15h04m-24d17h22m:17,15,25,15
24d16h28m-24d18h25m:15,10,30,10,30,18
24d18h06m-24d20h15m:15,03,22,03,22,08,37,08,37,12
24d18h07m-24d21h49m:60,10,60,25
24d19h33m-24d20h47m:50,10,55,10,55,25
24d20h17m-24d21h10m:15,10,30,10,30,18
25d00h00m-25d02h35m:05,20,05,35
25d00h01m-25d03h07m:15,25,15,30,20,30,20,35,30,35,30,40
25d03h57m-25d07h03m:50,10,55,10,55,25
25d06h18m-25d09h54m:15,40,27,40
25d06h48m-25d08h22m:05,20,05,35
25d09h58m-25d13h31m:25,45,45,45,45,40
25d10h05m-25d10h41m:10,20,40,20,40,35
25d13h04m-25d15h35m:15,03,22,03,22,08,37,08,37,12
25d13h16m-25d13h40m:25,45,45,45,45,40
25d13h52m-25d17h27m:67,37,67,22
25d14h05m-25d15h47m:15,03,22,03,22,08,37,08,37,12
25d14h08m-25d15h23m:15,40,27,40
25d14h16m-25d16h28m:25,45,45,45,45,40
25d14h50m-25d17h11m:15,25,15,30,20,30,20,35,30,35,30,40
25d17h55m-25d21h25m:15,03,22,03,22,08,37,08,37,12
25d18h11m-25d21h12m:15,25,15,30,20,30,20,35,30,35,30,40
25d18h14m-25d21h43m:42,08,42,15,47,15,47,27,55,27
25d18h38m-25d22h27m:42,08,42,15,47,15,47,27,55,27
25d22h11m-26d00h33m:15,10,30,10,30,18
25d22h51m-26d00h18m:50,10,55,10,55,25
25d23h30m-26d00h42m:15,10,30,10,30,18
26d02h42m-26d04h07m:25,25,30,25,30,30,35,30
26d06h10m-26d08h19m:57,30,57,45
26d08h25m-26d11h57m:15,10,30,10,30,18
26d16h36m-26d17h05m:25,25,30,25,30,30,35,30
26d17h20m-26d18h32m:57,30,57,45
26d20h37m-26d21h27m:15,25,15,30,20,30,20,35,30,35,30,40
26d22h19m-26d23h30m:60,10,60,25
26d22h53m-27d01h35m:15,03,22,03,22,08,37,08,37,12
26d23h02m-27d00h54m:08,03,08,23,20,23
26d23h29m-27d02h06m:15,10,30,10,30,18
27d03h51m-27d04h38m:15,03,22,03,22,08,37,08,37,12
27d05h18m-27d07h45m:60,10,60,25
27d05h58m-27d07h02m:05,20,05,35
27d06h06m-27d07h09m:15,25,15,30,20,30,20,35,30,35,30,40
27d06h48m-27d09h12m:57,30,57,45
27d08h24m-27d10h01m:15,25,15,30,20,30,20,35,30,35,30,40
27d08h27m-27d12h23m:15,03,22,03,22,08,37,08,37,12
27d09h50m-27d10h40m:25,25,30,25,30,30,35,30
27d12h04m-27d13h38m:17,15,25,15
27d12h15m-27d12h33m:60,10,60,25
27d13h07m-27d16h57m:15,10,30,10,30,18
27d13h39m-27d14h27m:15,25,15,30,20,30,20,35,30,35,30,40
27d14h56m-27d16h37m:57,30,57,45
27d15h29m-27d17h27m:25,45,45,45,45,40
27d15h32m-27d17h04m:57,30,57,45
27d15h34m-27d17h04m:05,20,05,35
27d16h25m-27d18h15m:17,15,25,15
27d16h42m-27d20h20m:25,25,30,25,30,30,35,30
27d16h49m-27d18h40m:67,37,67,22
27d19h46m-27d23h34m:08,03,08,23,20,23
27d20h14m-27d20h32m:17,15,25,15
27d22h06m-28d02h01m:25,25,30,25,30,30,35,30
27d23h26m-28d02h12m:60,10,60,25
27d23h37m-28d01h25m:60,10,60,25
28d00h01m-28d01h42m:57,30,57,45
28d00h53m-28d02h44m:15,10,30,10,30,18
28d01h38m-28d03h55m:25,25,30,25,30,30,35,30
28d02h13m-28d03h55m:15,40,27,40
28d04h08m-28d07h40m:15,40,27,40
28d05h25m-28d07h00m:10,20,40,20,40,35
28d05h50m-28d09h29m:42,08,42,15,47,15,47,27,55,27
28d06h56m-28d09h42m:60,10,60,25
28d10h40m-28d12h39m:57,30,57,45
28d11h50m-28d15h33m:05,20,05,35
28d11h59m-28d14h16m:15,03,22,03,22,08,37,08,37,12
28d12h52m-28d16h02m:42,08,42,15,47,15,47,27,55,27
28d13h03m-28d16h03m:25,25,30,25,30,30,35,30
28d13h42m-28d15h24m:15,03,22,03,22,08,37,08,37,12
28d14h50m-28d18h26m:17,15,25,15
28d14h58m-28d18h27m:08,03,08,23,20,23
28d15h08m-28d16h20m:25,25,30,25,30,30,35,30
28d17h03m-28d19h23m:15,25,15,30,20,30,20,35,30,35,30,40
28d17h13m-28d18h31m:05,20,05,35
28d18h00m-28d19h25m:08,03,08,23,20,23
28d19h54m-28d20h57m:15,10,30,10,30,18
28d22h02m-29d01h47m:25,45,45,45,45,40
29d00h31m-29d01h12m:25,25,30,25,30,30,35,30
29d01h02m-29d01h55m:60,10,60,25
29d01h49m-29d05h02m:15,40,27,40
29d03h12m-29d04h49m:08,03,08,23,20,23
29d05h58m-29d09h42m:15,03,22,03,22,08,37,08,37,12
29d08h25m-29d10h38m:57,30,57,45
29d09h34m-29d10h20m:15,10,30,10,30,18
29d10h22m-29d10h40m:67,37,67,22
29d10h44m-29d14h38m:25,45,45,45,45,40
29d11h08m-29d13h56m:10,20,40,20,40,35
29d11h56m-29d15h55m:15,03,22,03,22,08,37,08,37,12
29d17h07m-29d17h43m:25,45,45,45,45,40
29d18h38m-29d21h30m:57,30,57,45
29d20h07m-29d22h43m:25,45,45,45,45,40
29d22h46m-30d02h28m:05,20,05,35
30d00h21m-30d03h11m:57,30,57,45
30d03h13m-30d04h04m:10,20,40,20,40,35
30d03h24m-30d04h35m:15,25,15,30,20,30,20,35,30,35,30,40
30d03h27m-30d07h21m:05,20,05,35
30d04h50m-30d06h40m:15,03,22,03,22,08,37,08,37,12
30d05h34m-30d09h30m:08,03,08,23,20,23
30d07h11m-30d08h46m:10,20,40,20,40,35
30d07h13m-30d07h37m:15,25,15,30,20,30,20,35,30,35,30,40
30d08h10m-30d09h17m:42,08,42,15,47,15,47,27,55,27
30d08h16m-30d08h52m:17,15,25,15
30d10h22m-30d12h24m:15,25,15,30,20,30,20,35,30,35,30,40
30d11h39m-30d13h52m:57,30,57,45
30d13h26m-30d15h38m:50,10,55,10,55,25
30d14h39m-30d17h24m:08,03,08,23,20,23
30d14h45m-30d15h38m:25,25,30,25,30,30,35,30
30d16h53m-30d18h24m:15,40,27,40
30d17h21m-30d18h53m:05,20,05,35
30d17h58m-30d20h42m:15,03,22,03,22,08,37,08,37,12
