01d00h38m-01d02h35m:67,37,67,22
01d00h58m-01d02h24m:17,15,25,15
01d02h06m-01d04h30m:08,03,08,23,20,23
01d03h17m-01d03h58m:57,30,57,45
01d04h09m-01d07h19m:17,15,25,15
01d05h54m-01d06h34m:10,20,40,20,40,35
01d06h23m-01d07h50m:05,20,05,35
01d07h01m-01d09h15m:50,10,55,10,55,25
01d09h55m-01d10h55m:15,25,15,30,20,30,20,35,30,35,30,40
01d10h20m-01d12h20m:15,10,30,10,30,18
01d12h29m-01d13h51m:15,25,15,30,20,30,20,35,30,35,30,40
01d13h01m-01d16h42m:57,30,57,45
01d13h03m-01d16h02m:67,37,67,22
01d13h10m-01d13h48m:50,10,55,10,55,25
01d13h51m-01d16h54m:67,37,67,22
01d14h16m-01d15h28m:67,37,67,22
01d15h10m-01d16h03m:08,03,08,23,20,23
01d17h49m-01d21h00m:10,20,40,20,40,35
01d19h48m-01d20h30m:05,20,05,35
01d21h13m-02d00h23m:67,37,67,22
01d22h00m-02d01h45m:15,03,22,03,22,08,37,08,37,12
01d22h52m-02d01h49m:15,03,22,03,22,08,37,08,37,12
01d22h59m-02d01h37m:42,08,42,15,47,15,47,27,55,27
02d02h54m-02d05h24m:10,20,40,20,40,35
02d03h13m-02d05h09m:15,10,30,10,30,18
02d04h13m-02d06h28m:25,25,30,25,30,30,35,30
02d04h24m-02d07h31m:67,37,67,22
02d06h09m-02d08h33m:15,40,27,40
02d06h42m-02d06h59m:15,40,27,40
02d07h16m-02d09h03m:15,40,27,40
02d07h41m-02d09h31m:57,30,57,45
02d07h44m-02d09h54m:67,37,67,22
02d08h09m-02d11h24m:15,03,22,03,22,08,37,08,37,12
02d08h10m-02d09h48m:17,15,25,15
02d13h41m-02d15h09m:15,25,15,30,20,30,20,35,30,35,30,40
02d13h47m-02d16h53m:25,45,45,45,45,40
02d16h35m-02d17h06m:15,03,22,03,22,08,37,08,37,12
02d19h30m-02d19h46m:42,08,42,15,47,15,47,27,55,27
02d19h33m-02d20h18m:25,45,45,45,45,40
02d20h14m-02d22h27m:17,15,25,15
02d21h50m-03d01h49m:05,20,05,35
02d21h57m-02d23h17m:15,10,30,10,30,18
02d22h23m-02d22h56m:05,20,05,35
02d22h35m-03d01h54m:60,10,60,25
03d00h09m-03d03h36m:25,45,45,45,45,40
03d04h25m-03d05h32m:15,40,27,40
03d11h35m-03d13h42m:15,25,15,30,20,30,20,35,30,35,30,40
03d11h46m-03d14h59m:15,25,15,30,20,30,20,35,30,35,30,40
03d16h33m-03d17h15m:57,30,57,45
03d16h50m-03d20h20m:42,08,42,15,47,15,47,27,55,27
03d20h10m-03d20h56m:05,20,05,35
03d20h38m-03d21h22m:10,20,40,20,40,35
03d20h40m-03d23h39m:05,20,05,35
03d22h47m-04d01h16m:60,10,60,25
04d00h03m-04d03h28m:15,03,22,03,22,08,37,08,37,12
04d00h15m-04d02h13m:15,40,27,40
04d01h24m-04d04h11m:05,20,05,35
04d02h02m-04d02h18m:15,03,22,03,22,08,37,08,37,12
04d04h47m-04d07h03m:25,25,30,25,30,30,35,30
04d06h46m-04d07h10m:15,25,15,30,20,30,20,35,30,35,30,40
04d07h24m-04d10h42m:15,40,27,40
04d07h29m-04d09h06m:05,20,05,35
04d07h50m-04d09h29m:60,10,60,25
04d08h00m-04d10h23m:15,25,15,30,20,30,20,35,30,35,30,40
04d08h06m-04d08h34m:10,20,40,20,40,35
04d09h30m-04d10h50m:25,25,30,25,30,30,35,30
04d10h11m-04d12h27m:10,20,40,20,40,35
04d12h30m-04d13h31m:08,03,08,23,20,23
04d12h59m-04d16h19m:17,15,25,15
04d13h25m-04d16h09m:15,10,30,10,30,18
04d14h33m-04d17h44m:50,10,55,10,55,25
04d15h31m-04d17h56m:15,10,30,10,30,18
04d17h03m-04d17h31m:17,15,25,15
04d18h52m-04d21h22m:05,20,05,35
04d19h08m-04d22h04m:17,15,25,15
04d19h29m-04d23h02m:17,15,25,15
04d20h13m-04d22h49m:15,03,22,03,22,08,37,08,37,12
04d20h17m-04d21h58m:25,45,45,45,45,40
04d21h59m-04d23h03m:67,37,67,22
05d02h27m-05d05h11m:15,25,15,30,20,30,20,35,30,35,30,40
05d03h41m-05d05h17m:50,10,55,10,55,25
05d03h51m-05d05h42m:25,25,30,25,30,30,35,30
05d08h54m-05d11h20m:25,25,30,25,30,30,35,30
05d11h06m-05d11h35m:25,25,30,25,30,30,35,30
05d13h37m-05d17h19m:60,10,60,25
05d16h00m-05d16h43m:15,10,30,10,30,18
05d18h52m-05d21h16m:60,10,60,25
05d20h29m-05d23h53m:67,37,67,22
05d22h04m-06d01h31m:60,10,60,25
05d23h21m-05d23h57m:05,20,05,35
06d01h50m-06d05h24m:25,25,30,25,30,30,35,30
06d03h19m-06d04h13m:05,20,05,35
06d03h26m-06d05h29m:42,08,42,15,47,15,47,27,55,27
06d04h13m-06d07h52m:50,10,55,10,55,25
06d04h26m-06d07h40m:17,15,25,15
06d06h24m-06d08h01m:15,40,27,40
06d09h24m-06d12h46m:67,37,67,22
06d10h58m-06d13h12m:15,25,15,30,20,30,20,35,30,35,30,40
06d11h53m-06d14h48m:67,37,67,22
06d12h51m-06d16h29m:25,25,30,25,30,30,35,30
06d15h39m-06d16h04m:42,08,42,15,47,15,47,27,55,27
06d17h33m-06d21h10m:10,20,40,20,40,35
06d18h18m-06d22h16m:15,03,22,03,22,08,37,08,37,12
06d18h22m-06d22h05m:60,10,60,25
06d20h21m-06d21h40m:57,30,57,45
07d00h08m-07d00h51m:42,08,42,15,47,15,47,27,55,27
07d00h21m-07d04h13m:15,25,15,30,20,30,20,35,30,35,30,40
07d01h04m-07d02h24m:57,30,57,45
07d01h34m-07d02h21m:25,25,30,25,30,30,35,30
07d05h12m-07d07h35m:42,08,42,15,47,15,47,27,55,27
07d05h41m-07d07h33m:15,25,15,30,20,30,20,35,30,35,30,40
07d06h03m-07d09h29m:50,10,55,10,55,25
07d10h00m-07d10h17m:67,37,67,22
07d10h25m-07d11h18m:15,10,30,10,30,18
07d10h35m-07d11h24m:50,10,55,10,55,25
07d10h51m-07d11h42m:57,30,57,45
07d11h12m-07d15h12m:67,37,67,22
07d12h59m-07d14h25m:05,20,05,35
07d13h11m-07d16h09m:67,37,67,22
07d15h45m-07d17h38m:60,10,60,25
07d17h13m-07d17h53m:60,10,60,25
07d17h46m-07d18h07m:15,10,30,10,30,18
07d18h01m-07d21h05m:05,20,05,35
07d18h10m-07d21h55m:57,30,57,45
07d18h34m-07d19h17m:25,45,45,45,45,40
07d19h55m-07d21h19m:60,10,60,25
07d23h09m-07d23h41m:50,10,55,10,55,25
08d02h38m-08d05h34m:17,15,25,15
08d04h57m-08d06h59m:15,25,15,30,20,30,20,35,30,35,30,40
08d05h50m-08d08h13m:60,10,60,25
08d07h00m-08d07h51m:05,20,05,35
08d07h59m-08d09h15m:57,30,57,45
08d08h37m-08d11h49m:42,08,42,15,47,15,47,27,55,27
08d09h51m-08d10h15m:15,25,15,30,20,30,20,35,30,35,30,40
08d11h33m-08d13h33m:60,10,60,25
08d11h57m-08d15h39m:15,10,30,10,30,18
08d13h21m-08d15h33m:25,45,45,45,45,40
08d14h14m-08d15h59m:25,25,30,25,30,30,35,30
08d14h31m-08d15h09m:17,15,25,15
08d15h26m-08d16h50m:15,40,27,40
08d18h09m-08d20h51m:25,25,30,25,30,30,35,30
08d18h59m-08d19h54m:60,10,60,25
08d20h54m-09d00h24m:08,03,08,23,20,23
08d23h03m-09d02h31m:08,03,08,23,20,23
09d01h14m-09d01h32m:17,15,25,15
09d04h11m-09d07h50m:15,25,15,30,20,30,20,35,30,35,30,40
09d10h23m-09d11h49m:15,40,27,40
09d10h55m-09d14h31m:15,25,15,30,20,30,20,35,30,35,30,40
09d12h04m-09d15h39m:15,40,27,40
09d13h01m-09d14h49m:15,25,15,30,20,30,20,35,30,35,30,40
09d15h05m-09d19h00m:05,20,05,35
09d16h40m-09d17h08m:05,20,05,35
09d21h27m-09d23h35m:05,20,05,35
09d21h50m-10d01h29m:25,25,30,25,30,30,35,30
09d22h36m-10d01h02m:15,03,22,03,22,08,37,08,37,12
10d01h17m-10d05h03m:67,37,67,22
10d05h47m-10d08h49m:67,37,67,22
10d05h48m-10d07h34m:60,10,60,25
10d05h51m-10d08h12m:15,03,22,03,22,08,37,08,37,12
10d06h41m-10d08h56m:60,10,60,25
10d08h56m-10d10h55m:15,10,30,10,30,18
10d09h38m-10d13h21m:60,10,60,25
10d09h51m-10d11h26m:10,20,40,20,40,35
10d10h53m-10d12h40m:25,45,45,45,45,40
10d11h01m-10d11h55m:08,03,08,23,20,23
10d13h39m-10d14h03m:15,03,22,03,22,08,37,08,37,12
10d14h30m-10d15h47m:15,40,27,40
10d14h51m-10d18h10m:15,10,30,10,30,18
10d15h52m-10d18h38m:67,37,67,22
10d16h53m-10d19h18m:25,45,45,45,45,40
10d16h59m-10d18h07m:15,40,27,40
10d17h30m-10d19h35m:42,08,42,15,47,15,47,27,55,27
10d18h14m-10d18h59m:57,30,57,45
10d22h36m-11d01h00m:15,25,15,30,20,30,20,35,30,35,30,40
10d22h53m-11d00h56m:10,20,40,20,40,35
10d22h59m-11d02h44m:10,20,40,20,40,35
10d23h29m-11d03h15m:67,37,67,22
11d00h00m-11d02h15m:05,20,05,35
11d02h03m-11d03h41m:08,03,08,23,20,23
11d02h59m-11d03h15m:17,15,25,15
11d04h49m-11d08h02m:25,45,45,45,45,40
11d06h12m-11d08h23m:42,08,42,15,47,15,47,27,55,27
11d06h23m-11d08h29m:25,25,30,25,30,30,35,30
11d06h36m-11d07h39m:08,03,08,23,20,23
11d07h39m-11d11h27m:15,40,27,40
11d08h05m-11d09h29m:60,10,60,25
11d08h20m-11d08h36m:05,20,05,35
11d10h25m-11d10h46m:15,10,30,10,30,18
11d10h44m-11d14h11m:25,25,30,25,30,30,35,30
11d11h11m-11d13h26m:42,08,42,15,47,15,47,27,55,27
11d11h19m-11d12h42m:15,40,27,40
11d11h23m-11d13h35m:15,25,15,30,20,30,20,35,30,35,30,40
11d13h14m-11d15h39m:25,45,45,45,45,40
11d13h54m-11d16h15m:08,03,08,23,20,23
11d14h12m-11d15h48m:50,10,55,10,55,25
11d16h15m-11d17h55m:15,40,27,40
11d17h05m-11d18h02m:08,03,08,23,20,23
11d18h12m-11d18h57m:05,20,05,35
11d18h58m-11d19h37m:15,03,22,03,22,08,37,08,37,12
11d22h35m-12d02h04m:67,37,67,22
11d23h48m-12d01h27m:05,20,05,35
12d04h46m-12d05h13m:05,20,05,35
12d05h05m-12d07h45m:15,40,27,40
12d05h19m-12d07h02m:15,25,15,30,20,30,20,35,30,35,30,40
12d06h43m-12d10h08m:15,25,15,30,20,30,20,35,30,35,30,40
12d07h40m-12d08h56m:15,40,27,40
12d09h41m-12d13h25m:15,10,30,10,30,18
12d10h29m-12d12h46m:05,20,05,35
12d12h20m-12d15h39m:15,25,15,30,20,30,20,35,30,35,30,40
12d12h50m-12d15h38m:17,15,25,15
12d13h33m-12d17h19m:10,20,40,20,40,35
12d14h20m-12d16h37m:60,10,60,25
12d14h41m-12d16h28m:60,10,60,25
12d14h49m-12d18h02m:25,45,45,45,45,40
12d15h25m-12d17h19m:42,08,42,15,47,15,47,27,55,27
12d15h49m-12d16h07m:05,20,05,35
12d16h02m-12d18h42m:17,15,25,15
12d20h05m-13d00h01m:60,10,60,25
12d20h25m-12d20h56m:15,40,27,40
12d22h01m-13d01h47m:17,15,25,15
12d22h39m-12d23h27m:15,40,27,40
13d00h01m-13d02h25m:67,37,67,22
13d00h49m-13d01h43m:67,37,67,22
13d01h16m-13d05h11m:67,37,67,22
13d02h14m-13d04h33m:60,10,60,25
13d02h25m-13d05h44m:08,03,08,23,20,23
13d03h12m-13d05h27m:15,03,22,03,22,08,37,08,37,12
13d05h44m-13d06h43m:67,37,67,22
13d06h18m-13d08h58m:15,10,30,10,30,18
13d07h31m-13d10h23m:42,08,42,15,47,15,47,27,55,27
13d10h25m-13d10h57m:15,40,27,40
13d11h08m-13d11h38m:25,25,30,25,30,30,35,30
13d11h38m-13d13h54m:15,40,27,40
13d12h28m-13d14h17m:15,40,27,40
13d12h28m-13d16h01m:15,25,15,30,20,30,20,35,30,35,30,40
13d15h28m-13d18h51m:50,10,55,10,55,25
13d15h53m-13d18h51m:10,20,40,20,40,35
13d16h00m-13d18h23m:57,30,57,45
13d17h01m-13d19h15m:50,10,55,10,55,25
13d18h52m-13d20h08m:50,10,55,10,55,25
13d19h00m-13d20h29m:57,30,57,45
13d19h07m-13d20h54m:25,45,45,45,45,40
13d19h09m-13d21h11m:10,20,40,20,40,35
13d19h27m-13d20h26m:25,25,30,25,30,30,35,30
13d20h14m-13d21h21m:15,03,22,03,22,08,37,08,37,12
13d20h57m-13d22h18m:25,45,45,45,45,40
13d21h29m-14d00h55m:25,45,45,45,45,40
13d21h49m-13d23h38m:10,20,40,20,40,35
13d22h03m-14d01h37m:25,45,45,45,45,40
13d22h40m-14d02h37m:57,30,57,45
14d00h46m-14d02h44m:25,45,45,45,45,40
14d03h23m-14d06h03m:60,10,60,25
14d04h18m-14d08h11m:15,03,22,03,22,08,37,08,37,12
14d05h15m-14d05h30m:17,15,25,15
14d06h03m-14d09h44m:42,08,42,15,47,15,47,27,55,27
14d09h45m-14d12h14m:42,08,42,15,47,15,47,27,55,27
14d10h01m-14d13h40m:42,08,42,15,47,15,47,27,55,27
14d10h03m-14d10h24m:05,20,05,35
14d12h58m-14d15h38m:15,03,22,03,22,08,37,08,37,12
14d13h00m-14d15h53m:10,20,40,20,40,35
14d13h03m-14d16h17m:67,37,67,22
14d18h35m-14d20h01m:15,40,27,40
14d19h15m-14d22h29m:50,10,55,10,55,25
14d21h24m-14d22h10m:42,08,42,15,47,15,47,27,55,27
14d23h29m-15d02h45m:57,30,57,45
14d23h32m-15d02h35m:15,25,15,30,20,30,20,35,30,35,30,40
15d02h29m-15d03h36m:42,08,42,15,47,15,47,27,55,27
15d03h00m-15d03h23m:17,15,25,15
15d03h57m-15d07h47m:15,25,15,30,20,30,20,35,30,35,30,40
15d06h56m-15d08h19m:10,20,40,20,40,35
15d08h13m-15d10h20m:50,10,55,10,55,25
15d08h54m-15d10h24m:25,45,45,45,45,40
15d09h23m-15d12h31m:42,08,42,15,47,15,47,27,55,27
15d11h40m-15d12h04m:57,30,57,45
15d15h56m-15d19h00m:57,30,57,45
15d16h19m-15d17h30m:10,20,40,20,40,35
16d00h13m-16d03h46m:15,25,15,30,20,30,20,35,30,35,30,40
16d00h19m-16d03h55m:10,20,40,20,40,35
16d01h01m-16d01h53m:15,10,30,10,30,18
16d01h03m-16d04h49m:15,25,15,30,20,30,20,35,30,35,30,40
16d02h07m-16d06h03m:25,25,30,25,30,30,35,30
16d04h56m-16d06h22m:15,40,27,40
16d05h26m-16d09h09m:10,20,40,20,40,35
16d05h49m-16d06h35m:15,25,15,30,20,30,20,35,30,35,30,40
16d06h16m-16d09h17m:08,03,08,23,20,23
16d09h17m-16d09h40m:50,10,55,10,55,25
16d09h21m-16d12h13m:57,30,57,45
16d09h37m-16d12h53m:05,20,05,35
16d10h13m-16d12h46m:15,25,15,30,20,30,20,35,30,35,30,40
16d12h15m-16d14h27m:67,37,67,22
16d12h20m-16d13h24m:25,45,45,45,45,40
16d12h51m-16d14h04m:08,03,08,23,20,23
16d13h11m-16d13h51m:15,40,27,40
16d14h00m-16d16h02m:15,10,30,10,30,18
16d16h41m-16d17h51m:67,37,67,22
16d17h50m-16d19h56m:10,20,40,20,40,35
16d18h38m-16d19h59m:15,25,15,30,20,30,20,35,30,35,30,40
16d19h42m-16d23h24m:15,25,15,30,20,30,20,35,30,35,30,40
16d19h57m-16d21h41m:15,10,30,10,30,18
16d20h26m-16d20h42m:25,25,30,25,30,30,35,30
16d20h32m-16d21h52m:15,03,22,03,22,08,37,08,37,12
16d20h49m-16d23h02m:15,40,27,40
16d21h26m-16d22h56m:42,08,42,15,47,15,47,27,55,27
17d01h02m-17d01h39m:60,10,60,25
17d01h12m-17d01h52m:10,20,40,20,40,35
17d01h12m-17d04h38m:15,10,30,10,30,18
17d02h24m-17d05h13m:10,20,40,20,40,35
17d02h32m-17d05h47m:08,03,08,23,20,23
17d02h40m-17d04h40m:60,10,60,25
17d04h16m-17d05h25m:15,25,15,30,20,30,20,35,30,35,30,40
17d05h15m-17d07h14m:15,10,30,10,30,18
17d05h50m-17d09h18m:60,10,60,25
17d06h24m-17d08h52m:67,37,67,22
17d09h33m-17d12h58m:17,15,25,15
17d11h03m-17d13h32m:67,37,67,22
17d13h55m-17d14h19m:60,10,60,25
17d15h04m-17d16h31m:25,25,30,25,30,30,35,30
17d15h10m-17d17h58m:15,40,27,40
17d16h23m-17d17h09m:60,10,60,25
17d16h40m-17d17h44m:15,25,15,30,20,30,20,35,30,35,30,40
17d17h06m-17d17h52m:10,20,40,20,40,35
17d17h39m-17d18h25m:42,08,42,15,47,15,47,27,55,27
17d18h40m-17d21h35m:05,20,05,35
17d20h16m-17d21h43m:57,30,57,45
17d20h33m-17d23h38m:15,25,15,30,20,30,20,35,30,35,30,40
17d21h05m-17d22h18m:25,25,30,25,30,30,35,30
17d21h20m-18d00h58m:05,20,05,35
17d21h36m-17d22h48m:15,40,27,40
18d00h03m-18d02h38m:57,30,57,45
18d01h44m-18d05h06m:25,45,45,45,45,40
18d02h02m-18d05h17m:10,20,40,20,40,35
18d05h04m-18d08h40m:15,03,22,03,22,08,37,08,37,12
18d05h40m-18d07h22m:15,25,15,30,20,30,20,35,30,35,30,40
18d07h23m-18d07h43m:57,30,57,45
18d07h34m-18d08h44m:15,10,30,10,30,18
18d07h47m-18d10h05m:42,08,42,15,47,15,47,27,55,27
18d18h01m-18d20h55m:25,45,45,45,45,40
18d18h42m-18d20h23m:15,25,15,30,20,30,20,35,30,35,30,40
18d18h49m-18d19h30m:25,25,30,25,30,30,35,30
18d19h14m-18d22h57m:05,20,05,35
19d00h39m-19d01h04m:15,10,30,10,30,18
19d01h59m-19d03h06m:25,45,45,45,45,40
19d02h54m-19d05h47m:05,20,05,35
19d03h28m-19d05h27m:15,25,15,30,20,30,20,35,30,35,30,40
19d05h34m-19d07h35m:50,10,55,10,55,25
19d06h05m-19d07h18m:10,20,40,20,40,35
19d08h37m-19d11h50m:15,03,22,03,22,08,37,08,37,12
19d09h56m-19d11h16m:57,30,57,45
19d12h36m-19d13h45m:15,40,27,40
19d13h20m-19d15h08m:17,15,25,15
19d13h39m-19d16h44m:25,45,45,45,45,40
19d16h00m-19d18h46m:15,25,15,30,20,30,20,35,30,35,30,40
19d23h12m-20d00h42m:67,37,67,22
20d00h51m-20d02h14m:15,03,22,03,22,08,37,08,37,12
20d00h51m-20d02h37m:10,20,40,20,40,35
20d02h07m-20d02h28m:60,10,60,25
20d03h37m-20d06h38m:15,03,22,03,22,08,37,08,37,12
20d03h46m-20d07h28m:10,20,40,20,40,35
20d05h03m-20d08h13m:60,10,60,25
20d05h53m-20d08h24m:10,20,40,20,40,35
20d06h26m-20d07h27m:57,30,57,45
20d06h36m-20d10h29m:10,20,40,20,40,35
20d07h32m-20d11h05m:15,25,15,30,20,30,20,35,30,35,30,40
20d07h43m-20d09h25m:25,25,30,25,30,30,35,30
20d08h13m-20d09h26m:25,25,30,25,30,30,35,30
20d08h48m-20d12h01m:67,37,67,22
20d09h24m-20d11h37m:57,30,57,45
20d10h33m-20d13h00m:60,10,60,25
20d11h26m-20d12h37m:60,10,60,25
20d11h37m-20d14h53m:42,08,42,15,47,15,47,27,55,27
20d11h42m-20d15h33m:15,25,15,30,20,30,20,35,30,35,30,40
20d12h09m-20d15h32m:60,10,60,25
20d12h55m-20d16h44m:15,03,22,03,22,08,37,08,37,12
20d13h24m-20d14h13m:15,40,27,40
20d14h16m-20d16h00m:15,10,30,10,30,18
20d16h57m-20d18h48m:25,45,45,45,45,40
20d17h35m-20d18h42m:50,10,55,10,55,25
20d18h17m-20d19h00m:50,10,55,10,55,25
20d19h13m-20d21h27m:17,15,25,15
20d22h04m-20d23h44m:60,10,60,25
20d22h40m-21d01h35m:10,20,40,20,40,35
20d23h00m-21d01h41m:42,08,42,15,47,15,47,27,55,27
20d23h09m-21d00h08m:17,15,25,15
21d01h22m-21d01h59m:10,20,40,20,40,35
21d01h57m-21d02h47m:25,45,45,45,45,40
21d02h32m-21d04h11m:67,37,67,22
21d04h33m-21d07h15m:67,37,67,22
21d04h55m-21d08h17m:10,20,40,20,40,35
21d06h15m-21d07h02m:15,25,15,30,20,30,20,35,30,35,30,40
21d06h42m-21d10h05m:15,25,15,30,20,30,20,35,30,35,30,40
21d08h40m-21d12h08m:15,03,22,03,22,08,37,08,37,12
21d08h49m-21d11h10m:15,03,22,03,22,08,37,08,37,12
21d11h01m-21d12h05m:67,37,67,22
21d11h27m-21d14h37m:25,45,45,45,45,40
21d11h42m-21d12h40m:15,10,30,10,30,18
21d14h47m-21d18h45m:15,10,30,10,30,18
21d15h07m-21d18h46m:60,10,60,25
21d15h17m-21d17h46m:60,10,60,25
21d16h28m-21d19h26m:10,20,40,20,40,35
21d17h54m-21d18h22m:67,37,67,22
21d18h54m-21d20h46m:57,30,57,45
21d20h47m-21d21h12m:08,03,08,23,20,23
21d23h15m-22d02h23m:10,20,40,20,40,35
21d23h33m-22d02h26m:60,10,60,25
22d00h34m-22d04h16m:15,25,15,30,20,30,20,35,30,35,30,40
22d00h36m-22d04h09m:25,25,30,25,30,30,35,30
22d00h54m-22d01h25m:08,03,08,23,20,23
22d02h33m-22d02h55m:50,10,55,10,55,25
22d03h13m-22d03h59m:15,03,22,03,22,08,37,08,37,12
22d06h37m-22d09h39m:50,10,55,10,55,25
22d06h55m-22d09h10m:42,08,42,15,47,15,47,27,55,27
22d07h45m-22d08h55m:17,15,25,15
22d08h28m-22d10h39m:15,40,27,40
22d08h56m-22d11h10m:25,45,45,45,45,40
22d09h20m-22d12h16m:60,10,60,25
22d09h47m-22d13h21m:50,10,55,10,55,25
22d09h51m-22d12h18m:57,30,57,45
22d10h27m-22d11h32m:42,08,42,15,47,15,47,27,55,27
22d10h34m-22d12h21m:67,37,67,22
22d10h34m-22d13h09m:15,40,27,40
22d10h51m-22d11h10m:67,37,67,22
22d12h15m-22d13h19m:15,40,27,40
22d12h22m-22d14h36m:57,30,57,45
22d12h34m-22d14h32m:15,25,15,30,20,30,20,35,30,35,30,40
22d13h23m-22d14h40m:10,20,40,20,40,35
22d14h32m-22d16h53m:50,10,55,10,55,25
22d14h50m-22d15h53m:25,25,30,25,30,30,35,30
22d19h29m-22d20h59m:15,40,27,40
22d19h32m-22d20h28m:25,45,45,45,45,40
22d19h56m-22d21h46m:15,03,22,03,22,08,37,08,37,12
22d20h25m-22d21h32m:10,20,40,20,40,35
22d21h48m-22d23h10m:15,03,22,03,22,08,37,08,37,12
22d23h06m-23d01h22m:05,20,05,35
23d04h53m-23d05h37m:17,15,25,15
23d05h21m-23d06h30m:15,40,27,40
23d06h54m-23d07h21m:15,25,15,30,20,30,20,35,30,35,30,40
23d06h59m-23d09h08m:60,10,60,25
23d09h16m-23d11h03m:10,20,40,20,40,35
23d15h24m-23d19h01m:25,45,45,45,45,40
23d15h40m-23d17h56m:15,10,30,10,30,18
23d17h56m-23d20h06m:10,20,40,20,40,35
23d18h14m-23d19h55m:10,20,40,20,40,35
23d21h35m-23d23h22m:50,10,55,10,55,25
24d00h39m-24d02h49m:25,45,45,45,45,40
24d02h44m-24d03h28m:60,10,60,25
24d02h56m-24d04h32m:42,08,42,15,47,15,47,27,55,27
24d03h25m-24d05h23m:10,20,40,20,40,35
24d03h33m-24d06h27m:60,10,60,25
24d04h14m-24d07h23m:08,03,08,23,20,23
24d07h25m-24d09h52m:60,10,60,25
24d08h54m-24d11h17m:15,10,30,10,30,18
24d11h21m-24d11h41m:15,10,30,10,30,18
24d11h56m-24d13h04m:08,03,08,23,20,23
24d12h11m-24d15h11m:57,30,57,45
24d13h50m-24d14h41m:57,30,57,45
24d14h16m-24d14h55m:10,20,40,20,40,35
24d14h35m-24d15h02m:17,15,25,15
24d15h49m-24d16h55m:10,20,40,20,40,35
24d16h21m-24d17h15m:25,25,30,25,30,30,35,30
24d16h55m-24d20h25m:10,20,40,20,40,35
24d17h10m-24d17h58m:15,10,30,10,30,18
24d17h20m-24d17h39m:17,15,25,15
24d17h42m-24d20h34m:15,10,30,10,30,18
24d17h48m-24d20h01m:15,40,27,40
24d18h23m-24d21h54m:15,03,22,03,22,08,37,08,37,12
24d19h26m-24d22h00m:60,10,60,25
24d20h16m-24d23h40m:15,03,22,03,22,08,37,08,37,12
24d22h13m-24d22h36m:25,45,45,45,45,40
24d22h15m-24d23h15m:42,08,42,15,47,15,47,27,55,27
24d22h23m-24d23h57m:08,03,08,23,20,23
24d23h47m-25d02h59m:50,10,55,10,55,25
25d00h00m-25d02h11m:05,20,05,35
25d00h12m-25d01h30m:42,08,42,15,47,15,47,27,55,27
25d01h12m-25d02h36m:10,20,40,20,40,35
25d02h36m-25d05h18m:25,45,45,45,45,40
25d02h45m-25d03h09m:15,40,27,40
25d03h29m-25d05h13m:42,08,42,15,47,15,47,27,55,27
25d04h49m-25d06h32m:05,20,05,35
25d05h00m-25d07h58m:15,10,30,10,30,18
25d05h03m-25d08h49m:15,25,15,30,20,30,20,35,30,35,30,40
25d06h13m-25d09h33m:15,25,15,30,20,30,20,35,30,35,30,40
25d07h12m-25d07h33m:15,25,15,30,20,30,20,35,30,35,30,40
25d07h14m-25d08h24m:08,03,08,23,20,23
25d09h29m-25d13h00m:08,03,08,23,20,23
25d09h37m-25d10h37m:05,20,05,35
25d10h03m-25d11h20m:10,20,40,20,40,35
25d10h43m-25d13h13m:50,10,55,10,55,25
25d11h10m-25d14h09m:17,15,25,15
25d14h36m-25d17h57m:25,25,30,25,30,30,35,30
25d17h39m-25d19h13m:50,10,55,10,55,25
25d18h43m-25d20h58m:15,03,22,03,22,08,37,08,37,12
25d19h26m-25d19h46m:25,25,30,25,30,30,35,30
25d19h32m-25d21h23m:50,10,55,10,55,25
25d21h47m-26d00h17m:50,10,55,10,55,25
25d22h22m-26d02h15m:15,10,30,10,30,18
26d02h16m-26d05h37m:08,03,08,23,20,23
26d04h41m-26d08h33m:15,25,15,30,20,30,20,35,30,35,30,40
26d04h45m-26d05h59m:10,20,40,20,40,35
26d05h27m-26d08h22m:08,03,08,23,20,23
26d07h52m-26d10h29m:15,40,27,40
26d09h18m-26d11h36m:67,37,67,22
26d10h12m-26d10h56m:15,25,15,30,20,30,20,35,30,35,30,40
26d12h14m-26d16h03m:15,10,30,10,30,18
26d12h34m-26d16h05m:67,37,67,22
26d15h23m-26d17h40m:10,20,40,20,40,35
26d15h27m-26d17h28m:08,03,08,23,20,23
26d17h09m-26d18h40m:05,20,05,35
26d17h48m-26d21h37m:08,03,08,23,20,23
26d20h07m-26d21h39m:25,25,30,25,30,30,35,30
26d20h13m-26d23h19m:15,10,30,10,30,18
27d02h21m-27d05h14m:15,25,15,30,20,30,20,35,30,35,30,40
27d03h19m-27d06h15m:57,30,57,45
27d04h47m-27d05h58m:15,25,15,30,20,30,20,35,30,35,30,40
27d05h11m-27d06h45m:25,45,45,45,45,40
27d06h12m-27d08h24m:17,15,25,15
27d07h00m-27d10h10m:25,45,45,45,45,40
27d07h04m-27d11h04m:25,45,45,45,45,40
27d07h09m-27d10h01m:15,25,15,30,20,30,20,35,30,35,30,40
27d07h24m-27d10h43m:15,40,27,40
27d07h42m-27d10h39m:08,03,08,23,20,23
27d09h26m-27d12h40m:15,10,30,10,30,18
27d09h35m-27d13h30m:15,03,22,03,22,08,37,08,37,12
27d09h36m-27d12h59m:10,20,40,20,40,35
27d10h23m-27d14h00m:25,45,45,45,45,40
27d11h02m-27d14h34m:42,08,42,15,47,15,47,27,55,27
27d12h46m-27d16h45m:15,10,30,10,30,18
27d13h03m-27d15h59m:57,30,57,45
27d13h46m-27d15h47m:67,37,67,22
27d14h47m-27d15h08m:57,30,57,45
27d15h20m-27d16h01m:08,03,08,23,20,23
27d15h59m-27d19h41m:15,03,22,03,22,08,37,08,37,12
27d16h13m-27d16h34m:17,15,25,15
27d17h06m-27d19h17m:60,10,60,25
27d19h24m-27d21h59m:50,10,55,10,55,25
27d19h28m-27d22h39m:42,08,42,15,47,15,47,27,55,27
27d20h59m-27d22h36m:17,15,25,15
27d21h26m-27d21h53m:15,03,22,03,22,08,37,08,37,12
27d23h25m-28d02h19m:15,25,15,30,20,30,20,35,30,35,30,40
27d23h32m-28d03h09m:08,03,08,23,20,23
27d23h36m-27d23h55m:50,10,55,10,55,25
28d02h32m-28d03h09m:17,15,25,15
28d06h43m-28d10h08m:15,40,27,40
28d07h55m-28d09h40m:17,15,25,15
28d10h12m-28d12h59m:67,37,67,22
28d10h30m-28d12h46m:25,25,30,25,30,30,35,30
28d11h17m-28d11h44m:17,15,25,15
28d11h38m-28d12h14m:15,40,27,40
28d12h30m-28d16h22m:15,25,15,30,20,30,20,35,30,35,30,40
28d12h38m-28d14h53m:25,45,45,45,45,40
28d13h00m-28d14h47m:15,10,30,10,30,18
28d16h30m-28d17h55m:25,25,30,25,30,30,35,30
28d18h24m-28d22h20m:10,20,40,20,40,35
28d20h51m-28d22h28m:05,20,05,35
28d21h17m-28d22h04m:25,25,30,25,30,30,35,30
29d01h12m-29d04h27m:25,45,45,45,45,40
29d02h38m-29d04h12m:17,15,25,15
29d04h33m-29d07h28m:50,10,55,10,55,25
29d05h09m-29d06h45m:25,25,30,25,30,30,35,30
29d08h59m-29d10h10m:67,37,67,22
29d11h48m-29d15h04m:15,10,30,10,30,18
29d12h57m-29d16h35m:10,20,40,20,40,35
29d15h20m-29d16h11m:15,03,22,03,22,08,37,08,37,12
29d19h17m-29d21h12m:15,40,27,40
29d20h11m-29d21h39m:08,03,08,23,20,23
29d20h56m-29d23h15m:25,25,30,25,30,30,35,30
29d21h10m-29d21h32m:25,25,30,25,30,30,35,30
29d21h18m-29d22h32m:67,37,67,22
29d21h33m-29d22h50m:25,45,45,45,45,40
29d23h43m-30d03h16m:10,20,40,20,40,35
30d01h04m-30d04h42m:15,03,22,03,22,08,37,08,37,12
30d05h19m-30d08h59m:05,20,05,35
30d06h05m-30d08h54m:08,03,08,23,20,23
30d07h57m-30d08h39m:25,45,45,45,45,40
30d10h58m-30d12h42m:10,20,40,20,40,35
30d11h23m-30d14h01m:25,25,30,25,30,30,35,30
30d11h45m-30d12h19m:05,20,05,35
30d12h21m-30d12h45m:67,37,67,22
30d13h03m-30d14h55m:42,08,42,15,47,15,47,27,55,27
30d15h24m-30d17h11m:25,25,30,25,30,30,35,30
30d15h28m-30d15h45m:50,10,55,10,55,25
30d18h16m-30d20h16m:08,03,08,23,20,23
30d20h09m-30d22h31m:15,40,27,40
30d20h50m-30d22h25m:25,25,30,25,30,30,35,30
30d21h21m-31d00h25m:15,40,27,40
31d00h03m-31d01h49m:08,03,08,23,20,23
31d01h30m-31d03h18m:15,10,30,10,30,18
31d02h41m-31d04h52m:15,10,30,10,30,18
31d02h46m-31d03h55m:15,40,27,40
31d06h41m-31d08h52m:60,10,60,25
31d09h18m-31d12h19m:25,25,30,25,30,30,35,30
31d09h46m-31d11h37m:67,37,67,22
31d10h21m-31d11h50m:15,03,22,03,22,08,37,08,37,12
31d12h09m-31d12h38m:42,08,42,15,47,15,47,27,55,27
31d13h22m-31d13h47m:08,03,08,23,20,23
31d14h50m-31d17h07m:05,20,05,35
31d14h51m-31d16h15m:67,37,67,22
31d21h42m-31d23h53m:25,45,45,45,45,40
31d22h50m-31d23h59m:15,10,30,10,30,18
31d23h30m-31d23h58m:25,45,45,45,45,40
