01d01h08m-01d03h08m:67,37,67,22
01d08h27m-01d10h13m:15,10,30,10,30,18
01d08h49m-01d12h44m:05,20,05,35
01d08h59m-01d09h37m:10,20,40,20,40,35
01d13h43m-01d14h42m:67,37,67,22
01d14h29m-01d17h33m:15,40,27,40
01d15h00m-01d17h08m:08,03,08,23,20,23
01d17h14m-01d20h11m:05,20,05,35
01d19h09m-01d20h32m:17,15,25,15
01d19h35m-01d22h35m:05,20,05,35
01d22h49m-02d00h41m:15,03,22,03,22,08,37,08,37,12
02d00h28m-02d03h37m:25,25,30,25,30,30,35,30
02d01h05m-02d02h32m:08,03,08,23,20,23
02d02h22m-02d04h54m:25,45,45,45,45,40
02d04h45m-02d07h57m:05,20,05,35
02d04h56m-02d08h07m:10,20,40,20,40,35
02d04h57m-02d05h51m:67,37,67,22
02d05h12m-02d07h33m:57,30,57,45
02d05h19m-02d07h22m:50,10,55,10,55,25
02d07h07m-02d09h53m:67,37,67,22
02d07h29m-02d09h02m:25,45,45,45,45,40
02d07h59m-02d10h37m:15,25,15,30,20,30,20,35,30,35,30,40
02d10h34m-02d11h23m:50,10,55,10,55,25
02d12h23m-02d13h45m:15,40,27,40
02d15h08m-02d16h55m:67,37,67,22
02d15h24m-02d16h18m:67,37,67,22
02d16h01m-02d16h39m:60,10,60,25
02d16h16m-02d19h47m:57,30,57,45
02d16h52m-02d17h28m:15,40,27,40
02d17h30m-02d18h14m:05,20,05,35
02d20h20m-02d23h17m:25,45,45,45,45,40
02d21h36m-03d01h24m:50,10,55,10,55,25
03d01h16m-03d02h17m:15,10,30,10,30,18
03d02h48m-03d03h45m:25,25,30,25,30,30,35,30
03d04h27m-03d07h43m:15,25,15,30,20,30,20,35,30,35,30,40
03d04h48m-03d05h33m:15,25,15,30,20,30,20,35,30,35,30,40
03d05h03m-03d07h26m:05,20,05,35
03d05h39m-03d07h03m:08,03,08,23,20,23
03d06h21m-03d09h59m:15,40,27,40
03d09h59m-03d11h12m:15,03,22,03,22,08,37,08,37,12
03d11h32m-03d15h13m:05,20,05,35
03d14h57m-03d15h35m:10,20,40,20,40,35
03d16h39m-03d19h33m:15,03,22,03,22,08,37,08,37,12
03d18h21m-03d20h58m:60,10,60,25
03d21h36m-04d01h33m:50,10,55,10,55,25
03d21h38m-03d23h19m:15,10,30,10,30,18
03d22h00m-03d23h56m:10,20,40,20,40,35
03d23h15m-04d01h39m:15,25,15,30,20,30,20,35,30,35,30,40
04d01h27m-04d03h32m:15,25,15,30,20,30,20,35,30,35,30,40
04d02h46m-04d05h54m:15,40,27,40
04d02h50m-04d03h53m:10,20,40,20,40,35
04d04h31m-04d08h19m:15,40,27,40
04d07h24m-04d09h15m:60,10,60,25
04d08h11m-04d09h20m:17,15,25,15
04d08h13m-04d09h37m:50,10,55,10,55,25
04d09h07m-04d11h45m:15,03,22,03,22,08,37,08,37,12
04d11h10m-04d11h50m:17,15,25,15
04d11h51m-04d15h23m:17,15,25,15
04d12h37m-04d16h14m:17,15,25,15
04d15h11m-04d17h02m:57,30,57,45
04d15h29m-04d16h48m:10,20,40,20,40,35
04d16h17m-04d16h32m:60,10,60,25
04d16h27m-04d17h39m:10,20,40,20,40,35
04d18h49m-04d21h52m:57,30,57,45
04d18h52m-04d21h53m:60,10,60,25
04d19h16m-04d22h30m:57,30,57,45
04d20h18m-04d22h33m:05,20,05,35
04d20h42m-05d00h22m:15,40,27,40
04d21h21m-04d23h08m:17,15,25,15
04d21h21m-04d23h47m:17,15,25,15
04d22h32m-04d22h48m:15,10,30,10,30,18
05d03h35m-05d04h05m:08,03,08,23,20,23
05d04h05m-05d04h56m:57,30,57,45
05d05h00m-05d08h42m:50,10,55,10,55,25
05d05h03m-05d06h38m:25,25,30,25,30,30,35,30
05d07h36m-05d10h51m:15,10,30,10,30,18
05d09h42m-05d10h47m:17,15,25,15
05d10h27m-05d14h05m:05,20,05,35
05d10h46m-05d14h10m:08,03,08,23,20,23
05d10h52m-05d13h11m:67,37,67,22
05d15h06m-05d15h21m:15,25,15,30,20,30,20,35,30,35,30,40
05d15h51m-05d16h09m:10,20,40,20,40,35
05d16h13m-05d18h12m:08,03,08,23,20,23
05d16h58m-05d20h42m:08,03,08,23,20,23
05d20h23m-05d23h37m:60,10,60,25
05d21h08m-06d00h38m:67,37,67,22
05d22h43m-06d01h42m:15,25,15,30,20,30,20,35,30,35,30,40
05d23h47m-06d02h55m:67,37,67,22
06d00h45m-06d03h21m:60,10,60,25
06d02h41m-06d04h02m:67,37,67,22
06d02h42m-06d05h15m:15,40,27,40
06d03h24m-06d06h48m:25,45,45,45,45,40
06d05h06m-06d07h35m:15,25,15,30,20,30,20,35,30,35,30,40
06d06h04m-06d09h56m:17,15,25,15
06d06h24m-06d09h15m:50,10,55,10,55,25
06d07h29m-06d11h26m:10,20,40,20,40,35
06d09h40m-06d13h03m:15,40,27,40
06d10h10m-06d12h33m:15,40,27,40
06d10h49m-06d12h10m:08,03,08,23,20,23
06d11h49m-06d13h15m:08,03,08,23,20,23
06d13h39m-06d15h45m:05,20,05,35
06d15h22m-06d17h43m:42,08,42,15,47,15,47,27,55,27
06d16h32m-06d16h50m:05,20,05,35
06d17h25m-06d18h16m:57,30,57,45
06d18h23m-06d20h34m:25,25,30,25,30,30,35,30
06d18h56m-06d20h15m:50,10,55,10,55,25
06d20h48m-06d22h55m:08,03,08,23,20,23
06d21h58m-07d01h21m:60,10,60,25
06d22h25m-07d00h51m:67,37,67,22
06d22h58m-07d00h33m:25,45,45,45,45,40
06d23h14m-07d01h47m:15,40,27,40
06d23h42m-07d02h39m:25,25,30,25,30,30,35,30
06d23h45m-07d00h13m:25,25,30,25,30,30,35,30
07d00h26m-07d02h46m:25,25,30,25,30,30,35,30
07d01h36m-07d03h39m:05,20,05,35
07d02h16m-07d03h53m:10,20,40,20,40,35
07d02h19m-07d04h36m:08,03,08,23,20,23
07d05h05m-07d05h58m:67,37,67,22
07d05h10m-07d05h57m:08,03,08,23,20,23
07d05h14m-07d07h16m:17,15,25,15
07d07h37m-07d08h21m:10,20,40,20,40,35
07d07h47m-07d09h39m:15,40,27,40
07d07h47m-07d10h25m:15,40,27,40
07d08h26m-07d09h21m:15,10,30,10,30,18
07d08h33m-07d09h11m:08,03,08,23,20,23
07d08h43m-07d12h18m:08,03,08,23,20,23
07d09h24m-07d10h14m:50,10,55,10,55,25
07d10h35m-07d11h16m:15,25,15,30,20,30,20,35,30,35,30,40
07d13h14m-07d16h44m:67,37,67,22
07d13h39m-07d14h36m:15,10,30,10,30,18
07d13h46m-07d16h32m:15,25,15,30,20,30,20,35,30,35,30,40
07d13h51m-07d16h19m:05,20,05,35
07d16h21m-07d19h41m:67,37,67,22
07d17h01m-07d19h04m:15,10,30,10,30,18
07d17h14m-07d21h14m:15,25,15,30,20,30,20,35,30,35,30,40
07d18h15m-07d20h40m:25,25,30,25,30,30,35,30
07d19h21m-07d20h49m:08,03,08,23,20,23
07d20h09m-07d22h08m:15,03,22,03,22,08,37,08,37,12
07d20h56m-07d23h06m:25,45,45,45,45,40
07d21h09m-07d22h20m:08,03,08,23,20,23
07d22h58m-07d23h20m:67,37,67,22
07d23h19m-08d02h01m:42,08,42,15,47,15,47,27,55,27
08d00h25m-08d02h06m:08,03,08,23,20,23
08d04h11m-08d05h04m:50,10,55,10,55,25
08d04h20m-08d06h08m:60,10,60,25
08d04h48m-08d08h25m:15,40,27,40
08d05h07m-08d07h05m:10,20,40,20,40,35
08d10h18m-08d11h16m:67,37,67,22
08d14h15m-08d16h40m:57,30,57,45
08d14h25m-08d17h38m:25,25,30,25,30,30,35,30
08d16h16m-08d18h58m:25,25,30,25,30,30,35,30
08d16h38m-08d17h46m:08,03,08,23,20,23
08d19h51m-08d20h51m:67,37,67,22
08d21h37m-08d22h29m:57,30,57,45
08d23h21m-09d00h07m:42,08,42,15,47,15,47,27,55,27
09d01h06m-09d01h28m:08,03,08,23,20,23
09d02h54m-09d04h23m:42,08,42,15,47,15,47,27,55,27
09d03h20m-09d06h41m:50,10,55,10,55,25
09d05h29m-09d07h39m:57,30,57,45
09d05h41m-09d09h22m:67,37,67,22
09d06h16m-09d07h25m:15,40,27,40
09d07h13m-09d09h50m:25,45,45,45,45,40
09d09h03m-09d09h42m:10,20,40,20,40,35
09d09h45m-09d11h45m:05,20,05,35
09d09h53m-09d11h31m:57,30,57,45
09d11h43m-09d15h17m:57,30,57,45
09d13h25m-09d13h46m:08,03,08,23,20,23
09d14h19m-09d16h59m:57,30,57,45
09d14h49m-09d18h04m:05,20,05,35
09d17h07m-09d18h38m:15,40,27,40
09d18h19m-09d22h04m:42,08,42,15,47,15,47,27,55,27
09d18h45m-09d21h13m:15,40,27,40
09d21h03m-09d22h12m:15,40,27,40
09d21h27m-10d00h50m:05,20,05,35
09d22h13m-09d23h19m:67,37,67,22
09d22h14m-10d01h52m:17,15,25,15
10d00h21m-10d02h17m:15,10,30,10,30,18
10d00h25m-10d03h58m:10,20,40,20,40,35
10d00h33m-10d04h07m:15,10,30,10,30,18
10d01h19m-10d04h36m:08,03,08,23,20,23
10d04h17m-10d05h36m:15,40,27,40
10d05h12m-10d05h35m:42,08,42,15,47,15,47,27,55,27
10d05h23m-10d06h15m:25,25,30,25,30,30,35,30
10d06h54m-10d10h12m:57,30,57,45
10d08h44m-10d11h05m:05,20,05,35
10d09h27m-10d12h34m:15,25,15,30,20,30,20,35,30,35,30,40
10d10h19m-10d14h13m:42,08,42,15,47,15,47,27,55,27
10d11h31m-10d14h45m:05,20,05,35
10d13h19m-10d14h44m:57,30,57,45
10d13h20m-10d15h29m:42,08,42,15,47,15,47,27,55,27
10d15h40m-10d18h46m:17,15,25,15
10d15h58m-10d18h47m:05,20,05,35
10d16h06m-10d17h39m:60,10,60,25
10d16h30m-10d17h33m:25,45,45,45,45,40
10d16h57m-10d19h29m:17,15,25,15
10d17h36m-10d19h54m:42,08,42,15,47,15,47,27,55,27
10d21h19m-10d22h48m:15,03,22,03,22,08,37,08,37,12
10d22h17m-10d23h33m:67,37,67,22
10d23h26m-11d00h13m:08,03,08,23,20,23
11d00h13m-11d00h59m:15,40,27,40
11d00h40m-11d03h38m:60,10,60,25
11d01h10m-11d01h59m:05,20,05,35
11d01h42m-11d05h04m:05,20,05,35
11d02h28m-11d06h04m:60,10,60,25
11d03h11m-11d04h40m:25,45,45,45,45,40
11d03h37m-11d04h59m:25,25,30,25,30,30,35,30
11d06h34m-11d07h56m:42,08,42,15,47,15,47,27,55,27
11d07h15m-11d08h26m:15,10,30,10,30,18
11d08h01m-11d10h28m:15,03,22,03,22,08,37,08,37,12
11d10h57m-11d12h01m:05,20,05,35
11d11h34m-11d13h27m:25,25,30,25,30,30,35,30
11d12h57m-11d15h08m:25,25,30,25,30,30,35,30
11d13h40m-11d16h11m:10,20,40,20,40,35
11d15h14m-11d17h22m:60,10,60,25
11d17h36m-11d21h33m:25,45,45,45,45,40
11d18h39m-11d20h48m:08,03,08,23,20,23
11d19h51m-11d21h35m:15,40,27,40
11d20h05m-11d23h44m:57,30,57,45
11d20h39m-12d00h06m:25,45,45,45,45,40
11d21h01m-11d21h50m:15,10,30,10,30,18
11d22h00m-11d22h57m:15,25,15,30,20,30,20,35,30,35,30,40
11d22h26m-12d01h36m:25,25,30,25,30,30,35,30
11d23h20m-12d01h40m:15,10,30,10,30,18
11d23h29m-12d01h28m:08,03,08,23,20,23
11d23h33m-12d02h41m:15,40,27,40
11d23h40m-12d00h24m:15,40,27,40
12d01h12m-12d03h40m:05,20,05,35
12d04h42m-12d05h39m:05,20,05,35
12d07h13m-12d10h56m:08,03,08,23,20,23
12d08h34m-12d11h57m:42,08,42,15,47,15,47,27,55,27
12d10h05m-12d13h54m:05,20,05,35
12d12h38m-12d15h41m:42,08,42,15,47,15,47,27,55,27
12d12h41m-12d16h09m:17,15,25,15
12d16h02m-12d19h47m:17,15,25,15
12d18h55m-12d21h19m:10,20,40,20,40,35
12d20h55m-12d22h29m:25,25,30,25,30,30,35,30
12d21h16m-12d23h37m:15,03,22,03,22,08,37,08,37,12
13d01h27m-13d04h32m:25,25,30,25,30,30,35,30
13d01h45m-13d02h59m:67,37,67,22
13d03h15m-13d06h07m:10,20,40,20,40,35
13d04h21m-13d05h32m:08,03,08,23,20,23
13d07h23m-13d07h38m:57,30,57,45
13d08h14m-13d10h48m:25,45,45,45,45,40
13d09h12m-13d13h00m:05,20,05,35
13d09h22m-13d12h03m:25,25,30,25,30,30,35,30
13d09h37m-13d13h03m:42,08,42,15,47,15,47,27,55,27
13d09h48m-13d11h10m:57,30,57,45
13d10h16m-13d13h13m:50,10,55,10,55,25
13d11h40m-13d14h29m:15,03,22,03,22,08,37,08,37,12
13d12h13m-13d14h24m:10,20,40,20,40,35
13d13h07m-13d14h32m:25,25,30,25,30,30,35,30
13d13h50m-13d17h34m:15,25,15,30,20,30,20,35,30,35,30,40
13d14h05m-13d15h16m:25,25,30,25,30,30,35,30
13d15h57m-13d18h00m:08,03,08,23,20,23
13d16h42m-13d18h58m:15,25,15,30,20,30,20,35,30,35,30,40
13d16h50m-13d18h02m:50,10,55,10,55,25
13d17h35m-13d20h10m:67,37,67,22
13d17h36m-13d18h52m:05,20,05,35
13d19h40m-13d20h07m:42,08,42,15,47,15,47,27,55,27
13d21h36m-13d23h17m:50,10,55,10,55,25
13d21h58m-14d00h05m:50,10,55,10,55,25
13d22h01m-14d00h02m:05,20,05,35
13d22h05m-14d02h05m:50,10,55,10,55,25
14d01h04m-14d02h35m:25,45,45,45,45,40
14d02h31m-14d04h53m:67,37,67,22
14d02h50m-14d03h11m:15,03,22,03,22,08,37,08,37,12
14d03h32m-14d04h49m:25,25,30,25,30,30,35,30
14d04h21m-14d06h00m:05,20,05,35
14d05h17m-14d07h20m:67,37,67,22
14d06h11m-14d06h34m:10,20,40,20,40,35
14d07h22m-14d07h46m:42,08,42,15,47,15,47,27,55,27
14d08h19m-14d08h40m:67,37,67,22
14d08h38m-14d10h20m:10,20,40,20,40,35
14d09h53m-14d10h28m:15,03,22,03,22,08,37,08,37,12
14d10h48m-14d11h57m:05,20,05,35
14d13h21m-14d14h47m:25,25,30,25,30,30,35,30
14d14h14m-14d15h13m:25,45,45,45,45,40
14d17h38m-14d20h33m:08,03,08,23,20,23
14d19h29m-14d22h26m:08,03,08,23,20,23
14d20h17m-14d20h45m:25,25,30,25,30,30,35,30
14d21h47m-14d23h09m:60,10,60,25
14d21h59m-14d22h24m:25,25,30,25,30,30,35,30
14d22h42m-15d02h15m:67,37,67,22
14d23h14m-15d01h44m:17,15,25,15
14d23h44m-15d00h02m:15,03,22,03,22,08,37,08,37,12
15d00h55m-15d01h24m:17,15,25,15
15d03h18m-15d05h53m:15,10,30,10,30,18
15d05h17m-15d08h10m:05,20,05,35
15d05h24m-15d06h55m:25,25,30,25,30,30,35,30
15d06h50m-15d08h09m:10,20,40,20,40,35
15d07h38m-15d07h56m:15,03,22,03,22,08,37,08,37,12
15d09h26m-15d10h41m:08,03,08,23,20,23
15d09h31m-15d11h43m:50,10,55,10,55,25
15d10h21m-15d13h11m:05,20,05,35
15d15h41m-15d16h32m:42,08,42,15,47,15,47,27,55,27
15d15h56m-15d19h15m:05,20,05,35
15d16h17m-15d16h36m:25,45,45,45,45,40
15d17h31m-15d20h18m:15,10,30,10,30,18
15d22h40m-16d02h20m:25,45,45,45,45,40
15d23h12m-16d00h32m:08,03,08,23,20,23
16d00h21m-16d01h58m:50,10,55,10,55,25
16d06h07m-16d07h33m:57,30,57,45
16d06h23m-16d10h16m:25,45,45,45,45,40
16d07h30m-16d08h45m:57,30,57,45
16d09h35m-16d11h10m:15,25,15,30,20,30,20,35,30,35,30,40
16d10h05m-16d10h27m:10,20,40,20,40,35
16d10h06m-16d13h24m:57,30,57,45
16d12h36m-16d13h53m:25,25,30,25,30,30,35,30
16d14h26m-16d18h01m:17,15,25,15
16d14h56m-16d16h33m:10,20,40,20,40,35
16d18h22m-16d20h19m:25,45,45,45,45,40
16d20h01m-16d23h13m:15,40,27,40
16d21h32m-17d00h15m:57,30,57,45
16d23h15m-17d03h11m:42,08,42,15,47,15,47,27,55,27
17d00h15m-17d02h09m:05,20,05,35
17d01h36m-17d05h36m:08,03,08,23,20,23
17d01h59m-17d03h50m:05,20,05,35
17d02h56m-17d06h26m:50,10,55,10,55,25
17d03h00m-17d04h40m:57,30,57,45
17d03h59m-17d07h43m:05,20,05,35
17d05h47m-17d06h20m:60,10,60,25
17d05h48m-17d08h57m:10,20,40,20,40,35
17d08h37m-17d12h32m:17,15,25,15
17d09h06m-17d09h25m:10,20,40,20,40,35
17d09h59m-17d10h46m:15,40,27,40
17d10h10m-17d13h28m:15,03,22,03,22,08,37,08,37,12
17d10h19m-17d13h48m:57,30,57,45
17d11h45m-17d13h43m:17,15,25,15
17d11h49m-17d14h43m:08,03,08,23,20,23
17d12h18m-17d14h04m:50,10,55,10,55,25
17d12h24m-17d13h53m:08,03,08,23,20,23
17d14h33m-17d16h56m:15,25,15,30,20,30,20,35,30,35,30,40
17d15h25m-17d18h16m:15,03,22,03,22,08,37,08,37,12
17d15h37m-17d17h42m:42,08,42,15,47,15,47,27,55,27
17d16h27m-17d17h17m:60,10,60,25
17d17h50m-17d19h00m:15,03,22,03,22,08,37,08,37,12
17d18h20m-17d18h39m:05,20,05,35
17d21h32m-18d00h44m:67,37,67,22
17d21h33m-17d22h27m:05,20,05,35
17d23h26m-18d02h33m:15,40,27,40
17d23h28m-18d02h56m:10,20,40,20,40,35
17d23h32m-18d01h28m:15,25,15,30,20,30,20,35,30,35,30,40
18d03h13m-18d04h37m:15,10,30,10,30,18
18d04h18m-18d06h44m:25,45,45,45,45,40
18d04h58m-18d07h02m:17,15,25,15
18d05h26m-18d05h41m:60,10,60,25
18d05h39m-18d06h50m:15,40,27,40
18d05h48m-18d07h12m:25,45,45,45,45,40
18d06h01m-18d09h35m:60,10,60,25
18d09h23m-18d13h05m:25,45,45,45,45,40
18d11h23m-18d13h06m:17,15,25,15
18d12h46m-18d13h07m:15,03,22,03,22,08,37,08,37,12
18d12h59m-18d13h56m:05,20,05,35
18d14h47m-18d16h34m:15,10,30,10,30,18
18d15h07m-18d17h48m:15,40,27,40
18d16h28m-18d18h02m:60,10,60,25
18d16h51m-18d20h19m:25,25,30,25,30,30,35,30
18d17h04m-18d19h55m:10,20,40,20,40,35
18d18h09m-18d18h54m:60,10,60,25
18d18h29m-18d20h52m:10,20,40,20,40,35
18d18h46m-18d19h38m:15,25,15,30,20,30,20,35,30,35,30,40
18d19h58m-18d21h47m:15,40,27,40
18d19h59m-18d21h04m:42,08,42,15,47,15,47,27,55,27
18d20h13m-18d22h55m:25,25,30,25,30,30,35,30
18d20h15m-18d20h47m:25,45,45,45,45,40
18d22h17m-18d22h36m:25,25,30,25,30,30,35,30
18d23h51m-19d02h55m:25,25,30,25,30,30,35,30
19d00h20m-19d04h17m:57,30,57,45
19d00h35m-19d02h53m:15,10,30,10,30,18
19d01h07m-19d03h03m:42,08,42,15,47,15,47,27,55,27
19d01h41m-19d03h32m:15,10,30,10,30,18
19d02h45m-19d05h07m:42,08,42,15,47,15,47,27,55,27
19d02h47m-19d06h23m:10,20,40,20,40,35
19d03h00m-19d05h16m:15,40,27,40
19d04h06m-19d05h26m:50,10,55,10,55,25
19d04h42m-19d06h25m:60,10,60,25
19d06h15m-19d08h52m:25,45,45,45,45,40
19d07h18m-19d10h27m:50,10,55,10,55,25
19d07h22m-19d07h48m:17,15,25,15
19d07h54m-19d08h30m:50,10,55,10,55,25
19d07h58m-19d10h45m:10,20,40,20,40,35
19d09h27m-19d13h16m:05,20,05,35
19d09h31m-19d13h16m:08,03,08,23,20,23
19d12h48m-19d16h25m:57,30,57,45
19d13h00m-19d14h25m:15,25,15,30,20,30,20,35,30,35,30,40
19d13h39m-19d16h08m:57,30,57,45
19d14h37m-19d15h06m:25,25,30,25,30,30,35,30
19d15h32m-19d17h21m:05,20,05,35
19d16h46m-19d17h04m:15,25,15,30,20,30,20,35,30,35,30,40
19d20h28m-19d22h48m:15,03,22,03,22,08,37,08,37,12
19d20h35m-19d21h22m:60,10,60,25
19d22h32m-20d01h13m:15,25,15,30,20,30,20,35,30,35,30,40
19d22h32m-20d01h57m:25,45,45,45,45,40
19d22h35m-20d02h26m:15,25,15,30,20,30,20,35,30,35,30,40
19d23h44m-20d01h19m:60,10,60,25
20d00h27m-20d01h56m:15,10,30,10,30,18
20d00h45m-20d01h24m:15,03,22,03,22,08,37,08,37,12
20d01h18m-20d04h44m:57,30,57,45
20d01h30m-20d02h59m:25,25,30,25,30,30,35,30
20d03h16m-20d06h27m:15,25,15,30,20,30,20,35,30,35,30,40
20d03h49m-20d07h41m:10,20,40,20,40,35
20d06h41m-20d09h05m:57,30,57,45
20d07h14m-20d09h28m:15,40,27,40
20d08h12m-20d11h56m:05,20,05,35
20d09h04m-20d10h39m:25,25,30,25,30,30,35,30
20d09h24m-20d12h48m:10,20,40,20,40,35
20d10h54m-20d13h47m:42,08,42,15,47,15,47,27,55,27
20d11h04m-20d14h20m:15,03,22,03,22,08,37,08,37,12
20d14h50m-20d17h14m:25,45,45,45,45,40
20d15h24m-20d16h55m:05,20,05,35
20d16h27m-20d18h17m:57,30,57,45
20d17h24m-20d17h51m:25,25,30,25,30,30,35,30
20d17h56m-20d20h00m:15,10,30,10,30,18
20d18h46m-20d22h17m:42,08,42,15,47,15,47,27,55,27
20d23h29m-21d01h00m:17,15,25,15
21d01h25m-21d03h21m:15,10,30,10,30,18
21d01h50m-21d03h54m:57,30,57,45
21d02h25m-21d04h07m:60,10,60,25
21d03h56m-21d04h55m:42,08,42,15,47,15,47,27,55,27
21d04h15m-21d06h55m:25,45,45,45,45,40
21d05h04m-21d07h15m:15,10,30,10,30,18
21d09h28m-21d11h20m:15,40,27,40
21d10h59m-21d11h38m:25,25,30,25,30,30,35,30
21d11h10m-21d13h09m:50,10,55,10,55,25
21d11h30m-21d15h29m:50,10,55,10,55,25
21d13h22m-21d16h18m:10,20,40,20,40,35
21d19h52m-21d23h11m:15,40,27,40
21d20h56m-21d22h58m:50,10,55,10,55,25
21d22h17m-22d00h32m:42,08,42,15,47,15,47,27,55,27
21d22h50m-21d23h06m:10,20,40,20,40,35
21d23h37m-21d23h52m:25,25,30,25,30,30,35,30
22d00h53m-22d03h48m:50,10,55,10,55,25
22d02h53m-22d03h21m:42,08,42,15,47,15,47,27,55,27
22d03h03m-22d05h39m:67,37,67,22
22d03h12m-22d07h09m:10,20,40,20,40,35
22d03h15m-22d03h33m:42,08,42,15,47,15,47,27,55,27
22d03h29m-22d04h50m:17,15,25,15
22d11h42m-22d14h31m:25,45,45,45,45,40
22d13h47m-22d17h15m:25,25,30,25,30,30,35,30
22d14h28m-22d15h47m:57,30,57,45
22d20h01m-22d22h08m:25,45,45,45,45,40
22d20h57m-22d22h53m:15,25,15,30,20,30,20,35,30,35,30,40
22d23h25m-23d00h55m:67,37,67,22
23d00h12m-23d00h35m:25,25,30,25,30,30,35,30
23d00h12m-23d03h04m:25,45,45,45,45,40
23d03h11m-23d05h47m:15,10,30,10,30,18
23d03h27m-23d05h40m:67,37,67,22
23d04h09m-23d05h41m:15,25,15,30,20,30,20,35,30,35,30,40
23d04h10m-23d07h14m:05,20,05,35
23d04h17m-23d06h43m:67,37,67,22
23d04h24m-23d07h16m:15,03,22,03,22,08,37,08,37,12
23d06h12m-23d07h15m:05,20,05,35
23d09h18m-23d13h17m:15,10,30,10,30,18
23d10h45m-23d13h46m:15,03,22,03,22,08,37,08,37,12
23d12h17m-23d14h20m:15,40,27,40
23d13h33m-23d14h31m:57,30,57,45
23d23h43m-24d03h26m:67,37,67,22
24d00h18m-24d01h15m:42,08,42,15,47,15,47,27,55,27
24d00h44m-24d04h32m:10,20,40,20,40,35
24d01h17m-24d04h51m:60,10,60,25
24d02h55m-24d05h38m:17,15,25,15
24d03h18m-24d05h26m:42,08,42,15,47,15,47,27,55,27
24d07h02m-24d10h03m:05,20,05,35
24d07h38m-24d10h36m:57,30,57,45
24d08h35m-24d11h09m:25,45,45,45,45,40
24d08h51m-24d09h42m:42,08,42,15,47,15,47,27,55,27
24d09h00m-24d12h49m:57,30,57,45
24d09h46m-24d11h37m:67,37,67,22
24d10h46m-24d12h56m:50,10,55,10,55,25
24d10h54m-24d11h21m:05,20,05,35
24d12h46m-24d16h05m:15,10,30,10,30,18
24d14h22m-24d17h36m:15,40,27,40
24d14h57m-24d17h15m:15,40,27,40
24d18h16m-24d20h46m:15,25,15,30,20,30,20,35,30,35,30,40
24d20h34m-25d00h17m:15,10,30,10,30,18
24d21h00m-25d00h23m:15,40,27,40
24d21h01m-24d22h51m:67,37,67,22
24d21h25m-25d00h22m:08,03,08,23,20,23
24d23h00m-25d00h28m:67,37,67,22
25d00h15m-25d03h21m:25,45,45,45,45,40
25d01h53m-25d04h38m:50,10,55,10,55,25
25d02h07m-25d03h05m:60,10,60,25
25d02h10m-25d05h43m:67,37,67,22
25d02h34m-25d05h12m:50,10,55,10,55,25
25d02h36m-25d06h19m:15,10,30,10,30,18
25d02h55m-25d06h07m:50,10,55,10,55,25
25d04h47m-25d05h49m:15,10,30,10,30,18
25d07h11m-25d09h30m:15,10,30,10,30,18
25d07h32m-25d09h14m:15,03,22,03,22,08,37,08,37,12
25d07h49m-25d09h04m:08,03,08,23,20,23
25d13h06m-25d14h43m:10,20,40,20,40,35
25d13h13m-25d14h13m:15,10,30,10,30,18
25d13h13m-25d16h37m:17,15,25,15
25d15h04m-25d18h38m:15,10,30,10,30,18
25d15h28m-25d18h41m:15,40,27,40
25d15h52m-25d17h40m:57,30,57,45
25d16h01m-25d16h42m:15,40,27,40
25d19h01m-25d21h30m:15,03,22,03,22,08,37,08,37,12
25d19h08m-25d19h53m:42,08,42,15,47,15,47,27,55,27
25d19h41m-25d22h53m:50,10,55,10,55,25
25d19h46m-25d22h33m:60,10,60,25
25d22h43m-26d00h43m:15,40,27,40
25d22h57m-26d00h55m:10,20,40,20,40,35
25d23h09m-26d02h53m:25,45,45,45,45,40
25d23h22m-26d03h00m:05,20,05,35
25d23h36m-25d23h59m:57,30,57,45
26d00h32m-26d04h27m:60,10,60,25
26d02h39m-26d06h27m:42,08,42,15,47,15,47,27,55,27
26d03h01m-26d06h09m:57,30,57,45
26d07h38m-26d08h47m:57,30,57,45
26d09h04m-26d09h55m:15,10,30,10,30,18
26d09h50m-26d13h39m:15,03,22,03,22,08,37,08,37,12
26d11h14m-26d13h32m:15,25,15,30,20,30,20,35,30,35,30,40
26d11h43m-26d15h14m:57,30,57,45
26d14h37m-26d16h23m:17,15,25,15
26d14h45m-26d16h47m:25,25,30,25,30,30,35,30
26d16h00m-26d18h40m:25,25,30,25,30,30,35,30
26d17h41m-26d21h08m:67,37,67,22
26d18h01m-26d19h25m:15,03,22,03,22,08,37,08,37,12
26d18h50m-26d21h08m:15,10,30,10,30,18
26d19h57m-26d21h08m:67,37,67,22
26d21h07m-26d21h54m:25,45,45,45,45,40
26d21h37m-26d22h46m:08,03,08,23,20,23
27d01h04m-27d02h38m:15,03,22,03,22,08,37,08,37,12
27d02h35m-27d03h04m:05,20,05,35
27d02h35m-27d03h22m:17,15,25,15
27d04h48m-27d05h28m:15,03,22,03,22,08,37,08,37,12
27d04h56m-27d07h11m:15,10,30,10,30,18
27d05h29m-27d06h47m:25,45,45,45,45,40
27d06h21m-27d07h00m:05,20,05,35
27d08h16m-27d09h23m:67,37,67,22
27d08h20m-27d09h49m:15,25,15,30,20,30,20,35,30,35,30,40
27d09h22m-27d10h21m:15,25,15,30,20,30,20,35,30,35,30,40
27d11h06m-27d13h17m:67,37,67,22
27d11h36m-27d13h19m:15,40,27,40
27d12h14m-27d12h30m:42,08,42,15,47,15,47,27,55,27
27d13h27m-27d14h09m:50,10,55,10,55,25
27d16h15m-27d19h17m:42,08,42,15,47,15,47,27,55,27
27d16h44m-27d19h39m:42,08,42,15,47,15,47,27,55,27
27d19h44m-27d23h10m:05,20,05,35
27d20h16m-27d23h05m:15,25,15,30,20,30,20,35,30,35,30,40
27d22h56m-28d02h23m:57,30,57,45
28d00h24m-28d03h38m:08,03,08,23,20,23
28d02h54m-28d06h28m:25,25,30,25,30,30,35,30
28d06h55m-28d08h37m:50,10,55,10,55,25
28d10h11m-28d10h39m:60,10,60,25
28d11h20m-28d12h16m:15,40,27,40
28d12h22m-28d14h12m:05,20,05,35
28d16h03m-28d18h02m:15,40,27,40
28d20h40m-28d22h47m:67,37,67,22
28d21h18m-28d21h57m:67,37,67,22
28d23h30m-29d00h21m:60,10,60,25
28d23h52m-29d03h43m:42,08,42,15,47,15,47,27,55,27
29d08h04m-29d10h45m:15,25,15,30,20,30,20,35,30,35,30,40
29d09h43m-29d11h45m:42,08,42,15,47,15,47,27,55,27
29d09h46m-29d13h40m:17,15,25,15
29d12h45m-29d14h57m:25,45,45,45,45,40
29d15h09m-29d16h28m:67,37,67,22
29d16h12m-29d18h51m:15,10,30,10,30,18
29d17h52m-29d19h47m:08,03,08,23,20,23
29d18h40m-29d19h55m:15,40,27,40
29d19h08m-29d22h48m:08,03,08,23,20,23
29d19h09m-29d20h31m:05,20,05,35
29d22h08m-29d23h26m:42,08,42,15,47,15,47,27,55,27
30d00h25m-30d02h06m:15,40,27,40
30d00h30m-30d02h55m:60,10,60,25
30d01h16m-30d01h57m:05,20,05,35
30d02h28m-30d04h46m:08,03,08,23,20,23
30d05h00m-30d05h39m:08,03,08,23,20,23
30d06h04m-30d07h14m:42,08,42,15,47,15,47,27,55,27
30d10h29m-30d12h51m:08,03,08,23,20,23
30d11h20m-30d15h06m:15,10,30,10,30,18
30d11h26m-30d14h35m:08,03,08,23,20,23
30d16h31m-30d17h22m:15,25,15,30,20,30,20,35,30,35,30,40
30d16h43m-30d18h23m:08,03,08,23,20,23
30d16h56m-30d20h47m:15,10,30,10,30,18
30d16h57m-30d18h40m:57,30,57,45
30d18h54m-30d20h47m:60,10,60,25
30d19h01m-30d21h49m:60,10,60,25
30d19h09m-30d22h38m:25,25,30,25,30,30,35,30
30d20h07m-30d21h49m:25,45,45,45,45,40
30d20h08m-31d00h05m:10,20,40,20,40,35
30d22h32m-31d00h09m:67,37,67,22
30d23h46m-31d01h36m:25,45,45,45,45,40
31d01h25m-31d04h45m:25,25,30,25,30,30,35,30
31d01h46m-31d03h13m:50,10,55,10,55,25
31d03h38m-31d06h21m:25,45,45,45,45,40
31d04h02m-31d06h54m:05,20,05,35
31d04h15m-31d07h27m:08,03,08,23,20,23
31d04h34m-31d05h58m:42,08,42,15,47,15,47,27,55,27
31d06h11m-31d06h39m:10,20,40,20,40,35
31d06h17m-31d09h20m:67,37,67,22
31d07h04m-31d08h28m:08,03,08,23,20,23
31d07h32m-31d09h16m:50,10,55,10,55,25
31d09h39m-31d12h40m:25,45,45,45,45,40
31d09h46m-31d10h22m:25,45,45,45,45,40
31d09h46m-31d11h27m:10,20,40,20,40,35
31d10h22m-31d13h12m:15,40,27,40
31d12h19m-31d14h33m:15,03,22,03,22,08,37,08,37,12
31d13h57m-31d17h11m:57,30,57,45
31d17h22m-31d18h30m:15,03,22,03,22,08,37,08,37,12
31d17h41m-31d20h52m:50,10,55,10,55,25
31d18h05m-31d21h34m:10,20,40,20,40,35
31d19h17m-31d19h34m:15,40,27,40
31d21h13m-31d23h59m:08,03,08,23,20,23
31d21h40m-31d23h59m:42,08,42,15,47,15,47,27,55,27
31d22h30m-31d23h59m:67,37,67,22
31d22h53m-31d23h59m:08,03,08,23,20,23
