01d01h14m-01d02h25m:15,40,27,40
01d02h20m-01d05h16m:10,20,40,20,40,35
01d02h34m-01d04h19m:57,30,57,45
01d03h24m-01d04h46m:17,15,25,15
01d04h33m-01d05h51m:05,20,05,35
01d07h13m-01d10h08m:10,20,40,20,40,35
01d08h30m-01d10h54m:57,30,57,45
01d09h46m-01d11h36m:50,10,55,10,55,25
01d10h10m-01d12h13m:08,03,08,23,20,23
01d11h57m-01d13h53m:15,40,27,40
01d12h04m-01d14h08m:10,20,40,20,40,35
01d12h32m-01d14h15m:05,20,05,35
01d12h47m-01d15h15m:10,20,40,20,40,35
01d16h41m-01d17h58m:08,03,08,23,20,23
01d17h16m-01d19h57m:15,25,15,30,20,30,20,35,30,35,30,40
01d17h24m-01d17h40m:17,15,25,15
01d17h28m-01d19h34m:05,20,05,35
01d18h10m-01d20h10m:57,30,57,45
01d19h13m-01d20h18m:08,03,08,23,20,23
01d21h30m-01d22h58m:25,25,30,25,30,30,35,30
01d23h13m-02d02h10m:42,08,42,15,47,15,47,27,55,27
01d23h42m-02d01h33m:42,08,42,15,47,15,47,27,55,27
02d00h12m-02d03h42m:60,10,60,25
02d00h24m-02d01h02m:10,20,40,20,40,35
02d03h06m-02d06h11m:15,40,27,40
02d03h10m-02d05h46m:67,37,67,22
02d03h14m-02d03h37m:05,20,05,35
02d03h28m-02d07h14m:15,10,30,10,30,18
02d03h49m-02d07h39m:10,20,40,20,40,35
02d04h12m-02d05h15m:60,10,60,25
02d05h16m-02d07h04m:50,10,55,10,55,25
02d06h11m-02d08h43m:42,08,42,15,47,15,47,27,55,27
02d06h57m-02d09h16m:15,10,30,10,30,18
02d08h32m-02d10h56m:10,20,40,20,40,35
02d10h24m-02d12h29m:25,45,45,45,45,40
02d10h58m-02d14h05m:10,20,40,20,40,35
02d11h16m-02d13h10m:15,40,27,40
02d11h28m-02d15h22m:17,15,25,15
02d11h59m-02d15h23m:15,10,30,10,30,18
02d14h45m-02d17h29m:05,20,05,35
02d15h30m-02d17h27m:17,15,25,15
02d16h04m-02d19h16m:42,08,42,15,47,15,47,27,55,27
02d17h04m-02d17h45m:25,25,30,25,30,30,35,30
02d17h38m-02d19h03m:50,10,55,10,55,25
02d18h41m-02d22h07m:15,25,15,30,20,30,20,35,30,35,30,40
02d18h47m-02d19h30m:15,40,27,40
02d19h25m-02d20h13m:15,10,30,10,30,18
02d21h05m-02d21h41m:50,10,55,10,55,25
02d22h13m-02d23h12m:17,15,25,15
02d22h31m-03d01h53m:67,37,67,22
02d23h44m-03d02h35m:42,08,42,15,47,15,47,27,55,27
03d04h27m-03d05h47m:25,45,45,45,45,40
03d06h15m-03d09h20m:08,03,08,23,20,23
03d06h46m-03d08h45m:10,20,40,20,40,35
03d06h54m-03d10h33m:15,03,22,03,22,08,37,08,37,12
03d07h41m-03d08h54m:60,10,60,25
03d07h56m-03d10h49m:15,03,22,03,22,08,37,08,37,12
03d08h25m-03d12h21m:67,37,67,22
03d08h49m-03d12h14m:05,20,05,35
03d09h01m-03d09h17m:08,03,08,23,20,23
03d09h02m-03d12h12m:08,03,08,23,20,23
03d09h13m-03d12h20m:08,03,08,23,20,23
03d10h06m-03d12h52m:50,10,55,10,55,25
03d10h40m-03d12h27m:05,20,05,35
03d12h00m-03d12h38m:42,08,42,15,47,15,47,27,55,27
03d12h44m-03d13h58m:25,25,30,25,30,30,35,30
03d15h12m-03d17h42m:15,25,15,30,20,30,20,35,30,35,30,40
03d16h21m-03d16h45m:25,25,30,25,30,30,35,30
03d16h55m-03d20h52m:15,03,22,03,22,08,37,08,37,12
03d16h57m-03d17h16m:10,20,40,20,40,35
03d17h31m-03d19h03m:08,03,08,23,20,23
03d17h54m-03d20h32m:15,03,22,03,22,08,37,08,37,12
03d18h46m-03d20h55m:15,10,30,10,30,18
03d19h01m-03d21h35m:08,03,08,23,20,23
03d20h32m-03d21h09m:05,20,05,35
03d21h35m-04d01h05m:15,40,27,40
03d23h03m-04d02h27m:15,03,22,03,22,08,37,08,37,12
04d02h01m-04d04h14m:57,30,57,45
04d02h08m-04d05h21m:57,30,57,45
04d02h47m-04d05h59m:60,10,60,25
04d03h43m-04d05h38m:17,15,25,15
04d06h10m-04d08h44m:67,37,67,22
04d07h27m-04d09h11m:15,40,27,40
04d07h59m-04d11h20m:50,10,55,10,55,25
04d08h13m-04d08h48m:15,03,22,03,22,08,37,08,37,12
04d08h37m-04d10h38m:10,20,40,20,40,35
04d09h34m-04d11h20m:08,03,08,23,20,23
04d10h07m-04d13h57m:60,10,60,25
04d11h19m-04d14h42m:42,08,42,15,47,15,47,27,55,27
04d11h35m-04d13h34m:05,20,05,35
04d11h41m-04d13h17m:10,20,40,20,40,35
04d12h05m-04d12h24m:15,40,27,40
04d12h23m-04d13h16m:10,20,40,20,40,35
04d13h03m-04d14h56m:15,40,27,40
04d16h14m-04d16h58m:42,08,42,15,47,15,47,27,55,27
04d19h33m-04d21h20m:67,37,67,22
04d19h37m-04d21h56m:15,25,15,30,20,30,20,35,30,35,30,40
04d20h42m-04d21h44m:60,10,60,25
04d22h41m-05d01h40m:67,37,67,22
04d23h53m-05d00h46m:15,40,27,40
05d03h44m-05d04h58m:25,45,45,45,45,40
05d03h44m-05d05h00m:05,20,05,35
05d06h20m-05d09h30m:10,20,40,20,40,35
05d09h43m-05d13h17m:50,10,55,10,55,25
05d11h07m-05d11h30m:15,10,30,10,30,18
05d11h29m-05d14h55m:50,10,55,10,55,25
05d12h01m-05d15h14m:15,25,15,30,20,30,20,35,30,35,30,40
05d12h11m-05d14h27m:17,15,25,15
05d12h25m-05d13h03m:05,20,05,35
05d13h16m-05d15h54m:15,25,15,30,20,30,20,35,30,35,30,40
05d14h44m-05d17h50m:08,03,08,23,20,23
05d16h29m-05d19h08m:25,25,30,25,30,30,35,30
05d16h39m-05d19h56m:17,15,25,15
05d17h12m-05d18h08m:42,08,42,15,47,15,47,27,55,27
05d17h32m-05d20h58m:57,30,57,45
05d18h06m-05d20h09m:10,20,40,20,40,35
05d18h26m-05d19h40m:25,45,45,45,45,40
05d19h00m-05d20h29m:67,37,67,22
05d19h33m-05d23h20m:60,10,60,25
05d19h42m-05d23h15m:15,25,15,30,20,30,20,35,30,35,30,40
05d23h39m-06d02h51m:10,20,40,20,40,35
06d00h57m-06d04h04m:57,30,57,45
06d03h48m-06d05h34m:15,03,22,03,22,08,37,08,37,12
06d04h48m-06d07h36m:15,03,22,03,22,08,37,08,37,12
06d05h16m-06d07h21m:25,45,45,45,45,40
06d05h29m-06d06h28m:57,30,57,45
06d06h02m-06d09h07m:42,08,42,15,47,15,47,27,55,27
06d07h17m-06d09h01m:25,25,30,25,30,30,35,30
06d07h34m-06d11h17m:10,20,40,20,40,35
06d08h23m-06d11h53m:50,10,55,10,55,25
06d10h17m-06d14h01m:05,20,05,35
06d14h44m-06d16h46m:15,10,30,10,30,18
06d17h18m-06d19h21m:25,25,30,25,30,30,35,30
06d17h25m-06d20h43m:15,03,22,03,22,08,37,08,37,12
06d17h51m-06d20h17m:15,03,22,03,22,08,37,08,37,12
06d18h40m-06d21h21m:17,15,25,15
06d22h01m-07d00h42m:10,20,40,20,40,35
06d23h32m-07d00h21m:17,15,25,15
07d00h09m-07d03h42m:25,25,30,25,30,30,35,30
07d02h18m-07d02h50m:08,03,08,23,20,23
07d02h53m-07d03h53m:15,25,15,30,20,30,20,35,30,35,30,40
07d04h33m-07d05h28m:15,25,15,30,20,30,20,35,30,35,30,40
07d05h37m-07d06h41m:50,10,55,10,55,25
07d07h51m-07d10h57m:57,30,57,45
07d08h59m-07d10h12m:10,20,40,20,40,35
07d12h05m-07d12h48m:50,10,55,10,55,25
07d14h10m-07d17h30m:60,10,60,25
07d15h33m-07d18h04m:17,15,25,15
07d16h50m-07d17h25m:15,25,15,30,20,30,20,35,30,35,30,40
07d22h00m-07d22h16m:17,15,25,15
07d23h18m-07d23h41m:15,03,22,03,22,08,37,08,37,12
08d00h42m-08d03h52m:15,25,15,30,20,30,20,35,30,35,30,40
08d02h36m-08d05h40m:25,25,30,25,30,30,35,30
08d03h24m-08d06h07m:17,15,25,15
08d04h29m-08d05h22m:60,10,60,25
08d04h46m-08d05h39m:50,10,55,10,55,25
08d11h52m-08d15h19m:10,20,40,20,40,35
08d12h01m-08d13h05m:17,15,25,15
08d12h04m-08d13h54m:57,30,57,45
08d16h04m-08d19h11m:05,20,05,35
08d16h58m-08d19h26m:67,37,67,22
08d17h23m-08d19h14m:42,08,42,15,47,15,47,27,55,27
08d18h20m-08d21h10m:10,20,40,20,40,35
08d18h23m-08d20h00m:25,25,30,25,30,30,35,30
08d19h28m-08d22h57m:67,37,67,22
08d20h17m-08d23h34m:15,40,27,40
08d21h40m-08d21h55m:57,30,57,45
08d22h02m-09d02h01m:67,37,67,22
08d23h56m-09d02h24m:05,20,05,35
09d00h55m-09d01h48m:10,20,40,20,40,35
09d01h15m-09d03h25m:67,37,67,22
09d01h21m-09d04h32m:67,37,67,22
09d03h44m-09d07h21m:17,15,25,15
09d05h27m-09d08h41m:57,30,57,45
09d06h43m-09d08h23m:15,10,30,10,30,18
09d07h11m-09d07h35m:15,25,15,30,20,30,20,35,30,35,30,40
09d07h18m-09d09h03m:25,25,30,25,30,30,35,30
09d07h29m-09d10h49m:25,25,30,25,30,30,35,30
09d07h57m-09d11h23m:05,20,05,35
09d10h23m-09d13h41m:15,25,15,30,20,30,20,35,30,35,30,40
09d10h55m-09d11h59m:15,10,30,10,30,18
09d11h47m-09d12h06m:08,03,08,23,20,23
09d14h02m-09d16h48m:15,25,15,30,20,30,20,35,30,35,30,40
09d15h05m-09d16h44m:10,20,40,20,40,35
09d15h34m-09d18h03m:67,37,67,22
09d17h15m-09d20h19m:15,10,30,10,30,18
09d18h38m-09d18h59m:15,03,22,03,22,08,37,08,37,12
09d19h46m-09d22h56m:42,08,42,15,47,15,47,27,55,27
09d21h46m-09d22h48m:08,03,08,23,20,23
09d21h51m-09d23h08m:10,20,40,20,40,35
09d23h02m-10d01h47m:15,40,27,40
10d00h21m-10d01h05m:10,20,40,20,40,35
10d00h41m-10d04h33m:10,20,40,20,40,35
10d03h59m-10d04h53m:08,03,08,23,20,23
10d04h17m-10d05h09m:42,08,42,15,47,15,47,27,55,27
10d04h28m-10d08h15m:15,25,15,30,20,30,20,35,30,35,30,40
10d04h49m-10d06h11m:60,10,60,25
10d05h12m-10d07h11m:05,20,05,35
10d05h20m-10d08h24m:15,10,30,10,30,18
10d06h58m-10d10h55m:50,10,55,10,55,25
10d07h10m-10d09h49m:57,30,57,45
10d08h31m-10d10h39m:25,25,30,25,30,30,35,30
10d10h12m-10d11h39m:15,40,27,40
10d10h30m-10d11h03m:17,15,25,15
10d13h03m-10d16h45m:17,15,25,15
10d13h18m-10d15h25m:15,10,30,10,30,18
10d13h29m-10d17h01m:60,10,60,25
10d13h36m-10d17h21m:67,37,67,22
10d14h00m-10d16h41m:67,37,67,22
10d17h38m-10d20h09m:15,10,30,10,30,18
10d18h01m-10d19h44m:60,10,60,25
10d18h41m-10d22h06m:08,03,08,23,20,23
10d18h58m-10d19h13m:25,45,45,45,45,40
10d20h34m-10d21h15m:42,08,42,15,47,15,47,27,55,27
10d20h38m-10d23h10m:15,25,15,30,20,30,20,35,30,35,30,40
10d20h58m-11d00h34m:25,25,30,25,30,30,35,30
10d21h07m-10d22h24m:60,10,60,25
10d21h55m-11d01h33m:17,15,25,15
10d23h51m-11d00h31m:60,10,60,25
11d02h00m-11d02h17m:15,40,27,40
11d02h57m-11d03h29m:42,08,42,15,47,15,47,27,55,27
11d03h02m-11d03h45m:42,08,42,15,47,15,47,27,55,27
11d03h47m-11d05h28m:25,25,30,25,30,30,35,30
11d07h47m-11d10h34m:60,10,60,25
11d08h10m-11d09h08m:60,10,60,25
11d13h41m-11d15h24m:05,20,05,35
11d15h23m-11d18h12m:15,10,30,10,30,18
11d15h42m-11d19h10m:05,20,05,35
11d17h17m-11d19h34m:10,20,40,20,40,35
11d17h40m-11d19h54m:17,15,25,15
11d17h48m-11d21h40m:50,10,55,10,55,25
11d18h19m-11d19h55m:25,25,30,25,30,30,35,30
11d19h52m-11d20h10m:10,20,40,20,40,35
11d21h01m-11d21h26m:10,20,40,20,40,35
11d22h34m-12d02h28m:60,10,60,25
12d00h04m-12d00h45m:15,03,22,03,22,08,37,08,37,12
12d01h10m-12d03h18m:10,20,40,20,40,35
12d03h20m-12d07h17m:67,37,67,22
12d04h50m-12d06h38m:15,25,15,30,20,30,20,35,30,35,30,40
12d05h39m-12d08h08m:42,08,42,15,47,15,47,27,55,27
12d11h46m-12d12h42m:60,10,60,25
12d12h50m-12d16h43m:15,10,30,10,30,18
12d15h13m-12d17h39m:05,20,05,35
12d17h27m-12d18h23m:15,10,30,10,30,18
12d17h30m-12d19h47m:25,45,45,45,45,40
12d18h51m-12d19h20m:42,08,42,15,47,15,47,27,55,27
12d19h00m-12d21h44m:15,10,30,10,30,18
12d19h11m-12d21h15m:10,20,40,20,40,35
12d21h34m-13d01h03m:50,10,55,10,55,25
12d23h04m-13d02h05m:25,45,45,45,45,40
13d00h12m-13d02h34m:15,10,30,10,30,18
13d03h40m-13d05h15m:15,25,15,30,20,30,20,35,30,35,30,40
13d05h13m-13d08h01m:57,30,57,45
13d06h50m-13d09h36m:25,45,45,45,45,40
13d08h28m-13d12h14m:10,20,40,20,40,35
13d08h36m-13d09h29m:42,08,42,15,47,15,47,27,55,27
13d09h12m-13d12h04m:17,15,25,15
13d10h02m-13d13h45m:60,10,60,25
13d12h32m-13d15h49m:25,25,30,25,30,30,35,30
13d13h50m-13d17h45m:57,30,57,45
13d14h11m-13d16h00m:15,40,27,40
13d14h18m-13d17h02m:50,10,55,10,55,25
13d15h31m-13d17h32m:67,37,67,22
13d17h30m-13d18h09m:57,30,57,45
13d17h54m-13d21h54m:42,08,42,15,47,15,47,27,55,27
13d18h23m-13d20h43m:60,10,60,25
13d18h42m-13d22h23m:17,15,25,15
13d21h29m-14d01h04m:15,03,22,03,22,08,37,08,37,12
13d21h35m-13d22h03m:15,25,15,30,20,30,20,35,30,35,30,40
13d21h55m-13d23h17m:60,10,60,25
13d23h16m-14d00h33m:15,03,22,03,22,08,37,08,37,12
13d23h45m-14d01h45m:17,15,25,15
14d00h32m-14d04h09m:15,40,27,40
14d01h16m-14d01h52m:67,37,67,22
14d01h37m-14d04h11m:60,10,60,25
14d03h00m-14d06h19m:25,45,45,45,45,40
14d04h07m-14d07h50m:67,37,67,22
14d04h24m-14d05h27m:17,15,25,15
14d06h06m-14d08h58m:08,03,08,23,20,23
14d06h17m-14d07h51m:15,25,15,30,20,30,20,35,30,35,30,40
14d08h02m-14d11h16m:10,20,40,20,40,35
14d08h21m-14d10h12m:60,10,60,25
14d09h02m-14d12h26m:08,03,08,23,20,23
14d10h18m-14d11h30m:10,20,40,20,40,35
14d10h25m-14d13h50m:15,25,15,30,20,30,20,35,30,35,30,40
14d12h39m-14d14h31m:10,20,40,20,40,35
14d17h48m-14d21h39m:57,30,57,45
14d22h17m-15d02h06m:60,10,60,25
14d22h43m-15d01h46m:15,25,15,30,20,30,20,35,30,35,30,40
14d22h56m-15d00h26m:05,20,05,35
14d23h26m-15d03h00m:15,10,30,10,30,18
14d23h53m-15d02h32m:10,20,40,20,40,35
15d02h15m-15d03h03m:05,20,05,35
15d02h45m-15d06h00m:50,10,55,10,55,25
15d03h32m-15d04h36m:67,37,67,22
15d03h42m-15d06h12m:67,37,67,22
15d04h15m-15d05h20m:15,25,15,30,20,30,20,35,30,35,30,40
15d04h41m-15d06h15m:25,45,45,45,45,40
15d05h11m-15d07h39m:42,08,42,15,47,15,47,27,55,27
15d08h11m-15d09h20m:50,10,55,10,55,25
15d09h22m-15d12h39m:10,20,40,20,40,35
15d10h07m-15d11h41m:25,45,45,45,45,40
15d10h22m-15d12h26m:15,03,22,03,22,08,37,08,37,12
15d14h05m-15d16h35m:15,25,15,30,20,30,20,35,30,35,30,40
15d17h49m-15d21h46m:25,25,30,25,30,30,35,30
15d22h59m-16d01h13m:17,15,25,15
15d23h25m-16d03h12m:67,37,67,22
16d00h24m-16d01h36m:17,15,25,15
16d00h41m-16d04h37m:25,25,30,25,30,30,35,30
16d04h15m-16d06h54m:25,25,30,25,30,30,35,30
16d04h52m-16d07h44m:60,10,60,25
16d05h54m-16d09h08m:05,20,05,35
16d07h32m-16d10h23m:25,25,30,25,30,30,35,30
16d09h13m-16d10h42m:25,45,45,45,45,40
16d11h45m-16d15h03m:25,45,45,45,45,40
16d11h46m-16d15h08m:67,37,67,22
16d12h19m-16d13h12m:67,37,67,22
16d12h23m-16d13h35m:10,20,40,20,40,35
16d12h24m-16d15h27m:25,45,45,45,45,40
16d13h27m-16d16h39m:50,10,55,10,55,25
16d14h01m-16d15h05m:67,37,67,22
16d14h26m-16d15h30m:67,37,67,22
16d15h53m-16d16h20m:15,03,22,03,22,08,37,08,37,12
16d18h47m-16d20h18m:57,30,57,45
16d20h08m-16d20h52m:67,37,67,22
16d21h05m-16d23h47m:15,10,30,10,30,18
16d21h20m-17d01h19m:50,10,55,10,55,25
16d23h05m-17d02h13m:25,25,30,25,30,30,35,30
17d01h01m-17d03h23m:42,08,42,15,47,15,47,27,55,27
17d01h56m-17d05h26m:60,10,60,25
17d02h50m-17d04h19m:15,03,22,03,22,08,37,08,37,12
17d03h50m-17d06h53m:57,30,57,45
17d04h08m-17d04h43m:57,30,57,45
17d05h20m-17d07h56m:15,40,27,40
17d05h50m-17d06h11m:50,10,55,10,55,25
17d08h09m-17d12h02m:42,08,42,15,47,15,47,27,55,27
17d09h09m-17d10h21m:15,40,27,40
17d09h27m-17d11h43m:08,03,08,23,20,23
17d11h14m-17d12h33m:60,10,60,25
17d11h59m-17d14h43m:15,10,30,10,30,18
17d15h26m-17d17h33m:67,37,67,22
17d19h24m-17d19h44m:05,20,05,35
17d19h47m-17d20h45m:05,20,05,35
17d19h48m-17d21h00m:17,15,25,15
17d21h29m-17d22h47m:50,10,55,10,55,25
17d22h51m-17d23h14m:25,45,45,45,45,40
17d23h56m-18d02h49m:67,37,67,22
18d01h10m-18d04h03m:15,10,30,10,30,18
18d02h07m-18d04h09m:15,25,15,30,20,30,20,35,30,35,30,40
18d02h09m-18d05h38m:60,10,60,25
18d02h24m-18d04h07m:08,03,08,23,20,23
18d02h33m-18d04h37m:10,20,40,20,40,35
18d07h29m-18d08h42m:15,10,30,10,30,18
18d07h51m-18d09h43m:05,20,05,35
18d08h14m-18d09h59m:15,10,30,10,30,18
18d09h21m-18d10h14m:57,30,57,45
18d10h39m-18d13h40m:15,25,15,30,20,30,20,35,30,35,30,40
18d12h13m-18d15h49m:08,03,08,23,20,23
18d16h44m-18d18h49m:15,25,15,30,20,30,20,35,30,35,30,40
18d17h33m-18d18h33m:10,20,40,20,40,35
18d17h56m-18d19h53m:05,20,05,35
18d18h11m-18d21h39m:08,03,08,23,20,23
18d18h42m-18d19h13m:60,10,60,25
18d19h50m-18d22h56m:25,45,45,45,45,40
18d20h26m-18d22h59m:60,10,60,25
18d20h41m-19d00h20m:15,10,30,10,30,18
18d21h17m-18d23h14m:60,10,60,25
18d21h47m-18d22h23m:57,30,57,45
18d23h19m-19d02h22m:25,45,45,45,45,40
18d23h47m-19d03h41m:50,10,55,10,55,25
19d01h00m-19d04h49m:15,40,27,40
19d02h47m-19d04h48m:25,45,45,45,45,40
19d03h36m-19d05h44m:50,10,55,10,55,25
19d05h48m-19d07h33m:42,08,42,15,47,15,47,27,55,27
19d06h38m-19d07h58m:60,10,60,25
19d07h52m-19d10h10m:17,15,25,15
19d08h33m-19d11h08m:42,08,42,15,47,15,47,27,55,27
19d09h45m-19d10h48m:15,10,30,10,30,18
19d10h17m-19d10h53m:57,30,57,45
19d10h34m-19d12h12m:42,08,42,15,47,15,47,27,55,27
19d10h41m-19d12h39m:60,10,60,25
19d13h24m-19d17h16m:25,25,30,25,30,30,35,30
19d14h29m-19d17h25m:15,10,30,10,30,18
19d15h00m-19d15h24m:60,10,60,25
19d15h49m-19d16h07m:15,10,30,10,30,18
19d16h22m-19d18h17m:50,10,55,10,55,25
19d18h33m-19d22h07m:42,08,42,15,47,15,47,27,55,27
19d20h32m-20d00h02m:25,25,30,25,30,30,35,30
19d21h11m-20d00h57m:17,15,25,15
19d21h24m-19d21h56m:67,37,67,22
19d21h40m-20d01h29m:50,10,55,10,55,25
19d22h07m-19d23h52m:42,08,42,15,47,15,47,27,55,27
19d23h05m-20d00h04m:15,25,15,30,20,30,20,35,30,35,30,40
19d23h06m-20d00h51m:25,25,30,25,30,30,35,30
19d23h41m-20d01h48m:25,25,30,25,30,30,35,30
20d02h00m-20d02h41m:17,15,25,15
20d03h24m-20d06h38m:15,03,22,03,22,08,37,08,37,12
20d09h06m-20d12h20m:25,45,45,45,45,40
20d09h09m-20d12h21m:50,10,55,10,55,25
20d14h24m-20d18h07m:50,10,55,10,55,25
20d18h33m-20d22h07m:10,20,40,20,40,35
20d20h03m-20d20h42m:67,37,67,22
20d22h11m-21d01h58m:50,10,55,10,55,25
20d22h26m-21d01h55m:08,03,08,23,20,23
20d23h08m-21d02h03m:25,45,45,45,45,40
21d00h11m-21d01h18m:50,10,55,10,55,25
21d01h35m-21d02h39m:25,45,45,45,45,40
21d02h10m-21d05h40m:60,10,60,25
21d03h30m-21d05h39m:25,25,30,25,30,30,35,30
21d03h38m-21d04h26m:15,40,27,40
21d03h52m-21d06h07m:15,40,27,40
21d04h20m-21d06h03m:15,03,22,03,22,08,37,08,37,12
21d05h13m-21d07h10m:60,10,60,25
21d07h26m-21d09h35m:15,25,15,30,20,30,20,35,30,35,30,40
21d08h50m-21d12h02m:25,45,45,45,45,40
21d09h19m-21d10h51m:67,37,67,22
21d09h54m-21d13h54m:25,45,45,45,45,40
21d10h24m-21d12h22m:60,10,60,25
21d10h49m-21d12h39m:15,40,27,40
21d10h54m-21d12h34m:60,10,60,25
21d11h50m-21d15h44m:05,20,05,35
21d12h06m-21d12h56m:15,10,30,10,30,18
21d16h17m-21d17h12m:25,45,45,45,45,40
21d16h43m-21d19h28m:67,37,67,22
21d21h29m-21d22h54m:10,20,40,20,40,35
21d21h54m-22d01h43m:15,40,27,40
22d01h06m-22d03h00m:67,37,67,22
22d01h14m-22d01h43m:15,03,22,03,22,08,37,08,37,12
22d01h28m-22d02h57m:15,03,22,03,22,08,37,08,37,12
22d05h54m-22d09h40m:25,45,45,45,45,40
22d07h08m-22d09h43m:17,15,25,15
22d07h24m-22d10h39m:50,10,55,10,55,25
22d07h41m-22d11h33m:05,20,05,35
22d08h29m-22d12h14m:60,10,60,25
22d08h46m-22d11h14m:15,10,30,10,30,18
22d09h53m-22d11h59m:50,10,55,10,55,25
22d10h33m-22d12h35m:57,30,57,45
22d10h54m-22d12h04m:25,25,30,25,30,30,35,30
22d12h29m-22d12h51m:60,10,60,25
22d12h32m-22d12h50m:15,10,30,10,30,18
22d13h44m-22d14h04m:15,10,30,10,30,18
22d15h01m-22d18h34m:15,40,27,40
22d18h54m-22d20h54m:60,10,60,25
22d19h33m-22d22h09m:15,10,30,10,30,18
22d19h48m-22d20h09m:10,20,40,20,40,35
22d20h05m-22d22h58m:08,03,08,23,20,23
23d01h58m-23d02h22m:15,40,27,40
23d05h08m-23d08h59m:17,15,25,15
23d05h23m-23d06h52m:25,25,30,25,30,30,35,30
23d09h38m-23d10h13m:15,25,15,30,20,30,20,35,30,35,30,40
23d09h39m-23d11h07m:25,45,45,45,45,40
23d11h36m-23d14h34m:67,37,67,22
23d13h58m-23d16h03m:10,20,40,20,40,35
23d17h10m-23d20h45m:60,10,60,25
23d18h36m-23d22h05m:08,03,08,23,20,23
23d22h19m-24d00h17m:17,15,25,15
24d02h48m-24d06h19m:50,10,55,10,55,25
24d03h15m-24d05h23m:15,40,27,40
24d03h48m-24d07h27m:15,25,15,30,20,30,20,35,30,35,30,40
24d04h14m-24d06h59m:15,25,15,30,20,30,20,35,30,35,30,40
24d06h07m-24d07h32m:25,45,45,45,45,40
24d08h30m-24d11h27m:05,20,05,35
24d08h50m-24d11h14m:67,37,67,22
24d09h24m-24d11h01m:10,20,40,20,40,35
24d09h54m-24d10h43m:10,20,40,20,40,35
24d14h47m-24d18h19m:17,15,25,15
24d16h23m-24d20h05m:15,03,22,03,22,08,37,08,37,12
24d16h24m-24d18h38m:15,03,22,03,22,08,37,08,37,12
24d16h30m-24d17h55m:15,40,27,40
24d17h24m-24d20h30m:15,25,15,30,20,30,20,35,30,35,30,40
24d18h49m-24d22h06m:15,40,27,40
24d18h56m-24d20h36m:15,03,22,03,22,08,37,08,37,12
24d18h57m-24d21h24m:15,25,15,30,20,30,20,35,30,35,30,40
24d19h02m-24d20h56m:60,10,60,25
24d19h25m-24d21h16m:25,45,45,45,45,40
24d21h09m-24d23h17m:25,45,45,45,45,40
24d21h31m-24d22h45m:42,08,42,15,47,15,47,27,55,27
24d21h39m-24d22h43m:15,10,30,10,30,18
24d21h49m-25d00h41m:60,10,60,25
24d23h50m-25d03h49m:15,40,27,40
25d00h09m-25d03h18m:08,03,08,23,20,23
25d00h48m-25d03h32m:05,20,05,35
25d00h50m-25d01h20m:25,45,45,45,45,40
25d03h07m-25d05h31m:60,10,60,25
25d04h01m-25d05h46m:15,25,15,30,20,30,20,35,30,35,30,40
25d04h28m-25d06h31m:50,10,55,10,55,25
25d05h05m-25d05h23m:25,45,45,45,45,40
25d05h47m-25d08h26m:25,45,45,45,45,40
25d06h08m-25d10h05m:10,20,40,20,40,35
25d08h07m-25d12h04m:67,37,67,22
25d10h08m-25d13h07m:10,20,40,20,40,35
25d13h45m-25d14h42m:08,03,08,23,20,23
25d14h46m-25d17h10m:57,30,57,45
25d15h09m-25d18h29m:25,25,30,25,30,30,35,30
25d16h06m-25d19h00m:60,10,60,25
25d16h31m-25d19h45m:42,08,42,15,47,15,47,27,55,27
25d19h07m-25d21h33m:25,25,30,25,30,30,35,30
25d21h14m-25d21h38m:67,37,67,22
25d22h59m-26d02h35m:15,40,27,40
26d00h38m-26d01h55m:25,45,45,45,45,40
26d01h27m-26d02h27m:57,30,57,45
26d07h52m-26d08h12m:60,10,60,25
26d09h31m-26d11h50m:50,10,55,10,55,25
26d11h12m-26d14h24m:57,30,57,45
26d11h45m-26d15h31m:08,03,08,23,20,23
26d13h07m-26d14h09m:60,10,60,25
26d13h23m-26d16h37m:17,15,25,15
26d14h00m-26d14h20m:25,45,45,45,45,40
26d16h09m-26d19h55m:17,15,25,15
26d18h39m-26d20h08m:15,40,27,40
27d02h17m-27d03h44m:15,03,22,03,22,08,37,08,37,12
27d02h27m-27d04h47m:15,40,27,40
27d03h58m-27d05h10m:17,15,25,15
27d05h21m-27d07h38m:08,03,08,23,20,23
27d06h14m-27d09h59m:15,10,30,10,30,18
27d07h22m-27d09h19m:17,15,25,15
27d10h03m-27d12h25m:17,15,25,15
27d10h24m-27d10h51m:10,20,40,20,40,35
27d11h22m-27d12h41m:05,20,05,35
27d13h48m-27d16h22m:25,25,30,25,30,30,35,30
27d16h39m-27d20h05m:10,20,40,20,40,35
27d16h41m-27d19h57m:50,10,55,10,55,25
27d16h44m-27d20h39m:67,37,67,22
27d19h22m-27d22h11m:25,45,45,45,45,40
27d20h30m-27d23h36m:42,08,42,15,47,15,47,27,55,27
27d20h35m-27d22h04m:60,10,60,25
27d21h46m-27d22h57m:67,37,67,22
27d22h03m-28d01h57m:08,03,08,23,20,23
27d22h23m-28d01h14m:15,40,27,40
27d22h43m-28d02h08m:57,30,57,45
27d23h11m-28d03h03m:57,30,57,45
27d23h35m-28d02h49m:67,37,67,22
28d00h20m-28d02h00m:17,15,25,15
28d00h22m-28d02h31m:17,15,25,15
28d00h41m-28d02h25m:60,10,60,25
28d02h57m-28d03h38m:60,10,60,25
28d03h55m-28d05h07m:67,37,67,22
28d03h57m-28d07h02m:15,25,15,30,20,30,20,35,30,35,30,40
28d04h09m-28d06h02m:50,10,55,10,55,25
28d05h00m-28d06h41m:17,15,25,15
28d05h57m-28d09h37m:50,10,55,10,55,25
28d06h14m-28d09h42m:08,03,08,23,20,23
28d06h53m-28d08h01m:15,03,22,03,22,08,37,08,37,12
28d07h53m-28d11h28m:10,20,40,20,40,35
28d07h58m-28d11h43m:15,25,15,30,20,30,20,35,30,35,30,40
28d07h59m-28d11h48m:15,10,30,10,30,18
28d08h35m-28d09h44m:17,15,25,15
28d09h58m-28d10h26m:17,15,25,15
28d11h13m-28d12h28m:15,25,15,30,20,30,20,35,30,35,30,40
28d11h28m-28d14h45m:42,08,42,15,47,15,47,27,55,27
28d12h58m-28d16h28m:15,40,27,40
28d14h06m-28d15h33m:17,15,25,15
28d14h25m-28d15h40m:50,10,55,10,55,25
28d16h53m-28d18h40m:57,30,57,45
28d17h05m-28d20h03m:08,03,08,23,20,23
28d19h19m-28d21h51m:10,20,40,20,40,35
28d19h40m-28d21h13m:15,10,30,10,30,18
28d19h45m-28d21h46m:57,30,57,45
28d20h19m-29d00h13m:15,03,22,03,22,08,37,08,37,12
28d20h33m-28d21h43m:05,20,05,35
28d21h50m-29d00h32m:25,25,30,25,30,30,35,30
28d23h26m-29d00h58m:50,10,55,10,55,25
29d00h18m-29d00h45m:05,20,05,35
29d02h54m-29d05h46m:25,45,45,45,45,40
29d05h22m-29d07h36m:17,15,25,15
29d05h33m-29d05h57m:60,10,60,25
29d08h17m-29d10h34m:08,03,08,23,20,23
29d08h46m-29d09h14m:67,37,67,22
29d09h41m-29d13h09m:15,03,22,03,22,08,37,08,37,12
29d12h50m-29d14h09m:08,03,08,23,20,23
29d16h12m-29d19h42m:57,30,57,45
29d18h21m-29d21h01m:60,10,60,25
29d18h44m-29d21h59m:67,37,67,22
29d19h43m-29d20h58m:15,40,27,40
29d20h01m-29d23h36m:17,15,25,15
29d22h55m-30d01h29m:15,03,22,03,22,08,37,08,37,12
30d01h01m-30d04h34m:25,45,45,45,45,40
30d02h19m-30d05h20m:05,20,05,35
30d03h58m-30d05h05m:15,25,15,30,20,30,20,35,30,35,30,40
30d04h10m-30d06h37m:67,37,67,22
30d05h00m-30d07h42m:15,40,27,40
30d05h48m-30d06h38m:15,10,30,10,30,18
30d10h55m-30d13h07m:10,20,40,20,40,35
30d11h21m-30d13h29m:10,20,40,20,40,35
30d14h09m-30d15h43m:15,25,15,30,20,30,20,35,30,35,30,40
30d15h59m-30d17h13m:25,25,30,25,30,30,35,30
30d16h38m-30d18h45m:57,30,57,45
30d18h32m-30d19h12m:67,37,67,22
30d19h01m-30d20h10m:15,10,30,10,30,18
30d19h24m-30d20h10m:67,37,67,22
30d19h24m-30d22h24m:17,15,25,15
30d23h45m-31d03h17m:08,03,08,23,20,23
31d04h07m-31d06h32m:17,15,25,15
31d05h01m-31d05h50m:42,08,42,15,47,15,47,27,55,27
31d05h11m-31d05h29m:67,37,67,22
31d05h13m-31d06h13m:05,20,05,35
31d07h52m-31d09h06m:60,10,60,25
31d12h02m-31d12h58m:42,08,42,15,47,15,47,27,55,27
31d17h05m-31d19h12m:15,40,27,40
31d20h22m-31d20h55m:25,25,30,25,30,30,35,30
31d21h37m-31d23h59m:08,03,08,23,20,23
31d22h47m-31d23h59m:08,03,08,23,20,23
