01d01h19m-01d04h27m:15,03,22,03,22,08,37,08,37,12
01d01h50m-01d04h26m:57,30,57,45
01d02h00m-01d03h48m:15,40,27,40
01d04h00m-01d07h12m:17,15,25,15
01d04h09m-01d08h09m:17,15,25,15
01d04h14m-01d07h24m:60,10,60,25
01d04h37m-01d06h47m:25,25,30,25,30,30,35,30
01d05h36m-01d06h43m:10,20,40,20,40,35
01d06h35m-01d08h34m:67,37,67,22
01d14h35m-01d15h21m:05,20,05,35
01d21h40m-01d22h18m:57,30,57,45
02d01h21m-02d02h49m:10,20,40,20,40,35
02d01h40m-02d05h04m:67,37,67,22
02d07h35m-02d10h30m:10,20,40,20,40,35
02d07h52m-02d11h00m:25,25,30,25,30,30,35,30
02d08h36m-02d10h08m:57,30,57,45
02d11h59m-02d13h54m:57,30,57,45
02d13h35m-02d16h29m:17,15,25,15
02d14h55m-02d17h16m:50,10,55,10,55,25
02d14h56m-02d18h00m:10,20,40,20,40,35
02d18h52m-02d22h20m:05,20,05,35
02d19h22m-02d21h01m:10,20,40,20,40,35
02d21h29m-03d01h07m:67,37,67,22
02d21h43m-02d22h16m:25,25,30,25,30,30,35,30
03d00h26m-03d03h14m:25,25,30,25,30,30,35,30
03d00h57m-03d03h56m:67,37,67,22
03d05h12m-03d08h43m:25,25,30,25,30,30,35,30
03d06h17m-03d08h46m:08,03,08,23,20,23
03d06h58m-03d10h45m:25,45,45,45,45,40
03d07h12m-03d11h01m:05,20,05,35
03d08h06m-03d10h29m:08,03,08,23,20,23
03d08h08m-03d11h28m:15,40,27,40
03d09h17m-03d12h41m:25,25,30,25,30,30,35,30
03d10h56m-03d11h24m:08,03,08,23,20,23
03d11h18m-03d12h51m:42,08,42,15,47,15,47,27,55,27
03d11h53m-03d14h31m:05,20,05,35
03d12h48m-03d16h30m:57,30,57,45
03d13h13m-03d15h27m:15,10,30,10,30,18
03d15h08m-03d18h51m:50,10,55,10,55,25
03d16h21m-03d18h46m:57,30,57,45
03d16h37m-03d17h06m:15,03,22,03,22,08,37,08,37,12
03d16h41m-03d19h08m:15,10,30,10,30,18
03d17h29m-03d19h06m:05,20,05,35
03d20h00m-03d23h14m:15,25,15,30,20,30,20,35,30,35,30,40
03d20h03m-03d22h19m:50,10,55,10,55,25
03d20h34m-03d21h01m:25,45,45,45,45,40
03d20h56m-03d23h40m:67,37,67,22
03d20h58m-03d23h47m:25,45,45,45,45,40
03d22h13m-03d23h22m:08,03,08,23,20,23
03d23h19m-03d23h54m:15,03,22,03,22,08,37,08,37,12
03d23h40m-04d02h32m:25,45,45,45,45,40
03d23h42m-04d02h44m:17,15,25,15
04d02h35m-04d03h19m:50,10,55,10,55,25
04d02h51m-04d03h32m:05,20,05,35
04d03h19m-04d05h41m:15,03,22,03,22,08,37,08,37,12
04d03h58m-04d07h42m:42,08,42,15,47,15,47,27,55,27
04d07h05m-04d09h18m:60,10,60,25
04d09h03m-04d11h01m:15,25,15,30,20,30,20,35,30,35,30,40
04d09h27m-04d10h40m:15,40,27,40
04d11h23m-04d15h01m:67,37,67,22
04d12h00m-04d15h22m:15,03,22,03,22,08,37,08,37,12
04d12h59m-04d15h45m:15,03,22,03,22,08,37,08,37,12
04d14h25m-04d16h02m:57,30,57,45
04d18h10m-04d21h15m:42,08,42,15,47,15,47,27,55,27
05d02h49m-05d05h08m:67,37,67,22
05d03h41m-05d05h22m:15,03,22,03,22,08,37,08,37,12
05d03h46m-05d07h14m:15,03,22,03,22,08,37,08,37,12
05d03h50m-05d07h01m:05,20,05,35
05d05h22m-05d05h45m:10,20,40,20,40,35
05d05h34m-05d06h23m:25,25,30,25,30,30,35,30
05d06h11m-05d09h27m:08,03,08,23,20,23
05d08h40m-05d09h50m:15,25,15,30,20,30,20,35,30,35,30,40
05d08h44m-05d12h43m:57,30,57,45
05d09h03m-05d11h39m:08,03,08,23,20,23
05d09h10m-05d12h15m:15,40,27,40
05d10h20m-05d11h12m:67,37,67,22
05d10h26m-05d13h56m:05,20,05,35
05d16h07m-05d18h55m:25,45,45,45,45,40
05d18h37m-05d19h50m:10,20,40,20,40,35
06d00h02m-06d02h14m:57,30,57,45
06d01h02m-06d03h07m:67,37,67,22
06d01h23m-06d02h38m:60,10,60,25
06d01h35m-06d04h34m:10,20,40,20,40,35
06d01h39m-06d02h13m:05,20,05,35
06d01h48m-06d03h10m:10,20,40,20,40,35
06d02h15m-06d04h39m:42,08,42,15,47,15,47,27,55,27
06d02h33m-06d05h06m:05,20,05,35
06d03h36m-06d05h38m:15,40,27,40
06d04h56m-06d05h17m:15,10,30,10,30,18
06d10h55m-06d14h05m:10,20,40,20,40,35
06d10h58m-06d12h48m:57,30,57,45
06d11h30m-06d13h38m:25,45,45,45,45,40
06d12h25m-06d15h43m:17,15,25,15
06d12h48m-06d15h03m:08,03,08,23,20,23
06d14h21m-06d14h39m:25,25,30,25,30,30,35,30
06d15h57m-06d17h12m:25,25,30,25,30,30,35,30
06d16h16m-06d19h51m:10,20,40,20,40,35
06d16h43m-06d19h41m:08,03,08,23,20,23
06d16h59m-06d20h32m:15,10,30,10,30,18
06d17h04m-06d19h31m:60,10,60,25
06d17h55m-06d19h21m:25,45,45,45,45,40
06d18h24m-06d21h42m:15,10,30,10,30,18
06d18h51m-06d21h00m:57,30,57,45
06d19h12m-06d20h36m:05,20,05,35
06d20h30m-06d22h28m:15,10,30,10,30,18
06d22h16m-06d22h45m:67,37,67,22
06d22h36m-06d23h28m:15,03,22,03,22,08,37,08,37,12
06d22h45m-07d02h04m:15,03,22,03,22,08,37,08,37,12
06d23h07m-07d01h36m:15,03,22,03,22,08,37,08,37,12
07d02h49m-07d05h20m:15,25,15,30,20,30,20,35,30,35,30,40
07d05h26m-07d06h04m:60,10,60,25
07d05h49m-07d07h55m:67,37,67,22
07d13h08m-07d16h01m:25,45,45,45,45,40
07d13h12m-07d14h25m:08,03,08,23,20,23
07d19h00m-07d21h23m:60,10,60,25
07d20h29m-07d21h40m:25,25,30,25,30,30,35,30
07d20h33m-08d00h03m:50,10,55,10,55,25
07d20h46m-08d00h30m:42,08,42,15,47,15,47,27,55,27
07d21h25m-07d23h31m:25,45,45,45,45,40
07d22h41m-08d01h15m:67,37,67,22
08d00h25m-08d04h06m:67,37,67,22
08d02h24m-08d05h40m:08,03,08,23,20,23
08d05h25m-08d05h47m:67,37,67,22
08d06h09m-08d08h14m:15,25,15,30,20,30,20,35,30,35,30,40
08d06h23m-08d07h01m:57,30,57,45
08d07h36m-08d11h12m:15,25,15,30,20,30,20,35,30,35,30,40
08d08h03m-08d09h24m:15,40,27,40
08d10h28m-08d13h57m:15,25,15,30,20,30,20,35,30,35,30,40
08d14h01m-08d17h05m:15,03,22,03,22,08,37,08,37,12
08d14h37m-08d18h33m:15,40,27,40
08d15h56m-08d18h04m:25,25,30,25,30,30,35,30
08d16h18m-08d18h30m:15,03,22,03,22,08,37,08,37,12
08d17h00m-08d20h11m:57,30,57,45
08d17h33m-08d19h59m:17,15,25,15
08d17h48m-08d21h31m:57,30,57,45
08d18h17m-08d21h14m:25,45,45,45,45,40
08d18h45m-08d21h47m:25,25,30,25,30,30,35,30
08d18h58m-08d21h35m:17,15,25,15
08d19h13m-08d22h20m:42,08,42,15,47,15,47,27,55,27
09d00h55m-09d01h23m:25,25,30,25,30,30,35,30
09d01h01m-09d03h59m:57,30,57,45
09d01h35m-09d03h58m:42,08,42,15,47,15,47,27,55,27
09d03h07m-09d04h55m:25,25,30,25,30,30,35,30
09d03h11m-09d04h05m:17,15,25,15
09d04h43m-09d08h41m:15,10,30,10,30,18
09d07h06m-09d09h45m:15,25,15,30,20,30,20,35,30,35,30,40
09d08h10m-09d09h48m:15,03,22,03,22,08,37,08,37,12
09d09h48m-09d11h27m:15,40,27,40
09d10h35m-09d14h00m:50,10,55,10,55,25
09d12h14m-09d14h46m:15,03,22,03,22,08,37,08,37,12
09d13h00m-09d16h43m:60,10,60,25
09d13h45m-09d15h21m:15,10,30,10,30,18
09d13h52m-09d15h30m:50,10,55,10,55,25
09d14h43m-09d15h37m:15,40,27,40
09d14h43m-09d16h35m:67,37,67,22
09d15h09m-09d16h51m:05,20,05,35
09d15h26m-09d19h06m:50,10,55,10,55,25
09d16h14m-09d18h45m:15,40,27,40
09d17h01m-09d18h06m:08,03,08,23,20,23
09d19h10m-09d19h31m:10,20,40,20,40,35
09d21h19m-10d00h34m:15,10,30,10,30,18
09d21h20m-10d00h15m:25,25,30,25,30,30,35,30
09d22h02m-10d00h48m:15,25,15,30,20,30,20,35,30,35,30,40
09d23h31m-10d03h18m:08,03,08,23,20,23
10d00h39m-10d04h18m:15,25,15,30,20,30,20,35,30,35,30,40
10d00h58m-10d03h45m:42,08,42,15,47,15,47,27,55,27
10d02h07m-10d04h52m:15,03,22,03,22,08,37,08,37,12
10d02h09m-10d05h15m:42,08,42,15,47,15,47,27,55,27
10d02h50m-10d05h06m:25,25,30,25,30,30,35,30
10d05h42m-10d08h01m:25,45,45,45,45,40
10d07h21m-10d11h16m:42,08,42,15,47,15,47,27,55,27
10d09h32m-10d13h02m:15,40,27,40
10d09h59m-10d10h17m:15,03,22,03,22,08,37,08,37,12
10d10h37m-10d12h08m:67,37,67,22
10d11h51m-10d14h59m:57,30,57,45
10d12h22m-10d14h16m:17,15,25,15
10d13h25m-10d17h19m:42,08,42,15,47,15,47,27,55,27
10d14h08m-10d14h27m:10,20,40,20,40,35
10d14h56m-10d15h22m:15,03,22,03,22,08,37,08,37,12
10d16h21m-10d18h12m:15,10,30,10,30,18
10d16h58m-10d17h44m:15,25,15,30,20,30,20,35,30,35,30,40
10d17h02m-10d19h18m:05,20,05,35
10d17h07m-10d18h12m:42,08,42,15,47,15,47,27,55,27
10d19h53m-10d22h08m:57,30,57,45
10d20h13m-10d23h34m:05,20,05,35
10d21h58m-11d01h30m:15,25,15,30,20,30,20,35,30,35,30,40
10d22h36m-11d01h42m:67,37,67,22
10d22h57m-11d00h04m:15,03,22,03,22,08,37,08,37,12
10d22h59m-10d23h57m:67,37,67,22
10d23h08m-10d23h58m:17,15,25,15
10d23h28m-11d00h31m:25,45,45,45,45,40
11d01h04m-11d03h52m:42,08,42,15,47,15,47,27,55,27
11d06h13m-11d08h30m:57,30,57,45
11d10h43m-11d11h27m:05,20,05,35
11d11h35m-11d13h32m:60,10,60,25
11d12h20m-11d15h40m:08,03,08,23,20,23
11d13h34m-11d15h05m:05,20,05,35
11d13h38m-11d16h37m:42,08,42,15,47,15,47,27,55,27
11d16h27m-11d19h02m:10,20,40,20,40,35
11d17h52m-11d19h34m:08,03,08,23,20,23
11d21h34m-11d21h52m:15,25,15,30,20,30,20,35,30,35,30,40
11d22h38m-12d01h39m:67,37,67,22
12d04h10m-12d05h49m:10,20,40,20,40,35
12d04h46m-12d07h52m:05,20,05,35
12d07h25m-12d09h54m:25,45,45,45,45,40
12d09h14m-12d10h12m:25,45,45,45,45,40
12d10h21m-12d14h11m:15,10,30,10,30,18
12d11h24m-12d14h08m:17,15,25,15
12d11h47m-12d15h07m:05,20,05,35
12d14h29m-12d17h39m:25,45,45,45,45,40
12d15h39m-12d19h13m:05,20,05,35
12d15h52m-12d17h35m:57,30,57,45
12d17h38m-12d21h17m:42,08,42,15,47,15,47,27,55,27
12d17h52m-12d20h14m:15,03,22,03,22,08,37,08,37,12
12d17h58m-12d18h18m:08,03,08,23,20,23
12d18h52m-12d19h30m:08,03,08,23,20,23
12d19h29m-12d21h08m:60,10,60,25
12d19h33m-12d22h48m:60,10,60,25
12d19h34m-12d20h06m:05,20,05,35
12d20h10m-12d21h14m:05,20,05,35
12d22h55m-13d01h37m:67,37,67,22
12d23h31m-13d01h24m:42,08,42,15,47,15,47,27,55,27
13d00h14m-13d03h41m:15,10,30,10,30,18
13d07h04m-13d09h56m:15,10,30,10,30,18
13d11h36m-13d13h11m:57,30,57,45
13d13h34m-13d15h03m:15,03,22,03,22,08,37,08,37,12
13d15h45m-13d16h00m:67,37,67,22
13d16h22m-13d19h35m:15,40,27,40
13d20h06m-13d22h51m:25,45,45,45,45,40
13d20h52m-13d21h36m:17,15,25,15
13d21h22m-14d00h18m:15,25,15,30,20,30,20,35,30,35,30,40
13d21h50m-13d22h15m:10,20,40,20,40,35
13d22h29m-14d02h24m:05,20,05,35
13d23h13m-14d01h32m:15,10,30,10,30,18
14d00h42m-14d03h46m:05,20,05,35
14d01h49m-14d02h54m:10,20,40,20,40,35
14d01h57m-14d04h41m:15,40,27,40
14d02h04m-14d03h37m:10,20,40,20,40,35
14d02h35m-14d05h38m:67,37,67,22
14d05h05m-14d07h49m:15,03,22,03,22,08,37,08,37,12
14d05h34m-14d06h28m:17,15,25,15
14d07h48m-14d08h58m:67,37,67,22
14d08h04m-14d10h02m:05,20,05,35
14d09h09m-14d12h02m:50,10,55,10,55,25
14d09h43m-14d13h22m:05,20,05,35
14d09h57m-14d11h38m:50,10,55,10,55,25
14d10h55m-14d14h13m:25,45,45,45,45,40
14d12h38m-14d16h22m:05,20,05,35
14d13h13m-14d14h34m:10,20,40,20,40,35
14d13h43m-14d14h26m:10,20,40,20,40,35
14d14h32m-14d17h41m:60,10,60,25
14d14h38m-14d18h11m:60,10,60,25
14d14h56m-14d15h43m:15,10,30,10,30,18
14d16h41m-14d18h13m:15,40,27,40
14d18h26m-14d21h02m:15,03,22,03,22,08,37,08,37,12
14d20h08m-14d21h56m:15,40,27,40
14d20h43m-14d21h56m:15,10,30,10,30,18
14d21h18m-14d23h21m:25,45,45,45,45,40
14d21h59m-14d23h42m:08,03,08,23,20,23
14d23h30m-15d02h52m:08,03,08,23,20,23
15d04h56m-15d06h09m:57,30,57,45
15d05h56m-15d08h00m:15,40,27,40
15d07h48m-15d11h06m:50,10,55,10,55,25
15d07h50m-15d08h26m:15,03,22,03,22,08,37,08,37,12
15d08h38m-15d09h19m:10,20,40,20,40,35
15d09h04m-15d09h25m:05,20,05,35
15d09h21m-15d10h26m:17,15,25,15
15d11h16m-15d12h09m:15,40,27,40
15d11h22m-15d12h29m:57,30,57,45
15d13h09m-15d16h55m:15,40,27,40
15d14h54m-15d18h47m:15,25,15,30,20,30,20,35,30,35,30,40
15d15h05m-15d16h48m:25,45,45,45,45,40
15d15h07m-15d16h59m:05,20,05,35
15d15h33m-15d16h20m:15,25,15,30,20,30,20,35,30,35,30,40
15d16h26m-15d16h49m:08,03,08,23,20,23
15d18h30m-15d20h06m:15,03,22,03,22,08,37,08,37,12
16d00h04m-16d02h45m:17,15,25,15
16d00h15m-16d01h24m:42,08,42,15,47,15,47,27,55,27
16d03h44m-16d07h08m:17,15,25,15
16d04h05m-16d04h21m:17,15,25,15
16d04h18m-16d05h20m:15,10,30,10,30,18
16d06h41m-16d07h53m:57,30,57,45
16d07h01m-16d07h47m:08,03,08,23,20,23
16d09h44m-16d12h47m:15,10,30,10,30,18
16d10h42m-16d14h07m:15,40,27,40
16d15h25m-16d18h24m:15,10,30,10,30,18
16d15h26m-16d17h24m:67,37,67,22
16d16h25m-16d17h40m:67,37,67,22
16d16h46m-16d17h59m:17,15,25,15
16d19h20m-16d19h51m:25,45,45,45,45,40
16d19h31m-16d20h37m:15,25,15,30,20,30,20,35,30,35,30,40
16d19h59m-16d22h14m:15,25,15,30,20,30,20,35,30,35,30,40
16d20h33m-17d00h18m:15,40,27,40
16d20h45m-16d21h40m:05,20,05,35
16d21h32m-16d22h51m:08,03,08,23,20,23
16d22h32m-16d22h48m:42,08,42,15,47,15,47,27,55,27
17d03h29m-17d07h14m:67,37,67,22
17d03h39m-17d07h29m:57,30,57,45
17d03h50m-17d06h47m:67,37,67,22
17d05h02m-17d08h43m:15,10,30,10,30,18
17d05h37m-17d07h54m:17,15,25,15
17d05h41m-17d08h39m:25,25,30,25,30,30,35,30
17d05h49m-17d08h21m:50,10,55,10,55,25
17d07h18m-17d08h43m:10,20,40,20,40,35
17d07h35m-17d10h54m:10,20,40,20,40,35
17d09h38m-17d10h33m:42,08,42,15,47,15,47,27,55,27
17d10h53m-17d13h40m:60,10,60,25
17d11h13m-17d14h49m:57,30,57,45
17d11h45m-17d15h37m:15,25,15,30,20,30,20,35,30,35,30,40
17d12h06m-17d14h04m:17,15,25,15
17d13h00m-17d13h47m:15,25,15,30,20,30,20,35,30,35,30,40
17d13h38m-17d17h35m:25,25,30,25,30,30,35,30
17d15h16m-17d17h21m:15,25,15,30,20,30,20,35,30,35,30,40
17d16h32m-17d20h01m:60,10,60,25
17d16h49m-17d20h48m:15,03,22,03,22,08,37,08,37,12
17d17h40m-17d19h34m:50,10,55,10,55,25
17d20h00m-17d21h27m:15,25,15,30,20,30,20,35,30,35,30,40
17d21h17m-17d23h43m:57,30,57,45
17d21h59m-18d01h44m:17,15,25,15
17d22h56m-18d00h22m:42,08,42,15,47,15,47,27,55,27
18d02h42m-18d05h00m:25,45,45,45,45,40
18d03h54m-18d04h56m:15,03,22,03,22,08,37,08,37,12
18d06h29m-18d10h06m:15,40,27,40
18d07h43m-18d08h02m:60,10,60,25
18d09h12m-18d11h48m:60,10,60,25
18d10h48m-18d14h41m:25,25,30,25,30,30,35,30
18d12h11m-18d16h09m:05,20,05,35
18d13h19m-18d15h46m:17,15,25,15
18d13h37m-18d17h03m:17,15,25,15
18d15h06m-18d18h31m:15,03,22,03,22,08,37,08,37,12
18d15h24m-18d16h36m:08,03,08,23,20,23
18d18h59m-18d20h12m:50,10,55,10,55,25
19d00h10m-19d01h36m:25,25,30,25,30,30,35,30
19d00h17m-19d03h38m:50,10,55,10,55,25
19d00h31m-19d02h55m:15,03,22,03,22,08,37,08,37,12
19d01h03m-19d04h51m:57,30,57,45
19d01h12m-19d04h00m:67,37,67,22
19d01h28m-19d04h34m:15,03,22,03,22,08,37,08,37,12
19d02h05m-19d02h50m:25,45,45,45,45,40
19d04h28m-19d06h27m:25,45,45,45,45,40
19d04h58m-19d08h21m:15,10,30,10,30,18
19d05h34m-19d07h11m:15,10,30,10,30,18
19d05h34m-19d08h47m:17,15,25,15
19d10h52m-19d13h34m:05,20,05,35
19d11h13m-19d13h51m:67,37,67,22
19d13h34m-19d15h02m:60,10,60,25
19d13h35m-19d15h51m:10,20,40,20,40,35
19d14h55m-19d16h45m:17,15,25,15
19d15h22m-19d19h16m:50,10,55,10,55,25
19d18h08m-19d21h44m:42,08,42,15,47,15,47,27,55,27
19d20h14m-19d21h27m:67,37,67,22
19d20h31m-20d00h03m:05,20,05,35
19d22h26m-20d02h25m:25,45,45,45,45,40
20d00h34m-20d02h56m:05,20,05,35
20d00h53m-20d04h49m:60,10,60,25
20d02h30m-20d03h47m:25,25,30,25,30,30,35,30
20d04h38m-20d05h14m:50,10,55,10,55,25
20d04h58m-20d06h48m:15,10,30,10,30,18
20d05h15m-20d05h34m:42,08,42,15,47,15,47,27,55,27
20d06h36m-20d10h29m:25,45,45,45,45,40
20d07h12m-20d10h34m:15,40,27,40
20d07h17m-20d10h44m:50,10,55,10,55,25
20d09h10m-20d11h13m:15,25,15,30,20,30,20,35,30,35,30,40
20d10h21m-20d12h06m:10,20,40,20,40,35
20d10h49m-20d11h17m:25,25,30,25,30,30,35,30
20d11h42m-20d13h54m:15,25,15,30,20,30,20,35,30,35,30,40
20d14h28m-20d15h11m:15,40,27,40
20d15h26m-20d15h58m:05,20,05,35
20d16h32m-20d17h28m:10,20,40,20,40,35
20d20h33m-20d22h20m:05,20,05,35
20d21h36m-20d22h20m:50,10,55,10,55,25
20d21h56m-20d22h56m:08,03,08,23,20,23
20d22h28m-21d01h25m:05,20,05,35
20d22h43m-21d00h48m:42,08,42,15,47,15,47,27,55,27
20d23h38m-21d01h26m:17,15,25,15
20d23h39m-21d02h07m:15,03,22,03,22,08,37,08,37,12
21d01h19m-21d01h59m:05,20,05,35
21d03h22m-21d04h26m:15,40,27,40
21d05h17m-21d09h03m:15,25,15,30,20,30,20,35,30,35,30,40
21d07h44m-21d08h22m:60,10,60,25
21d07h54m-21d08h39m:50,10,55,10,55,25
21d08h16m-21d11h04m:15,10,30,10,30,18
21d08h56m-21d11h16m:15,40,27,40
21d08h58m-21d11h22m:42,08,42,15,47,15,47,27,55,27
21d14h58m-21d16h05m:05,20,05,35
21d15h38m-21d17h04m:08,03,08,23,20,23
21d16h12m-21d17h27m:15,40,27,40
21d17h28m-21d18h12m:15,10,30,10,30,18
21d17h46m-21d20h38m:05,20,05,35
21d18h37m-21d20h35m:05,20,05,35
21d20h14m-21d21h58m:08,03,08,23,20,23
21d21h19m-21d21h58m:57,30,57,45
21d21h55m-22d01h38m:50,10,55,10,55,25
21d23h04m-22d00h24m:57,30,57,45
22d01h21m-22d03h32m:05,20,05,35
22d03h28m-22d04h23m:15,40,27,40
22d05h15m-22d08h24m:08,03,08,23,20,23
22d09h37m-22d10h45m:15,10,30,10,30,18
22d10h34m-22d11h25m:25,25,30,25,30,30,35,30
22d14h28m-22d16h18m:42,08,42,15,47,15,47,27,55,27
22d15h44m-22d18h19m:10,20,40,20,40,35
22d16h22m-22d18h01m:50,10,55,10,55,25
22d17h28m-22d21h15m:15,10,30,10,30,18
22d17h45m-22d19h46m:60,10,60,25
22d23h25m-23d01h46m:57,30,57,45
23d00h07m-23d01h32m:57,30,57,45
23d02h11m-23d04h13m:50,10,55,10,55,25
23d02h11m-23d05h30m:25,45,45,45,45,40
23d05h03m-23d07h19m:15,03,22,03,22,08,37,08,37,12
23d05h12m-23d07h17m:08,03,08,23,20,23
23d05h33m-23d06h53m:15,10,30,10,30,18
23d06h42m-23d07h06m:15,10,30,10,30,18
23d08h02m-23d11h49m:15,03,22,03,22,08,37,08,37,12
23d08h59m-23d09h20m:25,25,30,25,30,30,35,30
23d10h12m-23d13h34m:15,25,15,30,20,30,20,35,30,35,30,40
23d10h22m-23d12h31m:25,25,30,25,30,30,35,30
23d10h24m-23d14h07m:57,30,57,45
23d12h05m-23d13h53m:17,15,25,15
23d12h12m-23d15h48m:25,25,30,25,30,30,35,30
23d13h38m-23d15h03m:08,03,08,23,20,23
23d13h45m-23d15h47m:08,03,08,23,20,23
23d13h57m-23d15h49m:15,03,22,03,22,08,37,08,37,12
23d15h02m-23d18h12m:60,10,60,25
23d15h37m-23d17h38m:15,03,22,03,22,08,37,08,37,12
23d15h37m-23d19h16m:15,03,22,03,22,08,37,08,37,12
23d16h23m-23d20h16m:15,03,22,03,22,08,37,08,37,12
23d16h39m-23d18h33m:15,03,22,03,22,08,37,08,37,12
23d18h58m-23d22h16m:50,10,55,10,55,25
23d20h40m-23d22h58m:15,25,15,30,20,30,20,35,30,35,30,40
23d21h02m-23d22h46m:67,37,67,22
23d23h15m-24d02h04m:57,30,57,45
24d03h37m-24d07h01m:42,08,42,15,47,15,47,27,55,27
24d08h45m-24d11h37m:50,10,55,10,55,25
24d08h49m-24d11h07m:60,10,60,25
24d09h32m-24d12h49m:15,03,22,03,22,08,37,08,37,12
24d12h22m-24d12h47m:57,30,57,45
24d12h26m-24d14h09m:57,30,57,45
24d12h46m-24d16h04m:42,08,42,15,47,15,47,27,55,27
24d12h47m-24d13h47m:15,10,30,10,30,18
24d14h45m-24d17h03m:10,20,40,20,40,35
24d15h01m-24d18h10m:15,03,22,03,22,08,37,08,37,12
24d15h13m-24d19h00m:57,30,57,45
24d15h22m-24d18h49m:05,20,05,35
24d16h30m-24d18h52m:60,10,60,25
24d18h32m-24d21h30m:15,40,27,40
24d18h32m-24d21h53m:50,10,55,10,55,25
24d20h23m-24d22h08m:10,20,40,20,40,35
24d20h48m-24d22h08m:10,20,40,20,40,35
24d21h50m-25d01h44m:10,20,40,20,40,35
24d21h57m-24d23h44m:25,25,30,25,30,30,35,30
24d22h07m-24d22h57m:42,08,42,15,47,15,47,27,55,27
25d03h46m-25d04h34m:57,30,57,45
25d04h18m-25d08h17m:08,03,08,23,20,23
25d04h34m-25d07h00m:42,08,42,15,47,15,47,27,55,27
25d04h56m-25d08h47m:15,10,30,10,30,18
25d05h01m-25d05h22m:10,20,40,20,40,35
25d05h01m-25d08h26m:57,30,57,45
25d05h50m-25d08h01m:57,30,57,45
25d05h55m-25d08h16m:50,10,55,10,55,25
25d07h23m-25d08h53m:05,20,05,35
25d07h34m-25d08h06m:67,37,67,22
25d09h09m-25d11h02m:57,30,57,45
25d11h29m-25d15h07m:25,25,30,25,30,30,35,30
25d12h07m-25d13h37m:57,30,57,45
25d12h47m-25d13h14m:10,20,40,20,40,35
25d14h06m-25d16h38m:57,30,57,45
25d14h24m-25d17h29m:15,03,22,03,22,08,37,08,37,12
25d14h30m-25d16h36m:57,30,57,45
25d14h32m-25d15h04m:10,20,40,20,40,35
25d14h57m-25d16h06m:42,08,42,15,47,15,47,27,55,27
25d15h09m-25d16h22m:15,40,27,40
25d15h14m-25d16h46m:25,45,45,45,45,40
25d15h56m-25d16h23m:15,03,22,03,22,08,37,08,37,12
25d16h47m-25d17h04m:25,45,45,45,45,40
25d16h48m-25d18h25m:15,25,15,30,20,30,20,35,30,35,30,40
25d16h54m-25d18h49m:15,10,30,10,30,18
25d21h40m-25d23h18m:50,10,55,10,55,25
26d03h55m-26d07h13m:50,10,55,10,55,25
26d06h38m-26d10h08m:67,37,67,22
26d07h41m-26d08h09m:25,25,30,25,30,30,35,30
26d10h03m-26d12h02m:05,20,05,35
26d10h33m-26d12h56m:15,03,22,03,22,08,37,08,37,12
26d15h43m-26d17h34m:08,03,08,23,20,23
26d19h51m-26d23h51m:42,08,42,15,47,15,47,27,55,27
26d20h02m-26d23h13m:57,30,57,45
26d22h23m-27d00h08m:15,03,22,03,22,08,37,08,37,12
26d22h40m-26d23h43m:15,10,30,10,30,18
26d23h36m-26d23h54m:05,20,05,35
26d23h44m-27d03h26m:10,20,40,20,40,35
27d02h26m-27d05h39m:15,10,30,10,30,18
27d03h39m-27d06h05m:10,20,40,20,40,35
27d07h08m-27d09h06m:15,10,30,10,30,18
27d07h13m-27d10h32m:50,10,55,10,55,25
27d08h36m-27d12h00m:42,08,42,15,47,15,47,27,55,27
27d11h15m-27d14h46m:15,40,27,40
27d11h34m-27d14h50m:15,25,15,30,20,30,20,35,30,35,30,40
27d15h12m-27d17h06m:57,30,57,45
27d17h26m-27d21h00m:15,03,22,03,22,08,37,08,37,12
27d17h28m-27d19h47m:08,03,08,23,20,23
27d20h40m-28d00h17m:60,10,60,25
28d02h26m-28d04h30m:10,20,40,20,40,35
28d03h07m-28d04h07m:25,45,45,45,45,40
28d07h01m-28d08h58m:15,25,15,30,20,30,20,35,30,35,30,40
28d07h54m-28d08h41m:15,03,22,03,22,08,37,08,37,12
28d10h23m-28d12h40m:05,20,05,35
28d17h31m-28d20h44m:67,37,67,22
28d19h22m-28d20h21m:05,20,05,35
28d22h13m-29d00h53m:42,08,42,15,47,15,47,27,55,27
28d22h14m-29d01h08m:08,03,08,23,20,23
28d22h20m-28d22h44m:42,08,42,15,47,15,47,27,55,27
29d00h05m-29d02h40m:50,10,55,10,55,25
29d00h45m-29d01h30m:10,20,40,20,40,35
29d01h58m-29d04h32m:17,15,25,15
29d01h59m-29d05h27m:08,03,08,23,20,23
29d02h17m-29d03h05m:17,15,25,15
29d03h00m-29d04h46m:67,37,67,22
29d03h59m-29d04h37m:60,10,60,25
29d05h18m-29d07h48m:15,40,27,40
29d05h48m-29d08h41m:67,37,67,22
29d06h19m-29d09h36m:67,37,67,22
29d10h13m-29d12h41m:15,10,30,10,30,18
29d10h30m-29d13h41m:57,30,57,45
29d13h29m-29d17h27m:15,10,30,10,30,18
29d14h53m-29d17h40m:05,20,05,35
29d16h44m-29d17h28m:08,03,08,23,20,23
29d17h26m-29d20h14m:60,10,60,25
29d18h34m-29d21h33m:15,03,22,03,22,08,37,08,37,12
29d18h47m-29d20h28m:42,08,42,15,47,15,47,27,55,27
29d19h42m-29d22h07m:15,40,27,40
29d21h47m-30d01h31m:15,25,15,30,20,30,20,35,30,35,30,40
29d23h14m-30d00h35m:17,15,25,15
30d00h00m-30d03h12m:15,40,27,40
30d00h11m-30d02h49m:57,30,57,45
30d00h25m-30d00h43m:67,37,67,22
30d02h22m-30d04h04m:17,15,25,15
30d02h26m-30d05h46m:25,25,30,25,30,30,35,30
30d02h27m-30d05h40m:25,25,30,25,30,30,35,30
30d02h32m-30d05h40m:15,25,15,30,20,30,20,35,30,35,30,40
30d03h21m-30d06h26m:15,10,30,10,30,18
30d03h25m-30d05h56m:25,45,45,45,45,40
30d04h05m-30d04h32m:25,25,30,25,30,30,35,30
30d06h52m-30d08h54m:60,10,60,25
30d06h58m-30d08h05m:25,45,45,45,45,40
30d09h54m-30d12h43m:15,10,30,10,30,18
30d10h15m-30d12h48m:15,40,27,40
30d11h20m-30d11h42m:50,10,55,10,55,25
30d12h52m-30d16h49m:15,03,22,03,22,08,37,08,37,12
30d13h10m-30d13h30m:60,10,60,25
30d14h25m-30d15h06m:15,10,30,10,30,18
30d18h32m-30d20h34m:15,10,30,10,30,18
30d20h32m-30d23h06m:60,10,60,25
30d21h02m-30d23h09m:15,40,27,40
30d21h31m-30d22h45m:25,45,45,45,45,40
30d21h40m-30d23h51m:42,08,42,15,47,15,47,27,55,27
30d23h49m-31d00h14m:57,30,57,45
31d00h29m-31d04h16m:42,08,42,15,47,15,47,27,55,27
31d00h42m-31d01h40m:10,20,40,20,40,35
31d02h20m-31d03h21m:15,40,27,40
31d04h06m-31d06h36m:67,37,67,22
31d04h39m-31d08h38m:08,03,08,23,20,23
31d05h21m-31d08h34m:15,03,22,03,22,08,37,08,37,12
31d06h54m-31d08h02m:17,15,25,15
31d09h12m-31d12h20m:60,10,60,25
31d10h18m-31d12h20m:67,37,67,22
31d10h44m-31d13h40m:15,03,22,03,22,08,37,08,37,12
31d12h40m-31d13h11m:25,45,45,45,45,40
31d12h40m-31d14h20m:05,20,05,35
31d13h45m-31d16h18m:25,25,30,25,30,30,35,30
31d13h48m-31d14h22m:10,20,40,20,40,35
31d14h54m-31d17h12m:25,25,30,25,30,30,35,30
31d15h10m-31d17h54m:05,20,05,35
31d15h29m-31d16h23m:15,25,15,30,20,30,20,35,30,35,30,40
31d16h18m-31d19h36m:08,03,08,23,20,23
31d16h37m-31d20h18m:67,37,67,22
31d17h35m-31d20h58m:08,03,08,23,20,23
31d21h15m-31d23h59m:08,03,08,23,20,23
31d22h00m-31d23h59m:15,40,27,40
31d22h37m-31d23h59m:42,08,42,15,47,15,47,27,55,27
31d23h57m-31d23h59m:25,25,30,25,30,30,35,30
