01d00h25m-01d02h42m:15,25,15,30,20,30,20,35,30,35,30,40
01d00h48m-01d01h50m:42,08,42,15,47,15,47,27,55,27
01d01h07m-01d03h04m:15,03,22,03,22,08,37,08,37,12
01d01h39m-01d04h21m:50,10,55,10,55,25
01d01h48m-01d02h49m:25,25,30,25,30,30,35,30
01d03h29m-01d07h19m:17,15,25,15
01d03h36m-01d05h46m:17,15,25,15
01d03h43m-01d05h42m:10,20,40,20,40,35
01d03h45m-01d07h25m:15,03,22,03,22,08,37,08,37,12
01d04h34m-01d08h02m:67,37,67,22
01d04h41m-01d08h22m:15,10,30,10,30,18
01d05h58m-01d07h47m:15,40,27,40
01d05h58m-01d08h34m:25,25,30,25,30,30,35,30
01d06h52m-01d07h41m:05,20,05,35
01d07h06m-01d08h36m:25,45,45,45,45,40
01d09h07m-01d10h24m:42,08,42,15,47,15,47,27,55,27
01d09h39m-01d12h22m:15,10,30,10,30,18
01d09h52m-01d11h08m:42,08,42,15,47,15,47,27,55,27
01d10h38m-01d12h34m:25,45,45,45,45,40
01d11h38m-01d11h59m:25,25,30,25,30,30,35,30
01d11h46m-01d15h30m:25,45,45,45,45,40
01d15h13m-01d17h30m:25,45,45,45,45,40
01d19h35m-01d20h26m:25,45,45,45,45,40
01d19h44m-01d22h46m:08,03,08,23,20,23
01d21h48m-01d23h45m:15,40,27,40
01d22h46m-01d23h10m:25,25,30,25,30,30,35,30
01d23h03m-02d00h40m:10,20,40,20,40,35
02d00h13m-02d02h15m:42,08,42,15,47,15,47,27,55,27
02d01h37m-02d03h01m:15,10,30,10,30,18
02d02h51m-02d06h41m:15,25,15,30,20,30,20,35,30,35,30,40
02d05h05m-02d06h00m:42,08,42,15,47,15,47,27,55,27
02d05h15m-02d05h40m:50,10,55,10,55,25
02d06h10m-02d07h04m:08,03,08,23,20,23
02d08h48m-02d10h45m:05,20,05,35
02d10h52m-02d13h55m:15,10,30,10,30,18
02d12h17m-02d13h22m:25,45,45,45,45,40
02d12h43m-02d14h55m:50,10,55,10,55,25
02d12h56m-02d15h57m:50,10,55,10,55,25
02d13h41m-02d15h50m:57,30,57,45
02d14h58m-02d18h49m:42,08,42,15,47,15,47,27,55,27
02d15h51m-02d18h51m:60,10,60,25
02d17h08m-02d20h19m:25,45,45,45,45,40
02d17h12m-02d20h08m:25,45,45,45,45,40
02d19h06m-02d19h23m:42,08,42,15,47,15,47,27,55,27
02d20h10m-02d21h34m:67,37,67,22
02d20h54m-02d22h04m:67,37,67,22
03d00h09m-03d03h47m:25,45,45,45,45,40
03d00h19m-03d01h18m:57,30,57,45
03d00h31m-03d02h22m:05,20,05,35
03d01h39m-03d05h33m:25,45,45,45,45,40
03d06h49m-03d07h39m:25,25,30,25,30,30,35,30
03d06h49m-03d09h56m:15,03,22,03,22,08,37,08,37,12
03d06h58m-03d10h30m:15,40,27,40
03d08h08m-03d11h47m:15,03,22,03,22,08,37,08,37,12
03d09h03m-03d09h18m:50,10,55,10,55,25
03d09h04m-03d12h17m:10,20,40,20,40,35
03d11h58m-03d12h39m:15,40,27,40
03d12h20m-03d15h28m:08,03,08,23,20,23
03d12h41m-03d14h03m:57,30,57,45
03d14h19m-03d14h40m:25,25,30,25,30,30,35,30
03d15h23m-03d18h24m:25,25,30,25,30,30,35,30
03d15h53m-03d17h07m:08,03,08,23,20,23
03d16h04m-03d20h01m:15,03,22,03,22,08,37,08,37,12
03d16h09m-03d19h33m:17,15,25,15
03d18h28m-03d21h06m:60,10,60,25
03d18h34m-03d19h16m:15,40,27,40
03d20h36m-03d22h08m:10,20,40,20,40,35
03d21h07m-04d01h02m:25,25,30,25,30,30,35,30
03d22h32m-04d01h55m:42,08,42,15,47,15,47,27,55,27
03d22h47m-04d01h21m:05,20,05,35
03d23h33m-04d00h27m:05,20,05,35
03d23h49m-04d03h38m:10,20,40,20,40,35
04d00h01m-04d00h53m:15,25,15,30,20,30,20,35,30,35,30,40
04d02h04m-04d04h32m:60,10,60,25
04d02h43m-04d04h04m:10,20,40,20,40,35
04d04h16m-04d04h35m:60,10,60,25
04d05h21m-04d08h53m:10,20,40,20,40,35
04d05h39m-04d07h07m:15,10,30,10,30,18
04d06h11m-04d09h48m:15,03,22,03,22,08,37,08,37,12
04d06h25m-04d07h38m:50,10,55,10,55,25
04d07h33m-04d10h53m:50,10,55,10,55,25
04d07h47m-04d10h52m:15,10,30,10,30,18
04d08h30m-04d10h24m:25,25,30,25,30,30,35,30
04d09h53m-04d10h40m:17,15,25,15
04d10h03m-04d11h46m:15,40,27,40
04d11h08m-04d11h26m:42,08,42,15,47,15,47,27,55,27
04d11h29m-04d12h17m:57,30,57,45
04d11h43m-04d12h04m:15,03,22,03,22,08,37,08,37,12
04d12h36m-04d14h46m:25,45,45,45,45,40
04d13h24m-04d14h09m:67,37,67,22
04d13h42m-04d14h12m:15,10,30,10,30,18
04d13h59m-04d17h09m:57,30,57,45
04d14h58m-04d15h34m:60,10,60,25
04d15h47m-04d16h13m:15,25,15,30,20,30,20,35,30,35,30,40
04d16h27m-04d19h41m:15,03,22,03,22,08,37,08,37,12
04d18h07m-04d18h53m:17,15,25,15
04d18h26m-04d21h02m:57,30,57,45
04d20h12m-04d22h24m:57,30,57,45
04d21h06m-04d22h13m:15,25,15,30,20,30,20,35,30,35,30,40
04d22h05m-05d00h56m:10,20,40,20,40,35
04d22h41m-05d02h18m:25,45,45,45,45,40
04d23h02m-04d23h37m:50,10,55,10,55,25
05d01h08m-05d04h06m:10,20,40,20,40,35
05d02h58m-05d06h24m:50,10,55,10,55,25
05d03h19m-05d05h48m:15,40,27,40
05d06h38m-05d07h57m:57,30,57,45
05d07h44m-05d11h23m:25,25,30,25,30,30,35,30
05d09h37m-05d12h39m:25,45,45,45,45,40
05d10h12m-05d13h59m:17,15,25,15
05d14h04m-05d15h16m:05,20,05,35
05d16h17m-05d19h52m:67,37,67,22
05d17h51m-05d19h05m:10,20,40,20,40,35
05d19h12m-05d19h50m:15,25,15,30,20,30,20,35,30,35,30,40
05d20h17m-05d20h47m:42,08,42,15,47,15,47,27,55,27
05d20h27m-05d23h50m:25,25,30,25,30,30,35,30
05d21h35m-06d00h32m:57,30,57,45
05d23h00m-06d01h04m:67,37,67,22
05d23h22m-06d00h11m:10,20,40,20,40,35
06d00h13m-06d03h10m:25,25,30,25,30,30,35,30
06d03h17m-06d04h03m:60,10,60,25
06d04h41m-06d06h18m:25,25,30,25,30,30,35,30
06d06h16m-06d10h13m:60,10,60,25
06d06h37m-06d08h24m:67,37,67,22
06d07h28m-06d11h12m:60,10,60,25
06d07h50m-06d08h11m:50,10,55,10,55,25
06d09h44m-06d11h10m:57,30,57,45
06d10h10m-06d10h44m:25,25,30,25,30,30,35,30
06d10h18m-06d14h18m:25,45,45,45,45,40
06d12h23m-06d13h37m:67,37,67,22
06d12h52m-06d13h17m:15,40,27,40
06d13h53m-06d17h37m:60,10,60,25
06d14h34m-06d17h59m:60,10,60,25
06d15h07m-06d16h43m:50,10,55,10,55,25
06d18h15m-06d20h04m:42,08,42,15,47,15,47,27,55,27
06d20h29m-06d22h56m:15,40,27,40
06d21h29m-07d01h09m:17,15,25,15
06d21h54m-07d01h44m:08,03,08,23,20,23
06d22h50m-07d01h10m:60,10,60,25
06d22h52m-07d00h03m:08,03,08,23,20,23
07d00h45m-07d02h01m:15,03,22,03,22,08,37,08,37,12
07d01h37m-07d02h45m:25,45,45,45,45,40
07d02h01m-07d03h39m:08,03,08,23,20,23
07d05h28m-07d09h01m:57,30,57,45
07d06h52m-07d10h51m:25,25,30,25,30,30,35,30
07d09h48m-07d12h34m:15,40,27,40
07d09h51m-07d13h27m:15,25,15,30,20,30,20,35,30,35,30,40
07d10h03m-07d12h25m:17,15,25,15
07d10h36m-07d13h44m:10,20,40,20,40,35
07d11h48m-07d15h29m:08,03,08,23,20,23
07d15h59m-07d17h19m:25,45,45,45,45,40
07d16h29m-07d18h22m:15,40,27,40
07d16h31m-07d16h52m:05,20,05,35
07d17h15m-07d21h09m:15,40,27,40
07d18h43m-07d20h16m:15,10,30,10,30,18
07d19h48m-07d22h39m:05,20,05,35
07d20h35m-07d22h49m:25,25,30,25,30,30,35,30
07d22h25m-08d02h12m:50,10,55,10,55,25
07d23h36m-08d01h30m:50,10,55,10,55,25
08d00h05m-08d03h11m:67,37,67,22
08d00h40m-08d03h16m:15,25,15,30,20,30,20,35,30,35,30,40
08d00h54m-08d04h20m:60,10,60,25
08d01h16m-08d03h34m:67,37,67,22
08d02h13m-08d05h41m:10,20,40,20,40,35
08d03h57m-08d06h17m:57,30,57,45
08d04h23m-08d05h22m:15,40,27,40
08d05h30m-08d08h09m:08,03,08,23,20,23
08d05h33m-08d09h02m:15,10,30,10,30,18
08d05h42m-08d09h15m:15,25,15,30,20,30,20,35,30,35,30,40
08d06h37m-08d09h26m:42,08,42,15,47,15,47,27,55,27
08d13h18m-08d15h04m:15,25,15,30,20,30,20,35,30,35,30,40
08d13h48m-08d16h15m:15,40,27,40
08d14h44m-08d16h47m:67,37,67,22
08d17h08m-08d20h51m:10,20,40,20,40,35
08d17h25m-08d18h46m:08,03,08,23,20,23
08d19h25m-08d22h10m:60,10,60,25
08d19h31m-08d21h25m:10,20,40,20,40,35
08d19h47m-08d20h02m:50,10,55,10,55,25
08d21h07m-08d22h16m:15,03,22,03,22,08,37,08,37,12
08d23h23m-09d01h52m:15,03,22,03,22,08,37,08,37,12
09d00h55m-09d04h22m:15,10,30,10,30,18
09d01h10m-09d03h41m:67,37,67,22
09d02h25m-09d05h53m:50,10,55,10,55,25
09d03h20m-09d05h58m:15,40,27,40
09d03h23m-09d03h39m:50,10,55,10,55,25
09d04h42m-09d05h44m:42,08,42,15,47,15,47,27,55,27
09d05h35m-09d07h12m:67,37,67,22
09d05h55m-09d09h15m:25,45,45,45,45,40
09d07h15m-09d08h57m:42,08,42,15,47,15,47,27,55,27
09d07h40m-09d09h26m:15,03,22,03,22,08,37,08,37,12
09d08h32m-09d11h05m:17,15,25,15
09d11h00m-09d14h58m:10,20,40,20,40,35
09d15h18m-09d16h10m:25,25,30,25,30,30,35,30
09d15h29m-09d19h10m:10,20,40,20,40,35
09d16h05m-09d16h48m:15,25,15,30,20,30,20,35,30,35,30,40
09d16h17m-09d17h05m:25,45,45,45,45,40
09d16h46m-09d20h01m:10,20,40,20,40,35
09d18h30m-09d19h33m:67,37,67,22
09d19h24m-09d22h21m:10,20,40,20,40,35
09d19h47m-09d20h25m:15,40,27,40
09d21h59m-10d00h00m:57,30,57,45
09d22h16m-10d00h34m:42,08,42,15,47,15,47,27,55,27
09d22h21m-10d01h09m:08,03,08,23,20,23
10d01h50m-10d03h19m:15,25,15,30,20,30,20,35,30,35,30,40
10d01h56m-10d03h31m:42,08,42,15,47,15,47,27,55,27
10d03h00m-10d05h55m:15,03,22,03,22,08,37,08,37,12
10d04h38m-10d06h53m:57,30,57,45
10d05h43m-10d09h01m:25,25,30,25,30,30,35,30
10d06h54m-10d10h33m:15,03,22,03,22,08,37,08,37,12
10d07h43m-10d10h17m:42,08,42,15,47,15,47,27,55,27
10d08h19m-10d10h55m:67,37,67,22
10d09h15m-10d11h45m:57,30,57,45
10d10h01m-10d11h52m:15,03,22,03,22,08,37,08,37,12
10d10h01m-10d13h16m:60,10,60,25
10d10h18m-10d11h20m:15,25,15,30,20,30,20,35,30,35,30,40
10d10h19m-10d14h06m:60,10,60,25
10d10h34m-10d12h05m:10,20,40,20,40,35
10d10h42m-10d12h39m:15,10,30,10,30,18
10d11h22m-10d12h05m:25,45,45,45,45,40
10d12h35m-10d13h53m:10,20,40,20,40,35
10d13h04m-10d15h01m:05,20,05,35
10d13h28m-10d13h58m:42,08,42,15,47,15,47,27,55,27
10d13h37m-10d17h17m:15,10,30,10,30,18
10d13h48m-10d17h03m:15,25,15,30,20,30,20,35,30,35,30,40
10d14h57m-10d17h09m:15,25,15,30,20,30,20,35,30,35,30,40
10d16h18m-10d16h48m:08,03,08,23,20,23
10d17h54m-10d18h51m:15,40,27,40
10d18h57m-10d19h34m:67,37,67,22
10d19h56m-10d22h57m:67,37,67,22
10d21h41m-10d22h55m:25,45,45,45,45,40
10d23h08m-10d23h59m:15,40,27,40
10d23h38m-11d02h33m:25,25,30,25,30,30,35,30
10d23h58m-11d01h10m:57,30,57,45
11d02h37m-11d05h57m:25,45,45,45,45,40
11d04h39m-11d08h34m:15,25,15,30,20,30,20,35,30,35,30,40
11d05h32m-11d06h57m:15,10,30,10,30,18
11d05h53m-11d07h55m:50,10,55,10,55,25
11d07h01m-11d09h18m:67,37,67,22
11d09h20m-11d11h59m:05,20,05,35
11d10h23m-11d11h07m:15,03,22,03,22,08,37,08,37,12
11d11h24m-11d14h24m:57,30,57,45
11d11h26m-11d15h22m:50,10,55,10,55,25
11d11h42m-11d12h17m:42,08,42,15,47,15,47,27,55,27
11d12h41m-11d14h52m:08,03,08,23,20,23
11d13h07m-11d15h40m:67,37,67,22
11d13h29m-11d16h11m:05,20,05,35
11d15h37m-11d18h03m:60,10,60,25
11d16h29m-11d17h45m:15,03,22,03,22,08,37,08,37,12
11d18h19m-11d18h40m:10,20,40,20,40,35
11d20h39m-11d23h35m:15,40,27,40
11d20h43m-11d21h02m:42,08,42,15,47,15,47,27,55,27
11d20h47m-11d22h24m:50,10,55,10,55,25
11d21h19m-11d23h56m:60,10,60,25
11d21h41m-12d01h39m:50,10,55,10,55,25
11d22h17m-11d23h36m:10,20,40,20,40,35
11d22h37m-12d02h36m:50,10,55,10,55,25
12d00h07m-12d03h11m:08,03,08,23,20,23
12d00h27m-12d04h03m:25,25,30,25,30,30,35,30
12d01h43m-12d03h16m:42,08,42,15,47,15,47,27,55,27
12d01h59m-12d02h47m:15,03,22,03,22,08,37,08,37,12
12d03h14m-12d03h55m:08,03,08,23,20,23
12d03h25m-12d06h17m:50,10,55,10,55,25
12d03h56m-12d05h43m:25,25,30,25,30,30,35,30
12d04h22m-12d07h43m:60,10,60,25
12d04h34m-12d05h59m:10,20,40,20,40,35
12d06h22m-12d09h07m:05,20,05,35
12d06h24m-12d09h29m:08,03,08,23,20,23
12d08h00m-12d11h04m:15,10,30,10,30,18
12d09h29m-12d12h58m:67,37,67,22
12d09h53m-12d10h41m:10,20,40,20,40,35
12d10h41m-12d12h29m:25,25,30,25,30,30,35,30
12d11h26m-12d12h51m:10,20,40,20,40,35
12d11h38m-12d14h30m:17,15,25,15
12d13h08m-12d13h37m:10,20,40,20,40,35
12d13h17m-12d16h58m:50,10,55,10,55,25
12d13h39m-12d15h16m:15,10,30,10,30,18
12d14h44m-12d15h05m:15,40,27,40
12d15h26m-12d18h59m:15,10,30,10,30,18
12d15h32m-12d18h57m:50,10,55,10,55,25
12d16h36m-12d20h30m:15,25,15,30,20,30,20,35,30,35,30,40
12d17h00m-12d19h07m:15,10,30,10,30,18
12d18h12m-12d20h21m:60,10,60,25
12d19h27m-12d23h02m:50,10,55,10,55,25
12d21h34m-12d22h47m:15,25,15,30,20,30,20,35,30,35,30,40
12d22h57m-13d02h11m:15,40,27,40
13d00h50m-13d03h44m:17,15,25,15
13d03h45m-13d04h38m:10,20,40,20,40,35
13d05h48m-13d08h52m:15,10,30,10,30,18
13d07h23m-13d09h18m:60,10,60,25
13d09h32m-13d11h03m:15,03,22,03,22,08,37,08,37,12
13d09h36m-13d13h15m:17,15,25,15
13d14h59m-13d16h55m:67,37,67,22
13d22h47m-14d01h49m:15,25,15,30,20,30,20,35,30,35,30,40
13d22h51m-14d01h49m:05,20,05,35
13d23h47m-14d01h02m:50,10,55,10,55,25
14d02h23m-14d03h15m:60,10,60,25
14d03h04m-14d06h47m:50,10,55,10,55,25
14d03h48m-14d04h22m:67,37,67,22
14d04h21m-14d07h10m:08,03,08,23,20,23
14d05h40m-14d06h04m:57,30,57,45
14d08h17m-14d10h11m:42,08,42,15,47,15,47,27,55,27
14d08h28m-14d10h01m:05,20,05,35
14d11h49m-14d14h27m:25,45,45,45,45,40
14d11h49m-14d14h51m:60,10,60,25
14d13h01m-14d16h07m:25,45,45,45,45,40
14d14h29m-14d16h36m:10,20,40,20,40,35
14d14h32m-14d15h45m:15,10,30,10,30,18
14d15h00m-14d17h17m:50,10,55,10,55,25
14d16h07m-14d17h34m:60,10,60,25
14d16h40m-14d18h59m:25,25,30,25,30,30,35,30
14d17h13m-14d18h40m:10,20,40,20,40,35
14d17h26m-14d17h59m:67,37,67,22
14d19h10m-14d21h03m:08,03,08,23,20,23
14d20h02m-14d21h50m:10,20,40,20,40,35
14d23h54m-15d00h11m:15,40,27,40
15d03h54m-15d07h32m:25,45,45,45,45,40
15d05h50m-15d07h59m:17,15,25,15
15d07h06m-15d08h32m:15,10,30,10,30,18
15d07h12m-15d10h04m:05,20,05,35
15d07h14m-15d10h06m:57,30,57,45
15d13h24m-15d16h49m:57,30,57,45
15d13h39m-15d16h47m:25,45,45,45,45,40
15d17h10m-15d17h28m:42,08,42,15,47,15,47,27,55,27
15d19h10m-15d21h46m:57,30,57,45
15d22h05m-16d00h03m:17,15,25,15
15d22h07m-15d23h08m:42,08,42,15,47,15,47,27,55,27
16d00h01m-16d01h20m:15,03,22,03,22,08,37,08,37,12
16d00h22m-16d02h26m:08,03,08,23,20,23
16d00h49m-16d01h21m:15,10,30,10,30,18
16d01h40m-16d05h40m:42,08,42,15,47,15,47,27,55,27
16d01h56m-16d02h42m:67,37,67,22
16d02h01m-16d03h49m:25,45,45,45,45,40
16d02h11m-16d04h34m:25,25,30,25,30,30,35,30
16d02h36m-16d04h16m:25,45,45,45,45,40
16d03h12m-16d03h58m:15,25,15,30,20,30,20,35,30,35,30,40
16d03h26m-16d05h23m:25,45,45,45,45,40
16d03h33m-16d05h23m:25,25,30,25,30,30,35,30
16d04h04m-16d05h04m:67,37,67,22
16d04h51m-16d05h15m:25,45,45,45,45,40
16d04h54m-16d08h04m:42,08,42,15,47,15,47,27,55,27
16d09h19m-16d11h53m:08,03,08,23,20,23
16d09h49m-16d11h58m:08,03,08,23,20,23
16d11h19m-16d13h11m:67,37,67,22
16d12h15m-16d15h34m:67,37,67,22
16d14h45m-16d16h22m:15,25,15,30,20,30,20,35,30,35,30,40
16d19h21m-16d19h59m:08,03,08,23,20,23
16d20h24m-16d20h57m:15,03,22,03,22,08,37,08,37,12
16d22h24m-17d00h08m:15,40,27,40
16d23h00m-17d01h36m:67,37,67,22
16d23h25m-16d23h45m:08,03,08,23,20,23
16d23h46m-17d01h15m:50,10,55,10,55,25
17d00h37m-17d02h29m:10,20,40,20,40,35
17d01h12m-17d01h51m:08,03,08,23,20,23
17d01h14m-17d02h04m:25,45,45,45,45,40
17d05h50m-17d06h40m:42,08,42,15,47,15,47,27,55,27
17d06h10m-17d08h41m:25,45,45,45,45,40
17d06h36m-17d08h17m:17,15,25,15
17d08h35m-17d09h12m:05,20,05,35
17d08h37m-17d12h31m:15,10,30,10,30,18
17d08h56m-17d12h16m:05,20,05,35
17d10h41m-17d11h10m:42,08,42,15,47,15,47,27,55,27
17d11h36m-17d13h33m:08,03,08,23,20,23
17d12h15m-17d14h29m:15,03,22,03,22,08,37,08,37,12
17d14h38m-17d15h33m:15,40,27,40
17d14h45m-17d17h00m:42,08,42,15,47,15,47,27,55,27
17d15h04m-17d17h30m:15,40,27,40
17d15h12m-17d16h55m:17,15,25,15
17d17h38m-17d21h23m:25,25,30,25,30,30,35,30
17d17h45m-17d21h41m:25,25,30,25,30,30,35,30
17d18h44m-17d21h03m:60,10,60,25
17d19h51m-17d20h07m:08,03,08,23,20,23
17d21h07m-18d00h42m:15,25,15,30,20,30,20,35,30,35,30,40
17d21h18m-17d23h55m:08,03,08,23,20,23
17d21h38m-17d23h10m:05,20,05,35
17d22h04m-18d01h55m:05,20,05,35
17d23h22m-18d01h09m:25,45,45,45,45,40
18d00h19m-18d03h17m:17,15,25,15
18d01h15m-18d02h44m:17,15,25,15
18d02h08m-18d05h16m:15,40,27,40
18d05h31m-18d08h01m:50,10,55,10,55,25
18d07h00m-18d09h33m:15,03,22,03,22,08,37,08,37,12
18d08h36m-18d08h54m:57,30,57,45
18d08h42m-18d10h51m:05,20,05,35
18d08h58m-18d09h25m:05,20,05,35
18d09h18m-18d10h25m:25,45,45,45,45,40
18d10h03m-18d12h58m:50,10,55,10,55,25
18d10h10m-18d12h33m:60,10,60,25
18d12h14m-18d13h54m:25,25,30,25,30,30,35,30
18d13h12m-18d14h18m:15,10,30,10,30,18
18d13h13m-18d15h53m:25,45,45,45,45,40
18d13h34m-18d14h39m:25,45,45,45,45,40
18d14h29m-18d17h21m:42,08,42,15,47,15,47,27,55,27
18d16h50m-18d17h18m:25,25,30,25,30,30,35,30
18d18h25m-18d19h32m:15,25,15,30,20,30,20,35,30,35,30,40
18d18h46m-18d20h10m:60,10,60,25
18d19h49m-18d21h32m:25,45,45,45,45,40
18d20h49m-18d23h39m:60,10,60,25
18d22h13m-18d23h34m:10,20,40,20,40,35
19d00h50m-19d01h25m:57,30,57,45
19d03h27m-19d07h25m:57,30,57,45
19d04h53m-19d08h02m:10,20,40,20,40,35
19d09h01m-19d11h48m:15,03,22,03,22,08,37,08,37,12
19d10h05m-19d11h16m:15,03,22,03,22,08,37,08,37,12
19d12h17m-19d13h57m:10,20,40,20,40,35
19d12h35m-19d13h58m:42,08,42,15,47,15,47,27,55,27
19d16h13m-19d18h14m:15,10,30,10,30,18
19d17h08m-19d19h25m:08,03,08,23,20,23
19d19h59m-19d22h27m:15,40,27,40
19d20h29m-19d23h33m:08,03,08,23,20,23
19d22h27m-19d23h57m:15,40,27,40
19d22h47m-20d01h46m:67,37,67,22
19d23h09m-20d00h43m:50,10,55,10,55,25
19d23h27m-20d03h13m:57,30,57,45
19d23h44m-20d02h25m:10,20,40,20,40,35
20d00h59m-20d03h41m:15,03,22,03,22,08,37,08,37,12
20d02h31m-20d05h03m:57,30,57,45
20d03h33m-20d04h00m:57,30,57,45
20d06h36m-20d07h15m:10,20,40,20,40,35
20d07h52m-20d09h48m:17,15,25,15
20d08h45m-20d12h41m:08,03,08,23,20,23
20d10h17m-20d13h43m:10,20,40,20,40,35
20d12h53m-20d13h49m:15,25,15,30,20,30,20,35,30,35,30,40
20d13h10m-20d14h34m:15,10,30,10,30,18
20d14h21m-20d15h04m:08,03,08,23,20,23
20d14h53m-20d15h14m:15,03,22,03,22,08,37,08,37,12
20d14h53m-20d18h32m:25,45,45,45,45,40
20d15h42m-20d17h27m:15,25,15,30,20,30,20,35,30,35,30,40
20d16h25m-20d17h54m:42,08,42,15,47,15,47,27,55,27
20d19h34m-20d23h04m:17,15,25,15
20d20h01m-20d22h12m:15,25,15,30,20,30,20,35,30,35,30,40
20d23h34m-21d01h13m:67,37,67,22
20d23h54m-21d00h12m:50,10,55,10,55,25
21d01h13m-21d03h57m:15,40,27,40
21d04h17m-21d05h39m:05,20,05,35
21d04h29m-21d05h51m:50,10,55,10,55,25
21d05h12m-21d08h47m:17,15,25,15
21d06h01m-21d07h51m:05,20,05,35
21d06h33m-21d08h12m:15,03,22,03,22,08,37,08,37,12
21d07h16m-21d08h23m:57,30,57,45
21d07h22m-21d10h26m:15,25,15,30,20,30,20,35,30,35,30,40
21d07h51m-21d09h17m:60,10,60,25
21d08h17m-21d09h09m:17,15,25,15
21d08h36m-21d10h15m:05,20,05,35
21d08h59m-21d12h45m:15,40,27,40
21d10h17m-21d12h21m:05,20,05,35
21d10h19m-21d13h31m:08,03,08,23,20,23
21d13h35m-21d16h13m:25,25,30,25,30,30,35,30
21d16h58m-21d19h20m:42,08,42,15,47,15,47,27,55,27
21d18h17m-21d20h06m:60,10,60,25
21d19h15m-21d21h45m:10,20,40,20,40,35
21d19h17m-21d21h24m:60,10,60,25
21d19h42m-21d21h46m:42,08,42,15,47,15,47,27,55,27
21d19h47m-21d23h23m:15,03,22,03,22,08,37,08,37,12
21d20h20m-21d20h57m:05,20,05,35
21d20h30m-21d20h55m:57,30,57,45
21d21h46m-22d01h30m:50,10,55,10,55,25
21d21h56m-21d22h52m:67,37,67,22
21d22h45m-21d23h36m:15,03,22,03,22,08,37,08,37,12
21d22h55m-21d23h18m:67,37,67,22
22d03h10m-22d04h25m:42,08,42,15,47,15,47,27,55,27
22d04h09m-22d05h19m:15,25,15,30,20,30,20,35,30,35,30,40
22d04h27m-22d07h03m:57,30,57,45
22d05h32m-22d08h39m:42,08,42,15,47,15,47,27,55,27
22d06h04m-22d07h33m:15,03,22,03,22,08,37,08,37,12
22d07h29m-22d10h10m:15,25,15,30,20,30,20,35,30,35,30,40
22d08h21m-22d11h50m:10,20,40,20,40,35
22d08h52m-22d11h44m:15,40,27,40
22d12h27m-22d15h26m:67,37,67,22
22d14h03m-22d15h10m:05,20,05,35
22d16h00m-22d18h53m:67,37,67,22
22d18h06m-22d19h26m:50,10,55,10,55,25
22d19h23m-22d21h10m:15,25,15,30,20,30,20,35,30,35,30,40
22d22h02m-22d22h57m:15,25,15,30,20,30,20,35,30,35,30,40
22d22h43m-22d23h53m:57,30,57,45
22d23h03m-23d01h01m:15,03,22,03,22,08,37,08,37,12
22d23h44m-23d02h20m:05,20,05,35
22d23h47m-23d00h29m:08,03,08,23,20,23
22d23h59m-23d03h44m:17,15,25,15
23d01h32m-23d05h17m:05,20,05,35
23d02h03m-23d04h47m:15,25,15,30,20,30,20,35,30,35,30,40
23d02h09m-23d04h24m:15,10,30,10,30,18
23d02h31m-23d04h28m:50,10,55,10,55,25
23d04h41m-23d08h31m:25,45,45,45,45,40
23d10h46m-23d12h14m:08,03,08,23,20,23
23d11h46m-23d15h21m:50,10,55,10,55,25
23d12h49m-23d15h23m:50,10,55,10,55,25
23d14h49m-23d16h06m:60,10,60,25
23d15h03m-23d17h07m:25,25,30,25,30,30,35,30
23d20h17m-23d20h52m:15,03,22,03,22,08,37,08,37,12
23d21h14m-23d23h28m:08,03,08,23,20,23
23d22h12m-24d00h00m:08,03,08,23,20,23
24d00h01m-24d01h01m:15,03,22,03,22,08,37,08,37,12
24d06h17m-24d07h16m:67,37,67,22
24d10h27m-24d12h36m:15,03,22,03,22,08,37,08,37,12
24d12h32m-24d12h52m:10,20,40,20,40,35
24d14h12m-24d16h55m:05,20,05,35
24d14h43m-24d15h34m:15,40,27,40
24d15h50m-24d17h03m:08,03,08,23,20,23
24d18h12m-24d18h32m:57,30,57,45
24d18h25m-24d21h06m:15,10,30,10,30,18
24d21h06m-24d23h47m:57,30,57,45
24d21h45m-24d23h22m:50,10,55,10,55,25
24d22h29m-25d01h26m:57,30,57,45
24d23h32m-25d02h00m:67,37,67,22
25d00h03m-25d03h06m:15,25,15,30,20,30,20,35,30,35,30,40
25d00h31m-25d04h04m:10,20,40,20,40,35
25d00h59m-25d04h01m:15,25,15,30,20,30,20,35,30,35,30,40
25d01h45m-25d04h35m:67,37,67,22
25d02h17m-25d05h47m:60,10,60,25
25d03h11m-25d06h36m:42,08,42,15,47,15,47,27,55,27
25d03h53m-25d07h53m:42,08,42,15,47,15,47,27,55,27
25d06h04m-25d08h27m:05,20,05,35
25d06h49m-25d10h27m:25,45,45,45,45,40
25d07h43m-25d10h46m:10,20,40,20,40,35
25d07h59m-25d09h03m:17,15,25,15
25d09h56m-25d12h33m:05,20,05,35
25d10h12m-25d11h08m:50,10,55,10,55,25
25d10h55m-25d13h58m:15,25,15,30,20,30,20,35,30,35,30,40
25d11h28m-25d15h26m:42,08,42,15,47,15,47,27,55,27
25d12h59m-25d14h31m:60,10,60,25
25d13h57m-25d16h43m:05,20,05,35
25d14h12m-25d15h47m:17,15,25,15
25d15h21m-25d18h45m:25,45,45,45,45,40
25d15h45m-25d16h52m:05,20,05,35
25d16h25m-25d16h45m:42,08,42,15,47,15,47,27,55,27
25d16h58m-25d19h44m:67,37,67,22
25d17h21m-25d17h36m:15,03,22,03,22,08,37,08,37,12
25d19h20m-25d19h40m:08,03,08,23,20,23
25d23h36m-26d00h08m:08,03,08,23,20,23
26d02h58m-26d06h55m:42,08,42,15,47,15,47,27,55,27
26d04h45m-26d08h24m:08,03,08,23,20,23
26d05h00m-26d07h05m:15,03,22,03,22,08,37,08,37,12
26d07h06m-26d10h40m:05,20,05,35
26d07h41m-26d10h40m:42,08,42,15,47,15,47,27,55,27
26d08h59m-26d10h11m:25,45,45,45,45,40
26d09h02m-26d12h37m:50,10,55,10,55,25
26d10h08m-26d11h30m:15,10,30,10,30,18
26d10h53m-26d14h40m:25,45,45,45,45,40
26d10h55m-26d14h37m:60,10,60,25
26d14h31m-26d15h21m:42,08,42,15,47,15,47,27,55,27
26d15h12m-26d17h56m:15,40,27,40
26d15h41m-26d19h03m:15,10,30,10,30,18
26d17h18m-26d20h40m:42,08,42,15,47,15,47,27,55,27
26d18h09m-26d19h50m:50,10,55,10,55,25
26d18h37m-26d21h19m:60,10,60,25
26d19h02m-26d20h45m:15,40,27,40
26d19h27m-26d22h08m:25,25,30,25,30,30,35,30
26d20h58m-26d21h50m:15,03,22,03,22,08,37,08,37,12
26d23h08m-27d02h30m:17,15,25,15
27d00h48m-27d04h46m:17,15,25,15
27d03h20m-27d05h20m:57,30,57,45
27d04h03m-27d07h56m:42,08,42,15,47,15,47,27,55,27
27d04h48m-27d05h08m:50,10,55,10,55,25
27d05h10m-27d05h55m:15,03,22,03,22,08,37,08,37,12
27d06h45m-27d08h13m:15,40,27,40
27d08h58m-27d12h45m:50,10,55,10,55,25
27d09h12m-27d10h33m:15,03,22,03,22,08,37,08,37,12
27d09h20m-27d11h19m:15,03,22,03,22,08,37,08,37,12
27d10h38m-27d13h19m:25,45,45,45,45,40
27d11h04m-27d12h03m:05,20,05,35
27d11h14m-27d14h01m:15,10,30,10,30,18
27d12h39m-27d15h30m:05,20,05,35
27d14h20m-27d14h53m:50,10,55,10,55,25
27d15h04m-27d15h50m:50,10,55,10,55,25
27d16h06m-27d18h37m:15,10,30,10,30,18
27d16h48m-27d17h32m:25,45,45,45,45,40
27d17h06m-27d17h34m:10,20,40,20,40,35
27d18h43m-27d20h18m:25,25,30,25,30,30,35,30
27d21h29m-27d22h04m:67,37,67,22
28d00h04m-28d00h59m:25,25,30,25,30,30,35,30
28d02h22m-28d04h46m:15,40,27,40
28d02h40m-28d04h05m:15,03,22,03,22,08,37,08,37,12
28d04h39m-28d07h36m:25,25,30,25,30,30,35,30
28d04h50m-28d08h18m:25,45,45,45,45,40
28d06h08m-28d06h30m:42,08,42,15,47,15,47,27,55,27
28d06h23m-28d09h15m:10,20,40,20,40,35
28d07h07m-28d07h52m:25,45,45,45,45,40
28d07h19m-28d09h59m:17,15,25,15
28d07h36m-28d11h11m:42,08,42,15,47,15,47,27,55,27
28d07h52m-28d08h44m:15,03,22,03,22,08,37,08,37,12
28d07h58m-28d09h49m:15,40,27,40
28d08h27m-28d12h15m:42,08,42,15,47,15,47,27,55,27
28d09h00m-28d12h35m:50,10,55,10,55,25
28d09h55m-28d10h50m:67,37,67,22
28d10h05m-28d11h53m:67,37,67,22
28d12h22m-28d14h38m:08,03,08,23,20,23
28d16h27m-28d18h08m:67,37,67,22
28d16h58m-28d19h28m:17,15,25,15
28d17h55m-28d19h59m:05,20,05,35
28d18h47m-28d20h50m:10,20,40,20,40,35
28d19h01m-28d21h24m:08,03,08,23,20,23
28d19h29m-28d22h09m:05,20,05,35
28d19h30m-28d22h03m:05,20,05,35
28d20h56m-28d22h57m:17,15,25,15
28d22h41m-28d23h45m:60,10,60,25
29d00h19m-29d01h31m:05,20,05,35
29d02h26m-29d02h52m:57,30,57,45
29d03h15m-29d03h32m:42,08,42,15,47,15,47,27,55,27
29d12h52m-29d13h36m:25,25,30,25,30,30,35,30
29d12h57m-29d16h20m:10,20,40,20,40,35
29d13h04m-29d14h25m:25,45,45,45,45,40
29d15h08m-29d16h27m:50,10,55,10,55,25
29d15h23m-29d15h53m:08,03,08,23,20,23
29d18h04m-29d21h49m:50,10,55,10,55,25
29d21h16m-30d00h24m:10,20,40,20,40,35
29d23h24m-30d02h06m:67,37,67,22
30d00h53m-30d02h40m:15,25,15,30,20,30,20,35,30,35,30,40
30d00h55m-30d01h14m:08,03,08,23,20,23
30d01h18m-30d02h26m:15,10,30,10,30,18
30d01h44m-30d05h14m:17,15,25,15
30d02h19m-30d03h10m:15,40,27,40
30d02h38m-30d03h22m:15,40,27,40
30d04h34m-30d07h18m:60,10,60,25
30d05h04m-30d08h41m:17,15,25,15
30d06h40m-30d09h26m:15,10,30,10,30,18
30d07h12m-30d10h45m:10,20,40,20,40,35
30d07h22m-30d09h38m:05,20,05,35
30d07h27m-30d10h04m:50,10,55,10,55,25
30d08h16m-30d08h41m:25,25,30,25,30,30,35,30
30d08h28m-30d12h03m:25,45,45,45,45,40
30d11h41m-30d14h53m:42,08,42,15,47,15,47,27,55,27
30d13h49m-30d14h11m:05,20,05,35
30d16h22m-30d18h02m:05,20,05,35
30d17h21m-30d18h13m:10,20,40,20,40,35
30d17h52m-30d21h47m:17,15,25,15
30d18h23m-30d22h11m:17,15,25,15
30d18h35m-30d21h03m:25,25,30,25,30,30,35,30
30d18h40m-30d20h00m:42,08,42,15,47,15,47,27,55,27
30d19h02m-30d19h56m:17,15,25,15
30d19h08m-30d20h39m:25,45,45,45,45,40
30d19h19m-30d22h04m:15,10,30,10,30,18
30d19h28m-30d20h05m:50,10,55,10,55,25
30d21h49m-30d23h59m:15,40,27,40
30d23h58m-30d23h59m:15,40,27,40
